-1 -1 1419  33.40750  50.28417 0 11352 0
-1 -1 603 -51.99778 -17.50528 11352 4824 1
-1 -1 450 -13.45417  -5.83583 16176 3600 2
-1 -1 486  25.19306  38.47222 19776 3888 3
-1 -1 164  49.07833  51.05278 23664 1312 4
-1 -1 274  43.62472  46.87083 24976 2192 5
-1 -1 429  -4.67083  10.92167 27168 3432 8
-1 -1 278  21.14083  26.63194 30600 2224 9
-1 -1 643   3.40667  17.99278 32824 5144 10
-1 -1 202  29.18889  33.37806 37968 1616 11
-1 -1 121  21.14278  23.37778 39584 968 14
-1 -1 263  -4.22417   1.43778 40552 2104 15
-1 -1 126  47.58500  53.60750 42656 1008 16
-1 -1 343   4.68167  13.89056 43664 2744 18
-1 -1 655  19.50028  33.17250 46408 5240 19
-1 -1 361  49.17056  52.14361 51648 2888 20
-1 -1 310 -17.13556  -9.39611 54536 2480 21
-1 -1 285 -20.16861  -9.69222 57016 2280 23
-1 -1 294  29.38833  37.02556 59296 2352 24
-1 -1 188  45.21194  48.26389 61648 1504 26
-1 -1 243 -11.13472  -4.11250 63152 1944 27
-1 -1 185  10.34500  20.45528 65096 1480 28
-1 -1 197  26.41972  33.40528 66576 1576 29
-1 -1 153  14.54833  17.82000 68152 1224 30
-1 -1 119  43.78861  47.54056 69376 952 31
-1 -1 202  21.95472  29.46750 70328 1616 32
-1 -1 368  25.84361  32.71833 71944 2944 33
-1 -1 182  -3.92333   2.32694 74888 1456 34
-1 -1 187  29.85333  39.78056 76344 1496 38
-1 -1 467  20.76500  35.08583 77840 3736 39
-1 -1 165   1.18556   5.48556 81576 1320 40
-1 -1 260   7.98528  19.49972 82896 2080 41
-1 -1 199  48.41194  54.47667 84976 1592 42
-1 -1 93  13.92056  18.42167 86568 744 43
-1 -1 106  37.18833  42.15417 87312 848 44
-1 -1 103  47.27470  50.32310 88160 824 45
-1 -1 148  22.04861  28.54917 88984 1184 46
-1 -1 70  13.00000  15.01472 90168 560 47
-1 -1 160   3.47889   5.38139 90728 1280 48
-1 -1 182  -5.01417   2.42389 92008 1456 49
-1 -1 144   0.85389   4.38611 93464 1152 50
-1 -1 160  26.34778  28.32472 94616 1280 51
-1 -1 190  49.99056  53.55417 95896 1520 53
-1 -1 77  19.60611  22.39750 97416 616 54
-1 -1 225  24.17111  31.59639 98032 1800 55
-1 -1 600  48.05389  49.37667 99832 4800 56
-1 -1 133  46.86917  48.57639 104632 1064 57
-1 -1 100  40.73528  41.75000 105696 800 60
-1 -1 143   1.65417   7.52944 106496 1144 66
-1 -1 241  41.67556  46.12250 107640 1928 67
-1 -1 110   9.41333  13.50417 109568 880 68
-1 -1 65  11.63556  14.44833 110448 520 69
-1 -1 177   6.08278  11.85306 110968 1416 70
-1 -1 99  45.93222  47.80694 112384 792 71
-1 -1 109  35.81750  37.32167 113176 872 78
-1 -1 112  40.09306  43.00556 114048 896 85
-1 -1 134  42.29556  48.26750 114944 1072 86
-1 -1 59  39.66444  42.64222 116016 472 88
-1 -1 74  16.62722  19.69250 116488 592 89
-1 -1 121 -18.34806 -10.95111 117080 968 90
-1 -1 360  58.88861  69.05750 118048 2880 91
-1 -1 97 -32.45000 -27.11944 120928 776 93
-1 -1 34  29.48556  31.32250 121704 272 94
-1 -1 390  54.70778  69.64556 121976 3120 95
-1 -1 149  35.60528  38.28500 125096 1192 96
-1 -1 118  -4.99556  -0.10778 126288 944 97
-1 -1 257  65.51333  70.06889 127232 2056 100
-1 -1 22  48.61700  49.51800 129288 176 103
-1 -1 108   1.83556   4.03500 129464 864 105
-1 -1 83  -4.46111  -2.29806 130328 664 109
-1 -1 105 -27.43417 -22.06722 130992 840 110
-1 -1 162 -24.34861 -21.78750 131832 1296 112
-1 -1 139  47.65611  50.20306 133128 1112 113
-1 -1 111   0.64972   4.27722 134240 888 114
-1 -1 113  41.16140  42.79780 135128 904 118
-1 -1 169 -18.07611 -14.01250 136032 1352 119
-1 -1 55  49.44861  51.09111 137384 440 120
-1 -1 170 -18.03694 -16.96889 137824 1360 121
-1 -1 41  17.46028  20.15528 139184 328 122
-1 -1 39  10.42222  11.77694 139512 312 124
-1 -1 125  32.30306  35.50028 139824 1000 125
-1 -1 184  43.01611  48.31222 140824 1472 126
-1 -1 103 -33.74583 -30.10944 142296 824 131
-1 -1 75  45.59806  47.09472 143120 600 132
-1 -1 61  39.63278  41.58306 143720 488 134
-1 -1 186  62.91444  69.05056 144208 1488 136
-1 -1 86  14.72472  16.69306 145696 688 142
-1 -1 144  15.35722  21.81528 146384 1152 150
-1 -1 138  21.99833  22.23222 147536 1104 156
-1 -1 26  14.70528  16.62861 148640 208 163
-1 -1 108  12.30139  13.70806 148848 864 169
-1 -1 57  41.34139  44.22639 149712 456 170
-1 -1 106  49.09220  51.00250 150168 848 171
-1 -1 78 -26.89583 -25.27639 151016 624 173
-1 -1 58  50.86583  53.92858 151640 464 177
-1 -1 89  55.67530  56.45060 152104 712 180
-1 -1 89  55.67530  56.45060 152816 712 181
-1 -1 64   3.56028   5.20583 153528 512 183
-1 -1 106  51.99920  54.18250 154040 848 184
-1 -1 124  30.23389  36.94361 154888 992 185
-1 -1 83  38.39222  39.71972 155880 664 189
-1 -1 56   8.37833  12.00806 156544 448 190
-1 -1 154 -17.62556 -10.87139 156992 1232 191
-1 -1 208 -26.89667 -17.99889 158224 1664 192
-1 -1 109  -8.47917  -4.44944 159888 872 194
-1 -1 40  20.15778  21.77000 160760 320 195
-1 -1 36  48.14417  49.01889 161080 288 197
-1 -1 61   4.35361   7.56000 161368 488 198
-1 -1 110  -9.10149  -2.60542 161856 880 202
-1 -1 68   6.58833  10.27333 162736 544 203
-1 -1 43  29.55111  31.83278 163280 344 205
-1 -1 60 -27.29500 -24.24861 163624 480 209
-1 -1 84 -20.51000 -17.47833 164104 672 212
-1 -1 57  54.03694  55.07056 164776 456 217
-1 -1 23   8.02917   9.61222 165232 184 218
-1 -1 47  50.75667  51.50083 165416 376 219
-1 -1 91   7.45778   9.99000 165792 728 221
-1 -1 32  11.86944  13.79611 166520 256 222
-1 -1 72   7.89361  12.39361 166776 576 223
-1 -1 86  13.06111  13.82639 167352 688 225
-1 -1 26   7.22889   8.67500 168040 208 226
-1 -1 144 -22.23917 -19.29694 168248 1152 234
-1 -1 21  17.53028  18.21417 169400 168 235
-1 -1 53 -28.96083 -28.02861 169568 424 236
-1 -1 123  14.72611  15.70472 169992 984 237
-1 -1 31  53.88860  54.97720 170976 248 239
-1 -1 31  53.88860  54.97720 171224 248 240
-1 -1 82  37.36560  40.03110 171472 656 246
-1 -1 82  37.36560  40.03110 172128 656 247
-1 -1 86   3.49111   4.61944 172784 688 250
-1 -1 68  49.81690  51.76920 173472 544 251
-1 -1 51   8.27528   9.99750 174016 408 254
-1 -1 55 -24.63194 -22.19222 174424 440 255
-1 -1 65  38.87810  41.29860 174864 520 256
-1 -1 52  41.00420  42.30470 175384 416 257
-1 -1 55   5.17528   7.84667 175800 440 258
-1 -1 43   5.63111   6.71111 176240 344 267
-1 -1 54  40.14580  41.08280 176584 432 268
-1 -1 47  49.90330  50.95940 177016 376 273
-1 -1 47   1.11250   4.22278 177392 376 274
-1 -1 270  15.49833  27.29028 177768 2160 276
-1 -1 63   2.32944   5.76500 179928 504 277
-1 -1 172  13.71722  23.00111 180432 1376 282
-1 -1 50   2.22167   3.71306 181808 400 291
-1 -1 23  10.70833  11.21361 182208 184 293
-1 -1 22  31.83278  32.68995 182392 176 297
-1 -1 39  36.97056  37.38472 182568 312 298
-1 -1 49  42.25330  43.26860 182880 392 299
-1 -1 83  42.19640  42.99640 183272 664 302
-1 -1 51  39.50750  40.24500 183936 408 304
-1 -1 27  13.81861  14.43139 184344 216 307
-1 -1 48 -30.65889 -28.61333 184560 384 309
-1 -1 34   7.19389   8.50167 184944 272 310
-1 -1 55  22.69972  24.97944 185216 440 314
-1 -1 51  50.52830  51.12000 185656 408 316
-1 -1 53  40.59780  42.25280 186064 424 317
-1 -1 45   9.99222  12.82972 186488 360 320
-1 -1 57   2.79222   6.19306 186848 456 322
-1 -1 74   0.97556   2.34500 187304 592 323
-1 -1 43  27.72861  29.32722 187896 344 324
-1 -1 118  27.80500  30.42444 188240 944 325
-1 -1 30  46.55110  48.01000 189184 240 327
-1 -1 40  51.84390  52.37970 189424 320 328
-1 -1 130 -27.31611 -22.41806 189744 1040 336
-1 -1 64   1.17333   2.14389 190784 512 337
-1 -1 57  57.52440  58.08440 191296 456 341
-1 -1 22   7.36694   8.56833 191752 176 348
-1 -1 41  55.59670  56.14940 191928 328 349
-1 -1 41  55.59670  56.14940 192256 328 350
-1 -1 44  41.89670  42.89920 192584 352 353
-1 -1 44  41.89670  42.89920 192936 352 354
-1 -1 44  41.89670  42.89920 193288 352 355
-1 -1 89   6.28083  10.99583 193640 712 360
-1 -1 61  50.47830  51.26470 194352 488 369
-1 -1 82  28.53889  29.46049 194840 656 370
-1 -1 38 -21.34500 -18.40472 195496 304 373
-1 -1 65  11.89528  15.00194 195800 520 375
-1 -1 48 -17.34611 -15.63361 196320 384 376
-1 -1 53  46.34560  48.24860 196704 424 378
-1 -1 41  39.19190  39.62030 197128 328 379
-1 -1 71  41.28670  42.33720 197456 568 380
-1 -1 21  14.30472  14.70694 198024 168 383
-1 -1 22  51.37500  51.66110 198192 176 393
-1 -1 26  42.71000  43.39722 198368 208 395
-1 -1 31 -27.17167 -25.49444 198576 248 398
-1 -1 44  37.18580  39.29420 198824 352 403
-1 -1 27  49.55310  50.07310 199176 216 408
-1 -1 48  42.89920  43.58000 199392 384 409
-1 -1 48  42.89920  43.58000 199776 384 410
-1 -1 32  -9.40611  -8.19306 200160 256 413
-1 -1 41  41.05000  41.89580 200416 328 414
-1 -1 77  60.54750  62.91250 200744 616 416
-1 -1 34  56.15110  57.53640 201360 272 421
-1 -1 40 -27.58833 -27.29222 201632 320 423
-1 -1 32   8.78083  11.00417 201952 256 425
-1 -1 42 -18.48528 -17.78917 202208 336 429
-1 -1 17  41.71250  42.10056 202544 136 431
-1 -1 35  40.21190  41.05030 202680 280 438
-1 -1 8  14.27444  15.07361 202960 64 439
-1 -1 39 -22.06556 -20.50750 203024 312 443
-1 -1 69  69.02944  70.08833 203336 552 454
-1 -1 26  17.81889  18.48778 203888 208 456
-1 -1 44  50.73610  51.66920 204096 352 460
-1 -1 36  41.19610  41.89720 204448 288 463
-1 -1 42  10.93694  11.67861 204736 336 469
-1 -1 95  33.37528  37.06194 205072 760 470
-1 -1 59 -22.41583 -21.31111 205832 472 473
-1 -1 106  29.45944  32.23611 206304 848 474
-1 -1 21  10.95806  12.15528 207152 168 478
-1 -1 17  18.04222  19.70583 207320 136 480
-1 -1 49  53.43610  54.38780 207456 392 484
-1 -1 46  10.93194  12.70889 207848 368 485
-1 -1 29  39.29360  40.14920 208216 232 487
-1 -1 21  54.46080  55.60310 208448 168 493
-1 -1 35 -11.41611 -10.47944 208616 280 494
-1 -1 52  45.59333  47.36444 208896 416 496
-1 -1 20  10.15111  10.66472 209312 160 497
-1 -1 26 -29.64167 -28.56944 209472 208 506
-1 -1 38  51.53110  51.95970 209680 304 511
-1 -1 29   1.22194   2.84000 209984 232 512
-1 -1 31   6.92639   8.48806 210216 248 522
-1 -1 19  10.03194  10.48306 210464 152 527
-1 -1 22  -4.47806  -3.36944 210616 176 528
-1 -1 20   4.01889   4.89583 210792 160 532
-1 -1 24  42.60222  42.87611 210952 192 533
-1 -1 11  49.54500  50.16861 211144 88 538
-1 -1 42  54.64500  55.36720 211232 336 539
-1 -1 33  51.59780  51.92080 211568 264 541
-1 -1 14  52.10810  53.12110 211832 112 543
-1 -1 21  38.84190  39.77890 211944 168 546
-1 -1 21 -22.29833 -22.08250 212112 168 547
-1 -1 27  51.45470  51.78110 212280 216 549
-1 -1 18  42.33972  42.50694 212496 144 550
-1 -1 58   5.59000   8.78000 212640 464 551
-1 -1 23  47.83140  48.36750 213104 184 559
-1 -1 69  13.27639  15.09000 213288 552 560
-1 -1 53  48.24860  50.37690 213840 424 563
-1 -1 14  53.09560  53.43890 214264 112 571
-1 -1 45  49.50778  49.98944 214376 360 573
-1 -1 28 -34.17361 -32.45389 214736 224 578
-1 -1 6  13.74611  14.22722 214960 48 580
-1 -1 18  47.10940  47.86830 215008 144 583
-1 -1 23  54.97720  55.67470 215152 184 590
-1 -1 23  54.97720  55.67470 215336 184 591
-1 -1 13  48.58810  49.18390 215520 104 594
-1 -1 16  11.89583  12.25194 215624 128 597
-1 -1 27  40.03080  41.30250 215752 216 602
-1 -1 21  -5.77972  -4.63361 215968 168 606
-1 -1 31  46.11972  47.47139 216136 248 611
-1 -1 54  53.34580  54.47560 216384 432 612
-1 -1 39 -54.88583 -52.64361 216816 312 614
-1 -1 26  23.64833  24.33278 217128 208 616
-1 -1 31  22.14389  22.60944 217336 248 619
-1 -1 60 -52.37806 -51.99556 217584 480 623
-1 -1 13  48.07140  48.46500 218064 104 625
-1 -1 32  29.10444  30.08444 218168 256 627
-1 -1 13  13.92972  14.70806 218424 104 630
-1 -1 21  15.07361  15.72444 218528 168 638
-1 -1 19  50.95940  51.25940 218696 152 640
-1 -1 89  20.84639  23.52167 218848 712 641
-1 -1 8  -2.39806  -1.06139 219560 64 649
-1 -1 22  51.25280  51.49890 219624 176 650
-1 -1 14  11.89389  12.40778 219800 112 654
-1 -1 45  10.91167  11.16667 219912 360 656
-1 -1 25   6.36472   7.89556 220272 200 658
-1 -1 23  50.52860  51.50670 220472 184 660
-1 -1 97  21.82528  25.00028 220656 776 662
-1 -1 26   0.61889   1.71361 221432 208 666
-1 -1 10  21.43278  22.05028 221640 80 668
-1 -1 9  13.70889  14.76417 221720 72 669
-1 -1 10  21.43472  21.68528 221792 80 671
-1 -1 20  53.43860  53.82000 221872 160 673
-1 -1 24   4.60111   5.02361 222032 192 674
-1 -1 85  42.42420  43.73780 222224 680 675
-1 -1 85  42.42420  43.73780 222904 680 676
-1 -1 24  41.11080  41.29780 223584 192 678
-1 -1 24  41.11080  41.29780 223776 192 679
-1 -1 62 -28.42556 -24.76611 223968 496 684
-1 -1 63  41.32610  45.00310 224464 504 688
-1 -1 11  51.25310  51.94440 224968 88 690
-1 -1 25  55.02750  55.28720 225056 200 691
-1 -1 17  48.25860  48.46500 225256 136 693
-1 -1 7  -2.73861  -1.69278 225392 56 694
-1 -1 7  10.25694  10.72139 225448 56 698
-1 -1 11  54.31890  54.71360 225504 88 699
-1 -1 11  54.31890  54.71360 225592 88 700
-1 -1 21   4.31417   4.90250 225680 168 702
-1 -1 22   9.52806  10.35194 225848 176 704
-1 -1 11  11.67917  12.39583 226024 88 705
-1 -1 18  31.59917  32.30417 226112 144 706
-1 -1 6  42.44472  42.66556 226256 48 711
-1 -1 28  42.80640  43.26860 226304 224 719
-1 -1 13 -18.41139 -17.35750 226528 104 720
-1 -1 9  54.36500  55.07190 226632 72 724
-1 -1 22  58.00970  59.15970 226704 176 725
-1 -1 15  54.19310  55.30190 226880 120 726
-1 -1 12   7.54583   7.98667 227000 96 729
-1 -1 17  51.94440  52.10810 227096 136 741
-1 -1 56  21.72333  23.12611 227232 448 744
-1 -1 15   0.23472   1.11389 227680 120 745
-1 -1 14  51.36890  51.84330 227800 112 750
-1 -1 65  14.97861  15.43306 227912 520 751
-1 -1 55  11.69389  13.89194 228432 440 752
-1 -1 9  57.53580  58.00970 228872 72 753
-1 -1 12  54.00220  54.46030 228944 96 755
-1 -1 50 -18.01611 -17.47944 229040 400 756
-1 -1 5  39.89330  40.16310 229440 40 758
-1 -1 18  -1.00111   0.23667 229480 144 774
-1 -1 14  12.00806  12.50333 229624 112 778
-1 -1 65  19.14667  20.85222 229736 520 783
-1 -1 3  22.09167  22.20389 230256 24 786
-1 -1 62  45.00250  45.57110 230280 496 788
-1 -1 19   7.84528   8.53528 230776 152 791
-1 -1 189  18.99930  24.74889 230928 1512 793
-1 -1 9  10.19056  10.43361 232440 72 795
-1 -1 28  55.13890  55.44470 232512 224 798
-1 -1 10  55.67500  55.83470 232736 80 801
-1 -1 10  55.67500  55.83470 232816 80 802
-1 -1 10   5.10028   5.58861 232896 80 804
-1 -1 10  55.79190  56.14940 232976 80 806
-1 -1 10  55.79190  56.14940 233056 80 807
-1 -1 21  51.62000  52.00080 233136 168 809
-1 -1 16  38.22500  38.31806 233304 128 812
-1 -1 15  -6.05250  -5.85611 233432 120 813
-1 -1 30  53.43610  54.11110 233552 240 822
-1 -1 14   2.42722   3.07417 233792 112 824
-1 -1 8  21.44917  21.66722 233904 64 828
-1 -1 9  36.02972  36.20500 233968 72 839
-1 -1 77  27.66667  27.66694 234040 616 840
-1 -1 5   1.27833   1.46361 234656 40 847
-1 -1 30  43.48610  44.60530 234696 240 848
-1 -1 10  10.27333  10.60472 234936 80 853
-1 -1 39  41.14360  42.42390 235016 312 855
-1 -1 39  51.66920  53.34530 235328 312 856
-1 -1 9  45.15000  45.59472 235640 72 858
-1 -1 9  13.40528  13.81806 235712 72 862
-1 -1 9   6.10056   6.59250 235784 72 863
-1 -1 10  25.63611  26.08361 235856 80 867
-1 -1 10  25.63611  26.08361 235936 80 868
-1 -1 10  31.21722  31.59667 236016 80 871
-1 -1 4  48.00970  48.15360 236096 32 872
-1 -1 14 -23.23972 -22.63861 236128 112 873
-1 -1 14  51.46440  51.50670 236240 112 874
-1 -1 16  41.14330  41.19440 236352 128 875
-1 -1 28  54.76583  55.08639 236480 224 877
-1 -1 3  37.05972  37.31972 236704 24 895
-1 -1 14  54.19780  54.39250 236728 112 898
-1 -1 13 -30.31778 -29.64306 236840 104 903
-1 -1 3  48.36750  48.58810 236944 24 906
-1 -1 3  -1.69278  -1.38444 236968 24 909
-1 -1 3  37.64861  37.83944 236992 24 911
-1 -1 15 -25.62444 -24.73972 237016 120 912
-1 -1 9  42.55417  43.01333 237136 72 913
-1 -1 3  36.46917  36.54361 237208 24 917
-1 -1 4  39.76610  39.88830 237232 32 919
-1 -1 11  51.42810  51.62000 237264 88 920
-1 -1 4  49.18390  49.60060 237352 32 922
-1 -1 3  38.30639  38.62111 237384 24 925
-1 -1 10  40.42970  40.72470 237408 80 928
-1 -1 80  -1.67222   2.82083 237488 640 929
-1 -1 3  12.15389  12.29333 238128 24 930
-1 -1 7  42.95278  43.18222 238152 56 932
-1 -1 9  12.82778  13.08472 238208 72 933
-1 -1 4  12.25000  12.50417 238280 32 935
-1 -1 7  45.13720  45.43190 238312 56 936
-1 -1 8  39.87028  39.93056 238368 64 937
-1 -1 2  46.41560  46.55110 238432 16 938
-1 -1 3  36.56306  36.76639 238448 24 942
-1 -1 3  12.29389  12.67583 238472 24 943
-1 -1 4  43.90583  43.98694 238496 32 944
-1 -1 2  37.25167  37.50472 238528 16 945
-1 -1 2  47.06417  47.27417 238544 16 946
-1 -1 2  11.66472  11.87083 238560 16 949
-1 -1 9  54.18250  54.26000 238576 72 954
-1 -1 4 -12.12389 -12.01139 238648 32 955
-1 -1 3  10.60833  10.91806 238680 24 959
-1 -1 27   2.83278   3.99000 238704 216 960
-1 -1 16 -26.83944 -25.95750 238920 128 961
-1 -1 3  38.11222  38.32444 239048 24 962
-1 -1 7  39.38722  39.39861 239072 56 964
-1 -1 9  40.18470  40.22440 239128 72 965
-1 -1 3  36.93000  37.06389 239200 24 968
-1 -1 2  12.98667  13.00000 239224 16 970
-1 -1 3  39.82917  40.09611 239240 24 971
-1 -1 4 -12.07500 -12.00194 239264 32 972
-1 -1 2  39.81389  40.03611 239296 16 974
-1 -1 3  36.62972  36.70306 239312 24 975
-1 -1 2  38.48389  38.70139 239336 16 978
-1 -1 2  53.80330  54.00220 239352 16 979
-1 -1 2  48.01250  48.14361 239368 16 980
-1 -1 2  40.25444  40.40361 239384 16 982
-1 -1 11 -24.74444 -24.63056 239400 88 983
-1 -1 4  39.90750  39.98860 239488 32 987
-1 -1 3  51.05440  51.15610 239520 24 990
-1 -1 3  59.15970  59.35250 239544 24 991
-1 -1 3  42.46111  42.50944 239568 24 992
-1 -1 3  41.04360  41.19440 239592 24 993
-1 -1 3  40.94390  41.00110 239616 24 995
-1 -1 2  38.00056  38.22500 239640 16 996
-1 -1 2  13.79583  13.93361 239656 16 997
-1 -1 10  37.69528  37.83278 239672 80 1000
-1 -1 2  38.88056  39.07556 239752 16 1002
-1 -1 2   5.08611   5.11417 239768 16 1007
-1 -1 2  42.48639  42.66278 239784 16 1008
-1 -1 2 -30.40444 -30.31722 239800 16 1015
-1 -1 3  37.83222  38.00056 239816 24 1016
-1 -1 3  40.60970  40.66500 239840 24 1017
-1 -1 2  51.26670  51.43000 239864 16 1018
-1 -1 2  55.79190  55.82640 239880 16 1019
-1 -1 2  55.79190  55.82640 239896 16 1020
-1 -1 2  51.25940  51.36890 239912 16 1021
-1 -1 2   6.21833   6.28028 239928 16 1022
-1 -1 3  41.03110  41.08440 239944 24 1030
-1 -1 3  41.03110  41.08440 239968 24 1031
-1 -1 2 -22.19194 -22.06306 239992 16 1032
-1 -1 2  59.35250  59.47860 240008 16 1036
-1 -1 3  29.90111  30.03361 240024 24 1038
-1 -1 2  11.09861  11.13917 240048 16 1043
-1 -1 2  10.96417  11.09694 240064 16 1047
-1 -1 2  51.08470  51.12000 240080 16 1051
-1 -1 3  41.29250  41.41056 240096 24 1052
-1 -1 2  43.72944  43.75750 240120 16 1057
-1 -1 2  24.55583  24.62028 240136 16 1058
-1 -1 2  41.00420  41.00560 240152 16 1059
-1 -1 2  35.27361  35.32917 240168 16 1065
-1 -1 2  47.69306  47.69306 240184 16 1068
-1 -1 2  40.14170  40.14920 240200 16 1074
-1 -1 3  37.75861  38.02500 240216 24 1075
-1 -1 2  35.84167  35.91583 240240 16 1077
-1 -1 2  31.80750  31.80806 240256 16 1078
-1 -1 2  37.75861  37.99667 240272 16 1079
-1 -1 2  29.54611  29.57611 240288 16 1082
-1 -1 8  60.25528  60.54556 240304 64 1087
-1 -1 2  43.90444  43.92917 240368 16 1090
-1 -1 2  37.65694  37.66444 240384 16 1091
-1 -1 2  10.92833  10.96083 240400 16 1092
-1 -1 2  36.15139  36.15139 240416 16 1093
-1 -1 2  37.99667  38.02500 240432 16 1095
-1 -1 171  42.54611  45.23706 240448 1368 1102
-1 -1 29  41.94231  42.32667 241816 232 1103
-1 -1 26  42.56325  43.53458 242048 208 1104
-1 -1 17  44.85314  45.90742 242256 136 1105
-1 -1 47  45.41314  46.53056 242392 376 1106
-1 -1 221  16.37780  18.99930 242768 1768 1114
-1 -1 40  33.09300  34.69220 244536 320 1115
-1 -1 11  32.68995  33.24558 244856 88 1119
-1 -1 13  31.49763  32.38967 244944 104 1120
-1 -1 114  12.46500  14.89378 245048 912 1121
-1 -1 24  45.45224  46.54487 245960 192 1122
-1 -1 281   8.67912  12.21900 246152 2248 1123
