-1 -1 3616  33.40750  50.28417 0 28928 0
-1 -1 1997 -51.99778 -17.50528 28928 15976 1
-1 -1 1591 -13.45806  -5.83583 44904 12728 2
-1 -1 1440  25.19306  38.47222 57632 11520 3
-1 -1 803  49.07833  51.05278 69152 6424 4
-1 -1 829  43.62250  46.87667 75576 6632 5
-1 -1 1647  -4.67083  10.92167 82208 13176 8
-1 -1 1156  21.14083  26.63194 95384 9248 9
-1 -1 1903   3.40639  17.99278 104632 15224 10
-1 -1 626  29.18889  33.37806 119856 5008 11
-1 -1 633  21.13972  23.37778 124864 5064 14
-1 -1 986  -4.22417   1.43778 129928 7888 15
-1 -1 639  47.58500  53.60750 137816 5112 16
-1 -1 1113   4.68167  13.89056 142928 8904 18
-1 -1 1886  19.50028  33.17250 151832 15088 19
-1 -1 829  49.16250  52.14361 166920 6632 20
-1 -1 1242 -17.13556  -9.37333 173552 9936 21
-1 -1 973 -20.16861  -9.68139 183488 7784 23
-1 -1 912  29.38833  37.02556 191272 7296 24
-1 -1 637  45.21194  48.26389 198568 5096 26
-1 -1 810 -11.14056  -4.11250 203664 6480 27
-1 -1 784  10.34500  20.45528 210144 6272 28
-1 -1 772  26.41972  33.40528 216416 6176 29
-1 -1 579  14.54722  17.82000 222592 4632 30
-1 -1 632  43.78861  47.54056 227224 5056 31
-1 -1 727  21.95361  29.46778 232280 5816 32
-1 -1 1257  25.84028  32.71833 238096 10056 33
-1 -1 849  -3.92611   2.32694 248152 6792 34
-1 -1 797  29.85333  39.78056 254944 6376 38
-1 -1 1299  20.76500  35.08583 261320 10392 39
-1 -1 717   1.18556   5.48556 271712 5736 40
-1 -1 932   7.95833  19.49972 277448 7456 41
-1 -1 565  48.41194  54.47667 284904 4520 42
-1 -1 363  13.91500  18.43500 289424 2904 43
-1 -1 422  37.18833  42.15417 292328 3376 44
-1 -1 493  47.27470  50.32310 295704 3944 45
-1 -1 601  22.02278  28.54917 299648 4808 46
-1 -1 393  12.97972  15.02500 304456 3144 47
-1 -1 638   3.47889   5.38139 307600 5104 48
-1 -1 471  -5.01417   2.42389 312704 3768 49
-1 -1 537   0.85333   4.38611 316472 4296 50
-1 -1 549  26.34778  28.32472 320768 4392 51
-1 -1 607  49.99056  53.55417 325160 4856 53
-1 -1 382  19.60556  22.39750 330016 3056 54
-1 -1 568  24.17111  31.59639 333072 4544 55
-1 -1 1776  48.04111  49.37667 337616 14208 56
-1 -1 429  46.86917  48.57639 351824 3432 57
-1 -1 461  40.73528  41.75000 355256 3688 60
-1 -1 579   1.65417   7.52944 358944 4632 66
-1 -1 785  41.67556  46.12250 363576 6280 67
-1 -1 585   9.39389  13.50417 369856 4680 68
-1 -1 281  11.63556  14.44833 374536 2248 69
-1 -1 548   6.08278  11.85611 376784 4384 70
-1 -1 418  45.93222  47.80694 381168 3344 71
-1 -1 275  35.81750  37.32167 384512 2200 78
-1 -1 534  40.09306  43.00833 386712 4272 85
-1 -1 473  42.29556  48.26750 390984 3784 86
-1 -1 334  39.64528  42.66139 394768 2672 88
-1 -1 265  16.62722  19.69250 397440 2120 89
-1 -1 462 -18.34806 -10.95111 399560 3696 90
-1 -1 1003  58.88389  69.05750 403256 8024 91
-1 -1 362 -32.45000 -27.11944 411280 2896 93
-1 -1 90  29.48556  31.32250 414176 720 94
-1 -1 1200  54.70778  69.64556 414896 9600 95
-1 -1 421  35.60528  38.28500 424496 3368 96
-1 -1 407  -5.00583  -0.10472 427864 3256 97
-1 -1 566  65.51333  70.08889 431120 4528 100
-1 -1 246  48.61400  49.51800 435648 1968 103
-1 -1 356   1.83556   4.03500 437616 2848 105
-1 -1 397  -4.46111  -2.29806 440464 3176 109
-1 -1 308 -27.44333 -22.06722 443640 2464 110
-1 -1 516 -24.34861 -21.78750 446104 4128 112
-1 -1 338  47.65611  50.20306 450232 2704 113
-1 -1 293   0.64972   4.28861 452936 2344 114
-1 -1 316  41.16140  42.79780 455280 2528 118
-1 -1 450 -18.07611 -14.01250 457808 3600 119
-1 -1 315  49.44722  51.09111 461408 2520 120
-1 -1 503 -18.03806 -16.95222 463928 4024 121
-1 -1 203  17.46028  20.15528 467952 1624 122
-1 -1 185  10.41361  11.77694 469576 1480 124
-1 -1 314  32.30306  35.50028 471056 2512 125
-1 -1 556  43.01611  48.31222 473568 4448 126
-1 -1 289 -33.74583 -30.09722 478016 2312 131
-1 -1 257  45.58444  47.09472 480328 2056 132
-1 -1 216  39.63278  41.59472 482384 1728 134
-1 -1 484  62.91444  69.05056 484112 3872 136
-1 -1 305  14.72472  16.69306 487984 2440 142
-1 -1 462  15.35722  21.81528 490424 3696 150
-1 -1 441  21.99417  22.23222 494120 3528 156
-1 -1 198  14.70528  16.62861 497648 1584 163
-1 -1 421  12.30139  13.70806 499232 3368 169
-1 -1 222  41.34139  44.22639 502600 1776 170
-1 -1 248  49.09220  51.00280 504376 1984 171
-1 -1 278 -26.89583 -25.26417 506360 2224 173
-1 -1 194  50.86583  53.92858 508584 1552 177
-1 -1 186  55.67530  56.45060 510136 1488 180
-1 -1 186  55.67530  56.45060 511624 1488 181
-1 -1 201   3.56028   5.20583 513112 1608 183
-1 -1 363  51.99920  54.18780 514720 2904 184
-1 -1 358  30.23389  36.94361 517624 2864 185
-1 -1 238  38.39083  39.71972 520488 1904 189
-1 -1 302   8.37833  12.00806 522392 2416 190
-1 -1 453 -17.62556 -10.87139 524808 3624 191
-1 -1 623 -26.89667 -17.99889 528432 4984 192
-1 -1 201  -8.47917  -4.44944 533416 1608 194
-1 -1 139  20.14472  21.77139 535024 1112 195
-1 -1 234  48.14222  49.01889 536136 1872 197
-1 -1 391   4.35361   7.56000 538008 3128 198
-1 -1 365  -9.10149  -2.60542 541136 2920 202
-1 -1 297   6.58833  10.27333 544056 2376 203
-1 -1 112  29.55111  31.83306 546432 896 205
-1 -1 237 -27.29500 -24.24861 547328 1896 209
-1 -1 197 -20.51000 -17.47278 549224 1576 212
-1 -1 238  54.03694  55.07056 550800 1904 217
-1 -1 154   8.02917   9.61222 552704 1232 218
-1 -1 203  50.75389  51.50333 553936 1624 219
-1 -1 290   7.45778   9.99889 555560 2320 221
-1 -1 144  11.86944  13.79611 557880 1152 222
-1 -1 253   7.89361  12.39361 559032 2024 223
-1 -1 266  13.06111  13.82639 561056 2128 225
-1 -1 108   7.22889   8.67500 563184 864 226
-1 -1 475 -22.23917 -19.29694 564048 3800 234
-1 -1 129  17.53028  18.21500 567848 1032 235
-1 -1 232 -28.96250 -28.02861 568880 1856 236
-1 -1 404  14.72611  15.70472 570736 3232 237
-1 -1 160  53.88860  54.97720 573968 1280 239
-1 -1 160  53.88860  54.97720 575248 1280 240
-1 -1 205  37.36560  40.03110 576528 1640 246
-1 -1 205  37.36560  40.03110 578168 1640 247
-1 -1 288   3.49111   4.61944 579808 2304 250
-1 -1 221  49.81690  51.76920 582112 1768 251
-1 -1 293   8.27528   9.99750 583880 2344 254
-1 -1 224 -24.63194 -22.18222 586224 1792 255
-1 -1 219  38.87810  41.29860 588016 1752 256
-1 -1 198  41.00420  42.30530 589768 1584 257
-1 -1 270   5.17528   7.84667 591352 2160 258
-1 -1 211   5.63111   6.71111 593512 1688 267
-1 -1 209  40.14580  41.08280 595200 1672 268
-1 -1 141  49.90140  50.95940 596872 1128 273
-1 -1 186   1.09250   4.22278 598000 1488 274
-1 -1 809  15.49833  27.29028 599488 6472 276
-1 -1 176   2.32944   5.76500 605960 1408 277
-1 -1 518  13.71722  23.00111 607368 4144 282
-1 -1 192   2.22167   3.71306 611512 1536 291
-1 -1 124  10.70833  11.21361 613048 992 293
-1 -1 133  31.82028  32.68995 614040 1064 297
-1 -1 128  36.97056  37.38472 615104 1024 298
-1 -1 171  42.25330  43.26860 616128 1368 299
-1 -1 156  42.19640  42.99640 617496 1248 302
-1 -1 178  39.50750  40.24500 618744 1424 304
-1 -1 102  13.81861  14.43139 620168 816 307
-1 -1 169 -30.65889 -28.61333 620984 1352 309
-1 -1 229   7.19389   8.50667 622336 1832 310
-1 -1 150  22.69972  24.98361 624168 1200 314
-1 -1 161  50.52830  51.12000 625368 1288 316
-1 -1 173  40.59110  42.25280 626656 1384 317
-1 -1 194   9.99222  12.82972 628040 1552 320
-1 -1 162   2.79222   6.19306 629592 1296 322
-1 -1 233   0.97556   2.34500 630888 1864 323
-1 -1 169  27.72861  29.32722 632752 1352 324
-1 -1 508  27.80500  30.42500 634104 4064 325
-1 -1 111  46.55110  48.01000 638168 888 327
-1 -1 126  51.84390  52.37970 639056 1008 328
-1 -1 398 -27.31611 -22.41806 640064 3184 336
-1 -1 192   1.17333   2.14389 643248 1536 337
-1 -1 119  57.52220  58.08440 644784 952 341
-1 -1 192   7.36222   8.56944 645736 1536 348
-1 -1 124  55.59360  56.14940 647272 992 349
-1 -1 124  55.59360  56.14940 648264 992 350
-1 -1 141  41.89670  42.89920 649256 1128 353
-1 -1 141  41.89670  42.89920 650384 1128 354
-1 -1 141  41.89670  42.89920 651512 1128 355
-1 -1 261   6.28083  10.99583 652640 2088 360
-1 -1 171  50.47830  51.26470 654728 1368 369
-1 -1 230  28.53889  29.46049 656096 1840 370
-1 -1 161 -21.34500 -18.40472 657936 1288 373
-1 -1 269  11.89528  15.00194 659224 2152 375
-1 -1 172 -17.34611 -15.63361 661376 1376 376
-1 -1 185  46.34560  48.24860 662752 1480 378
-1 -1 136  39.19190  39.62030 664232 1088 379
-1 -1 147  41.26220  42.35060 665320 1176 380
-1 -1 95  14.30472  14.70694 666496 760 383
-1 -1 89  51.37440  51.66110 667256 712 393
-1 -1 102  42.71000  43.39722 667968 816 395
-1 -1 157 -27.17167 -25.49389 668784 1256 398
-1 -1 101  37.18580  39.29420 670040 808 403
-1 -1 80  49.54940  50.07390 670848 640 408
-1 -1 108  42.89920  43.58470 671488 864 409
-1 -1 108  42.89920  43.58470 672352 864 410
-1 -1 116  -9.40611  -8.19306 673216 928 413
-1 -1 142  41.04610  41.89580 674144 1136 414
-1 -1 152  60.54750  62.91250 675280 1216 416
-1 -1 83  56.15110  57.53640 676496 664 421
-1 -1 104 -27.58833 -27.26556 677160 832 423
-1 -1 139   8.78056  11.00417 677992 1112 425
-1 -1 160 -18.48528 -17.78139 679104 1280 429
-1 -1 119  41.71250  42.10889 680384 952 431
-1 -1 98  40.18970  41.05030 681336 784 438
-1 -1 67  14.27444  15.07361 682120 536 439
-1 -1 118 -22.08139 -20.50750 682656 944 443
-1 -1 193  69.02917  70.08833 683600 1544 454
-1 -1 108  17.81889  18.49028 685144 864 456
-1 -1 156  50.73610  51.66920 686008 1248 460
-1 -1 93  41.19610  41.89720 687256 744 463
-1 -1 197  10.93694  11.67861 688000 1576 469
-1 -1 290  33.37528  37.06194 689576 2320 470
-1 -1 177 -22.41583 -21.31111 691896 1416 473
-1 -1 311  29.45944  32.23611 693312 2488 474
-1 -1 84  10.95806  12.15528 695800 672 478
-1 -1 109  18.04222  19.70583 696472 872 480
-1 -1 212  53.43610  54.38780 697344 1696 484
-1 -1 178  10.93194  12.70889 699040 1424 485
-1 -1 116  39.29360  40.14920 700464 928 487
-1 -1 73  54.46080  55.60310 701392 584 493
-1 -1 72 -11.41611 -10.47944 701976 576 494
-1 -1 124  45.59333  47.36583 702552 992 496
-1 -1 118  10.14194  10.66472 703544 944 497
-1 -1 127 -29.64167 -28.56944 704488 1016 506
-1 -1 73  51.51890  51.95970 705504 584 511
-1 -1 92   1.22194   2.84000 706088 736 512
-1 -1 119   6.92361   8.48806 706824 952 522
-1 -1 65  10.03194  10.48306 707776 520 527
-1 -1 90  -4.47806  -3.36944 708296 720 528
-1 -1 94   4.01750   4.89583 709016 752 532
-1 -1 74  42.60222  42.87611 709768 592 533
-1 -1 69  49.54500  50.18222 710360 552 538
-1 -1 128  54.64500  55.36720 710912 1024 539
-1 -1 68  51.59690  51.93920 711936 544 541
-1 -1 63  52.10810  53.12110 712480 504 543
-1 -1 69  38.84190  39.77890 712984 552 546
-1 -1 148 -22.29833 -22.08083 713536 1184 547
-1 -1 89  51.45470  51.78190 714720 712 549
-1 -1 71  42.33972  42.50694 715432 568 550
-1 -1 179   5.59000   8.78000 716000 1432 551
-1 -1 59  47.81830  48.36750 717432 472 559
-1 -1 244  13.27639  15.09000 717904 1952 560
-1 -1 146  48.24860  50.37690 719856 1168 563
-1 -1 64  53.08720  53.43890 721024 512 571
-1 -1 90  49.50778  49.98944 721536 720 573
-1 -1 64 -34.17361 -32.45389 722256 512 578
-1 -1 49  13.74611  14.22722 722768 392 580
-1 -1 49  47.10940  47.86830 723160 392 583
-1 -1 58  54.97720  55.67470 723552 464 590
-1 -1 58  54.97720  55.67470 724016 464 591
-1 -1 51  48.58810  49.18390 724480 408 594
-1 -1 102  11.89583  12.26333 724888 816 597
-1 -1 51  40.03080  41.30250 725704 408 602
-1 -1 101  -5.77972  -4.63361 726112 808 606
-1 -1 104  46.11972  47.47139 726920 832 611
-1 -1 160  53.34580  54.47830 727752 1280 612
-1 -1 114 -54.88583 -52.64361 729032 912 614
-1 -1 102  23.64833  24.33528 729944 816 616
-1 -1 98  22.14389  22.61056 730760 784 619
-1 -1 183 -52.37806 -51.99556 731544 1464 623
-1 -1 62  48.07140  48.48670 733008 496 625
-1 -1 59  29.10444  30.08444 733504 472 627
-1 -1 53  13.92972  14.70806 733976 424 630
-1 -1 67  15.07361  15.72444 734400 536 638
-1 -1 51  50.95940  51.26360 734936 408 640
-1 -1 265  20.84639  23.52167 735344 2120 641
-1 -1 89  -2.39806  -1.06139 737464 712 649
-1 -1 52  51.25280  51.49890 738176 416 650
-1 -1 83  11.89389  12.40778 738592 664 654
-1 -1 172  10.91167  11.16667 739256 1376 656
-1 -1 74   6.36472   7.89556 740632 592 658
-1 -1 64  50.52860  51.50670 741224 512 660
-1 -1 292  21.82528  25.00028 741736 2336 662
-1 -1 106   0.61889   1.71361 744072 848 666
-1 -1 38  21.43278  22.05028 744920 304 668
-1 -1 83  13.70889  14.76417 745224 664 669
-1 -1 36  21.43472  21.68528 745888 288 671
-1 -1 53  53.43860  53.82000 746176 424 673
-1 -1 98   4.60111   5.02361 746600 784 674
-1 -1 263  42.42420  43.73780 747384 2104 675
-1 -1 263  42.42420  43.73780 749488 2104 676
-1 -1 58  41.11080  41.29780 751592 464 678
-1 -1 58  41.11080  41.29780 752056 464 679
-1 -1 184 -28.42556 -24.76611 752520 1472 684
-1 -1 185  41.32610  45.00310 753992 1480 688
-1 -1 66  51.25310  51.94440 755472 528 690
-1 -1 44  55.02750  55.28860 756000 352 691
-1 -1 50  48.25860  48.46500 756352 400 693
-1 -1 58  -2.73861  -1.69278 756752 464 694
-1 -1 80  10.25694  10.73528 757216 640 698
-1 -1 79  54.31250  54.71360 757856 632 699
-1 -1 79  54.31250  54.71360 758488 632 700
-1 -1 52   4.31139   4.90250 759120 416 702
-1 -1 43   9.50889  10.35194 759536 344 704
-1 -1 94  11.67917  12.39583 759880 752 705
-1 -1 70  31.59917  32.30417 760632 560 706
-1 -1 51  42.44472  42.66583 761192 408 711
-1 -1 48  42.80640  43.26860 761600 384 719
-1 -1 56 -18.41139 -17.35750 761984 448 720
-1 -1 36  54.36500  55.07190 762432 288 724
-1 -1 43  58.00970  59.15970 762720 344 725
-1 -1 60  54.19310  55.31890 763064 480 726
-1 -1 87   7.54583   7.98972 763544 696 729
-1 -1 47  51.94440  52.12000 764240 376 741
-1 -1 171  21.72333  23.12611 764616 1368 744
-1 -1 41   0.23472   1.11389 765984 328 745
-1 -1 35  51.36890  51.84330 766312 280 750
-1 -1 184  14.94222  15.43306 766592 1472 751
-1 -1 164  11.69389  13.89194 768064 1312 752
-1 -1 38  57.53580  58.00970 769376 304 753
-1 -1 24  54.00220  54.46060 769680 192 755
-1 -1 148 -18.01611 -17.47944 769872 1184 756
-1 -1 58  39.88030  40.16310 771056 464 758
-1 -1 68  -1.00111   0.23667 771520 544 774
-1 -1 48  12.00806  12.50333 772064 384 778
-1 -1 190  19.14667  20.85222 772448 1520 783
-1 -1 18  22.09167  22.21417 773968 144 786
-1 -1 185  45.00250  45.57110 774112 1480 788
-1 -1 50   7.84528   8.53528 775592 400 791
-1 -1 593  18.99930  24.74889 775992 4744 793
-1 -1 40  10.19056  10.45833 780736 320 795
-1 -1 100  55.13890  55.44470 781056 800 798
-1 -1 26  55.67500  55.84640 781856 208 801
-1 -1 26  55.67500  55.84640 782064 208 802
-1 -1 61   5.09944   5.58861 782272 488 804
-1 -1 28  55.79190  56.16720 782760 224 806
-1 -1 28  55.79190  56.16720 782984 224 807
-1 -1 65  51.62000  52.00080 783208 520 809
-1 -1 29  38.22500  38.33306 783728 232 812
-1 -1 27  -6.05306  -5.85611 783960 216 813
-1 -1 111  53.43610  54.11530 784176 888 822
-1 -1 19   2.42722   3.07417 785064 152 824
-1 -1 19  21.44917  21.66722 785216 152 828
-1 -1 21  36.02972  36.20500 785368 168 839
-1 -1 227  27.66667  27.66694 785536 1816 840
-1 -1 29   1.27833   1.46361 787352 232 847
-1 -1 88  43.48610  44.60530 787584 704 848
-1 -1 37  10.27333  10.60472 788288 296 853
-1 -1 110  41.14360  42.42390 788584 880 855
-1 -1 102  51.66920  53.34530 789464 816 856
-1 -1 36  45.14750  45.59472 790280 288 858
-1 -1 39  13.40528  13.81806 790568 312 862
-1 -1 32   6.10056   6.59250 790880 256 863
-1 -1 36  25.61472  26.08417 791136 288 867
-1 -1 36  25.61472  26.08417 791424 288 868
-1 -1 21  31.21722  31.59667 791712 168 871
-1 -1 19  48.00970  48.16310 791880 152 872
-1 -1 53 -23.23972 -22.63722 792032 424 873
-1 -1 47  51.44860  51.51470 792456 376 874
-1 -1 24  41.14330  41.19440 792832 192 875
-1 -1 48  54.76583  55.08639 793024 384 877
-1 -1 22  37.05972  37.31972 793408 176 895
-1 -1 31  54.19780  54.39250 793584 248 898
-1 -1 36 -30.31778 -29.64306 793832 288 903
-1 -1 17  48.36750  48.58860 794120 136 906
-1 -1 18  -1.69278  -1.38444 794256 144 909
-1 -1 14  37.64861  37.83944 794400 112 911
-1 -1 31 -25.62444 -24.73972 794512 248 912
-1 -1 21  42.55417  43.01333 794760 168 913
-1 -1 10  36.46917  36.54361 794928 80 917
-1 -1 26  39.76610  39.88860 795008 208 919
-1 -1 23  51.42330  51.62000 795216 184 920
-1 -1 19  49.18390  49.60060 795400 152 922
-1 -1 15  38.30639  38.62111 795552 120 925
-1 -1 23  40.42970  40.72470 795672 184 928
-1 -1 234  -1.67222   2.82083 795856 1872 929
-1 -1 34  12.15389  12.29333 797728 272 930
-1 -1 16  42.95278  43.18222 798000 128 932
-1 -1 28  12.82778  13.08472 798128 224 933
-1 -1 31  12.25000  12.50417 798352 248 935
-1 -1 12  45.13720  45.43190 798600 96 936
-1 -1 7  39.87028  39.94083 798696 56 937
-1 -1 21  46.41560  46.55110 798752 168 938
-1 -1 10  36.56306  36.76639 798920 80 942
-1 -1 19  12.29389  12.67583 799000 152 943
-1 -1 19  43.89556  43.98889 799152 152 944
-1 -1 5  37.25167  37.50472 799304 40 945
-1 -1 20  47.06417  47.27417 799344 160 946
-1 -1 11  11.66472  11.87083 799504 88 949
-1 -1 23  54.16970  54.26000 799592 184 954
-1 -1 19 -12.12389 -11.99444 799776 152 955
-1 -1 14  10.60833  10.91806 799928 112 959
-1 -1 77   2.83278   3.99000 800040 616 960
-1 -1 49 -26.83944 -25.95750 800656 392 961
-1 -1 9  38.11222  38.32444 801048 72 962
-1 -1 9  39.38722  39.42694 801120 72 964
-1 -1 17  40.18470  40.23860 801192 136 965
-1 -1 9  36.92528  37.06389 801328 72 968
-1 -1 13  12.98667  13.00000 801400 104 970
-1 -1 15  39.82917  40.09611 801504 120 971
-1 -1 16 -12.07500 -11.96889 801624 128 972
-1 -1 10  39.81389  40.03611 801752 80 974
-1 -1 9  36.62972  36.70306 801832 72 975
-1 -1 8  38.48389  38.70139 801904 64 978
-1 -1 14  53.80330  54.00220 801968 112 979
-1 -1 18  48.01250  48.14361 802080 144 980
-1 -1 11  40.25444  40.40361 802224 88 982
-1 -1 20 -24.74444 -24.61889 802312 160 983
-1 -1 17  39.90310  39.99720 802472 136 987
-1 -1 21  51.05390  51.15610 802608 168 990
-1 -1 21  59.15970  59.35610 802776 168 991
-1 -1 9  42.45528  42.50944 802944 72 992
-1 -1 14  41.04080  41.19440 803016 112 993
-1 -1 15  40.94060  41.03310 803128 120 995
-1 -1 9  38.00056  38.22500 803248 72 996
-1 -1 9  13.79583  13.93361 803320 72 997
-1 -1 19  37.69528  37.83667 803392 152 1000
-1 -1 7  38.88056  39.07556 803544 56 1002
-1 -1 10   5.08611   5.12417 803600 80 1007
-1 -1 8  42.48639  42.66278 803680 64 1008
-1 -1 13 -30.40444 -30.30944 803744 104 1015
-1 -1 8  37.83222  38.00056 803848 64 1016
-1 -1 13  40.60580  40.66560 803912 104 1017
-1 -1 7  51.26670  51.43000 804016 56 1018
-1 -1 11  55.78890  55.82640 804072 88 1019
-1 -1 11  55.78890  55.82640 804160 88 1020
-1 -1 7  51.25940  51.36890 804248 56 1021
-1 -1 15   6.21833   6.28028 804304 120 1022
-1 -1 14  41.03110  41.08920 804424 112 1030
-1 -1 14  41.03110  41.08920 804536 112 1031
-1 -1 7 -22.19194 -22.06306 804648 56 1032
-1 -1 8  59.35250  59.47860 804704 64 1036
-1 -1 18  29.90111  30.03444 804768 144 1038
-1 -1 9  11.09222  11.13917 804912 72 1043
-1 -1 6  10.96417  11.09694 804984 48 1047
-1 -1 9  51.07440  51.12000 805032 72 1051
-1 -1 22  41.29250  41.41056 805104 176 1052
-1 -1 7  43.72944  43.77306 805280 56 1057
-1 -1 5  24.55583  24.62028 805336 40 1058
-1 -1 9  40.96920  41.00560 805376 72 1059
-1 -1 8  35.26306  35.32917 805448 64 1065
-1 -1 6  47.69306  47.71306 805512 48 1068
-1 -1 5  40.14170  40.15110 805560 40 1074
-1 -1 15  37.75861  38.02500 805600 120 1075
-1 -1 4  35.84167  35.91583 805720 32 1077
-1 -1 7  31.78639  31.80889 805752 56 1078
-1 -1 12  37.75861  37.99667 805808 96 1079
-1 -1 2  29.54611  29.57611 805904 16 1082
-1 -1 24  60.25528  60.54556 805920 192 1087
-1 -1 3  43.90444  43.92917 806112 24 1090
-1 -1 7  37.65694  37.69306 806136 56 1091
-1 -1 4  10.92833  10.96083 806192 32 1092
-1 -1 2  36.15139  36.15139 806224 16 1093
-1 -1 4  37.99667  38.02500 806240 32 1095
-1 -1 495  42.54611  45.23919 806272 3960 1102
-1 -1 72  41.94072  42.36180 810232 576 1103
-1 -1 68  42.56325  43.53458 810808 544 1104
-1 -1 105  44.85314  45.90742 811352 840 1105
-1 -1 153  45.41314  46.53875 812192 1224 1106
-1 -1 681  16.37780  18.99930 813416 5448 1114
-1 -1 141  33.06300  34.69220 818864 1128 1115
-1 -1 34  32.68995  33.25017 819992 272 1119
-1 -1 64  31.49763  32.38967 820264 512 1120
-1 -1 493  12.46500  14.89378 820776 3944 1121
-1 -1 144  45.45224  46.54487 824720 1152 1122
-1 -1 793   8.67912  12.21900 825872 6344 1123
