-1 -1 14  70.00000  70.08890 0 224
-1 -1 4  70.00000  70.08830 224 64
-1 -1 2  70.06720  70.07050 288 32
-1 -1 3  68.00000  68.05120 320 48
-1 -1 7  68.00000  68.09050 368 112
-1 -1 3  68.52990  68.55990 480 48
-1 -1 14  68.05120  68.53920 528 224
-1 -1 7  68.55990  69.05750 752 112
-1 -1 8  68.37630  68.52990 864 128
-1 -1 53  68.52210  69.32610 992 848
-1 -1 23  68.62860  69.07640 1840 368
-1 -1 53  68.00000  68.52210 2208 848
-1 -1 70  68.55810  69.71000 3056 1120
-1 -1 32  69.71000  70.00000 4176 512
-1 -1 3  69.99250  70.00000 4688 48
-1 -1 24  68.00000  69.05060 4736 384
-1 -1 46  69.02920  69.99250 5120 736
-1 -1 33  69.46890  69.79360 5856 528
-1 -1 2  68.00000  69.64560 6384 32
-1 -1 8  66.00000  66.88340 6416 128
-1 -1 5  67.94560  68.00000 6544 80
-1 -1 18  66.88340  68.00000 6624 288
-1 -1 64  66.80980  68.00000 6912 1024
-1 -1 35  66.05460  66.79170 7936 560
-1 -1 3  66.79170  66.80980 8496 48
-1 -1 4  66.00000  66.05460 8544 64
-1 -1 3  67.70500  68.00000 8608 48
-1 -1 37  66.00000  67.67800 8656 592
-1 -1 3  67.67800  67.70500 9248 48
-1 -1 3  66.00000  68.00000 9296 48
-1 -1 9  64.49270  64.87450 9344 144
-1 -1 7  64.00000  64.09300 9488 112
-1 -1 13  64.87450  66.00000 9600 208
-1 -1 9  64.03320  64.49270 9808 144
-1 -1 14  65.51330  66.00000 9952 224
-1 -1 4  65.95690  66.00000 10176 64
-1 -1 41  64.79390  65.68610 10240 656
-1 -1 8  64.53680  64.59080 10896 128
-1 -1 3  64.52370  64.53530 11024 48
-1 -1 12  65.66500  65.95690 11072 192
-1 -1 17  64.59080  64.79550 11264 272
-1 -1 3  64.53530  64.53680 11536 48
-1 -1 26  64.00000  64.52370 11584 416
-1 -1 4  64.00000  66.00000 12000 64
-1 -1 3  63.21000  63.32460 12064 48
-1 -1 11  63.32460  64.00000 12112 176
-1 -1 13  62.00000  63.21000 12288 208
-1 -1 3  63.73420  63.74790 12496 48
-1 -1 10  63.74790  64.00000 12544 160
-1 -1 26  62.91440  63.73420 12704 416
-1 -1 23  62.00000  62.91250 13120 368
-1 -1 3  62.00000  64.00000 13488 48
-1 -1 45  60.00000  62.00000 13536 720
-1 -1 7  60.54750  60.65740 14256 112
-1 -1 11  60.25530  60.54560 14368 176
-1 -1 38  60.65740  61.73690 14544 608
-1 -1 7  61.73690  62.00000 15152 112
-1 -1 6  60.19310  62.00000 15264 96
-1 -1 7  60.00000  60.35220 15360 112
-1 -1 52  58.88390  59.89690 15472 832
-1 -1 9  59.88610  60.00000 16304 144
-1 -1 15  58.00000  58.08440 16448 240
-1 -1 13  58.00000  58.07610 16688 208
-1 -1 3  58.00000  58.00080 16896 48
-1 -1 33  58.00970  59.15970 16944 528
-1 -1 3  58.00000  58.00970 17472 48
-1 -1 12  59.15970  59.30330 17520 192
-1 -1 11  59.30280  59.35610 17712 176
-1 -1 8  59.35250  59.47860 17888 128
-1 -1 7  59.45230  60.00000 18016 112
-1 -1 28  58.90720  59.66430 18128 448
-1 -1 36  58.78010  59.80190 18576 576
-1 -1 12  58.00000  58.78010 19152 192
-1 -1 26  56.07810  56.39640 19344 416
-1 -1 26  56.07810  56.39640 19760 416
-1 -1 51  56.30580  56.42420 20176 816
-1 -1 51  56.30580  56.42420 20992 816
-1 -1 53  56.00000  56.45060 21808 848
-1 -1 53  56.00000  56.45060 22656 848
-1 -1 14  57.85500  58.00000 23504 224
-1 -1 4  57.99250  58.00000 23728 64
-1 -1 6  57.98000  58.00000 23792 96
-1 -1 15  57.86890  58.00000 23888 240
-1 -1 51  57.52220  57.85580 24128 816
-1 -1 47  56.69430  57.53640 24944 752
-1 -1 37  57.53580  58.00000 25696 592
-1 -1 7  56.00000  56.12460 26288 112
-1 -1 7  56.00000  56.12460 26400 112
-1 -1 7  56.00000  56.03280 26512 112
-1 -1 21  56.00000  56.14940 26624 336
-1 -1 7  56.00000  56.03280 26960 112
-1 -1 21  56.00000  56.14940 27072 336
-1 -1 23  56.15110  56.69430 27408 368
-1 -1 6  56.12460  56.16720 27776 96
-1 -1 6  56.12460  56.16720 27872 96
-1 -1 22  56.83810  58.00000 27968 352
-1 -1 30  56.00000  56.83810 28320 480
-1 -1 48  54.78290  55.08640 28800 768
-1 -1 2  54.76580  54.78290 29568 32
-1 -1 6  54.41950  54.47670 29600 96
-1 -1 16  54.32580  54.41950 29696 256
-1 -1 25  55.07780  55.28860 29952 400
-1 -1 46  54.00000  54.40860 30352 736
-1 -1 21  55.02750  55.08800 31088 336
-1 -1 36  54.36500  55.07190 31424 576
-1 -1 4  55.95880  56.00000 32000 64
-1 -1 4  55.95880  56.00000 32064 64
-1 -1 95  54.00000  54.95610 32128 1520
-1 -1 4  54.00000  54.00190 33648 64
-1 -1 95  54.00000  54.95610 33712 1520
-1 -1 4  54.00000  54.00190 35232 64
-1 -1 15  55.67530  55.95880 35296 240
-1 -1 15  55.67530  55.95880 35536 240
-1 -1 3  54.95120  54.97720 35776 48
-1 -1 3  54.95120  54.97720 35824 48
-1 -1 53  54.97720  55.67470 35872 848
-1 -1 53  54.97720  55.67470 36720 848
-1 -1 21  55.67500  55.84640 37568 336
-1 -1 21  55.67500  55.84640 37904 336
-1 -1 9  55.79190  56.00000 38240 144
-1 -1 9  55.79190  56.00000 38384 144
-1 -1 5  55.78890  55.82640 38528 80
-1 -1 5  55.78890  55.82640 38608 80
-1 -1 33  55.68890  56.00000 38688 528
-1 -1 10  55.94220  56.00000 39216 160
-1 -1 33  55.68890  56.00000 39376 528
-1 -1 10  55.94220  56.00000 39904 160
-1 -1 32  55.59360  55.86610 40064 512
-1 -1 32  55.59360  55.86610 40576 512
-1 -1 73  54.46080  55.60310 41088 1168
-1 -1 24  54.00220  54.46060 42256 384
-1 -1 2  54.00000  54.00220 42640 32
-1 -1 8  54.00000  54.06920 42672 128
-1 -1 4  54.00000  54.00190 42800 64
-1 -1 4  54.00000  54.00890 42864 64
-1 -1 10  54.00000  54.04000 42928 160
-1 -1 27  54.00000  54.18780 43088 432
-1 -1 4  54.19780  54.22470 43520 64
-1 -1 6  54.26490  54.31110 43584 96
-1 -1 13  54.16970  54.26000 43680 208
-1 -1 51  54.31250  54.71360 43888 816
-1 -1 51  54.31250  54.71360 44704 816
-1 -1 6  54.22470  54.26490 45520 96
-1 -1 21  54.29810  54.39250 45616 336
-1 -1 27  54.64500  54.98250 45952 432
-1 -1 2  54.61950  54.64310 46384 32
-1 -1 2  54.61950  54.64310 46416 32
-1 -1 44  54.95030  55.36720 46448 704
-1 -1 28  55.20420  55.44470 47152 448
-1 -1 16  54.10330  54.25810 47600 256
-1 -1 49  54.19310  55.31890 47856 784
-1 -1 10  55.13890  55.29720 48640 160
-1 -1 32  54.00000  54.38780 48800 512
-1 -1 18  54.00000  54.14530 49312 288
-1 -1 11  54.00000  54.08690 49600 176
-1 -1 3  54.11030  54.20470 49776 48
-1 -1 6  54.00000  54.11530 49824 96
-1 -1 47  54.00000  54.47830 49920 752
-1 -1 18  54.70780  55.26310 50672 288
-1 -1 23  55.31930  56.00000 50960 368
-1 -1 4  55.26310  55.31930 51328 64
-1 -1 18  54.35580  54.54610 51392 288
-1 -1 74  54.53080  55.07050 51680 1184
-1 -1 145  54.03700  54.41780 52864 2320
-1 -1 95  52.00000  53.60750 55184 1520
-1 -1 78  52.00000  53.27000 56704 1248
-1 -1 98  52.00000  54.00000 57952 1568
-1 -1 19  53.90470  53.95580 59520 304
-1 -1 19  53.90470  53.95580 59824 304
-1 -1 7  53.96860  54.00000 60128 112
-1 -1 21  53.88860  54.00000 60240 336
-1 -1 7  53.96860  54.00000 60576 112
-1 -1 21  53.88860  54.00000 60688 336
-1 -1 11  52.03670  52.11140 61024 176
-1 -1 63  52.10810  53.12110 61200 1008
-1 -1 23  53.09560  53.21830 62208 368
-1 -1 9  53.77750  53.80530 62576 144
-1 -1 29  52.00000  52.12000 62720 464
-1 -1 14  53.80330  54.00000 63184 224
-1 -1 76  52.04390  52.37970 63408 1216
-1 -1 43  53.08720  53.43890 64624 688
-1 -1 41  53.43860  53.82000 65312 656
-1 -1 14  52.00000  52.22160 65968 224
-1 -1 2  52.00000  52.00080 66192 32
-1 -1 60  52.00000  53.02970 66224 960
-1 -1 92  53.14090  54.00000 67184 1472
-1 -1 7  53.95530  54.00000 68656 112
-1 -1 5  53.98810  54.00000 68768 80
-1 -1 4  53.94150  54.00000 68848 64
-1 -1 2  52.00000  52.00080 68912 32
-1 -1 8  52.94740  53.14090 68944 128
-1 -1 3  53.93970  54.00000 69072 48
-1 -1 16  53.87940  54.00000 69120 256
-1 -1 15  53.90890  54.00000 69376 240
-1 -1 11  53.94860  54.00000 69616 176
-1 -1 17  53.43610  54.00000 69792 272
-1 -1 9  53.43610  53.65420 70064 144
-1 -1 24  53.47170  54.00000 70208 384
-1 -1 8  53.34580  54.00000 70592 128
-1 -1 4  53.17540  53.34530 70720 64
-1 -1 12  52.00000  53.17540 70784 192
-1 -1 18  52.00000  52.14360 70976 288
-1 -1 110  52.00000  53.42220 71264 1760
-1 -1 66  53.41220  53.55420 73024 1056
-1 -1 85  52.75970  53.41230 74080 1360
-1 -1 6  52.57080  52.66060 75440 96
-1 -1 16  52.66060  52.78560 75536 256
-1 -1 49  52.00000  52.58970 75792 784
-1 -1 104  50.30550  51.09110 76576 1664
-1 -1 35  51.20530  51.37250 78240 560
-1 -1 4  50.78230  50.80420 78800 64
-1 -1 20  50.97190  51.08200 78864 320
-1 -1 18  51.73440  51.83110 79184 288
-1 -1 29  50.00000  50.16690 79472 464
-1 -1 45  50.00000  50.35610 79936 720
-1 -1 165  50.75390  51.50330 80656 2640
-1 -1 13  50.00000  50.17450 83296 208
-1 -1 103  50.00000  50.78230 83504 1648
-1 -1 23  50.80110  50.97940 85152 368
-1 -1 53  51.08200  51.73440 85520 848
-1 -1 53  51.82810  52.00000 86368 848
-1 -1 2  50.75620  50.75670 87216 32
-1 -1 12  50.12670  50.18220 87248 192
-1 -1 112  50.16810  50.81530 87440 1792
-1 -1 30  50.00000  50.32310 89232 480
-1 -1 180  50.66970  51.05280 89712 2880
-1 -1 4  50.60510  50.61490 92592 64
-1 -1 79  50.86580  52.00000 92656 1264
-1 -1 6  50.61490  50.67420 93920 96
-1 -1 202  50.00000  50.67050 94016 3232
-1 -1 5  50.00000  50.00680 97248 80
-1 -1 16  50.00000  50.05920 97328 256
-1 -1 20  50.00000  50.41350 97584 320
-1 -1 8  50.76550  50.83130 97904 128
-1 -1 88  50.92380  52.00000 98032 1408
-1 -1 22  51.51890  51.65250 99440 352
-1 -1 30  50.41350  50.76690 99792 480
-1 -1 16  50.82780  50.92380 100272 256
-1 -1 31  51.59390  51.95970 100528 496
-1 -1 10  51.91130  51.93920 101024 160
-1 -1 25  51.46560  51.63030 101184 400
-1 -1 45  51.59690  51.91750 101584 720
-1 -1 66  51.37440  51.66110 102304 1056
-1 -1 33  51.37500  51.49890 103360 528
-1 -1 21  51.25280  51.49330 103888 336
-1 -1 66  51.25310  51.94440 104224 1056
-1 -1 10  51.94440  52.00000 105280 160
-1 -1 39  50.34670  50.95940 105440 624
-1 -1 18  51.84390  52.00000 106064 288
-1 -1 51  50.95940  51.26360 106352 816
-1 -1 35  51.36890  51.84330 107168 560
-1 -1 7  51.25940  51.36890 107728 112
-1 -1 65  50.00000  50.43970 107840 1040
-1 -1 11  50.00000  50.07390 108880 176
-1 -1 26  50.19730  50.46080 109056 416
-1 -1 17  50.00000  50.37690 109472 272
-1 -1 61  50.00000  51.23540 109744 976
-1 -1 9  50.00000  50.19730 110720 144
-1 -1 51  51.23540  51.76920 110864 816
-1 -1 57  51.45470  51.76940 111680 912
-1 -1 23  51.46440  51.78190 112592 368
-1 -1 31  51.16780  51.50670 112960 496
-1 -1 47  51.44860  51.51470 113456 752
-1 -1 70  50.52830  51.03720 114208 1120
-1 -1 35  50.52860  51.16780 115328 560
-1 -1 75  50.67210  51.12000 115888 1200
-1 -1 9  51.07440  51.12000 117088 144
-1 -1 80  50.47830  51.15610 117232 1280
-1 -1 15  51.05390  51.15610 118512 240
-1 -1 2  51.08460  51.08470 118752 32
-1 -1 3  51.99920  52.00000 118784 48
-1 -1 35  50.65970  51.26470 118832 560
-1 -1 32  51.62000  52.00000 119392 512
-1 -1 23  51.42330  51.62000 119904 368
-1 -1 7  51.26670  51.43000 120272 112
-1 -1 7  50.80980  51.66920 120384 112
-1 -1 3  51.66920  52.00000 120496 48
-1 -1 11  50.73610  50.79330 120544 176
-1 -1 71  50.73610  51.31440 120720 1136
-1 -1 59  50.69350  51.00280 121856 944
-1 -1 47  50.00000  50.69350 122800 752
-1 -1 52  50.00000  50.71470 123552 832
-1 -1 59  50.57890  50.87470 124384 944
-1 -1 31  50.00000  50.58370 125328 496
-1 -1 8  50.00000  50.02610 125824 128
-1 -1 5  50.00000  50.00700 125952 80
-1 -1 2  50.00000  50.00790 126032 32
-1 -1 5  50.73070  50.82870 126064 80
-1 -1 22  50.86500  51.37490 126144 352
-1 -1 31  50.00790  50.73070 126496 496
-1 -1 6  50.82870  50.86500 126992 96
-1 -1 29  51.37490  52.00000 127088 464
-1 -1 16  51.74210  52.00000 127552 256
-1 -1 48  51.39470  51.74670 127808 768
-1 -1 79  50.13560  51.39470 128576 1264
-1 -1 48  50.14170  50.48330 129840 768
-1 -1 37  50.00000  50.40740 130608 592
-1 -1 9  50.00000  50.16800 131200 144
-1 -1 25  50.00000  50.28420 131344 400
-1 -1 6  50.00000  50.02830 131744 96
-1 -1 117  50.00000  51.50170 131840 1872
-1 -1 34  51.50170  52.00000 133712 544
-1 -1 99  50.20830  52.00000 134256 1584
-1 -1 7  50.00000  50.20310 135840 112
-1 -1 99  49.44860  50.00000 135952 1584
-1 -1 21  49.93860  50.00000 137536 336
-1 -1 48  49.54500  50.00000 137872 768
-1 -1 33  48.00000  48.75670 138640 528
-1 -1 190  49.02320  50.00000 139168 3040
-1 -1 22  49.44720  49.50830 142208 352
-1 -1 21  48.75560  49.02320 142560 336
-1 -1 192  48.00000  50.00000 142896 3072
-1 -1 6  48.71340  48.77330 145968 96
-1 -1 144  48.55640  49.01890 146064 2304
-1 -1 6  49.97700  50.00000 148368 96
-1 -1 8  48.00000  48.02500 148464 128
-1 -1 156  48.61400  49.02900 148592 2496
-1 -1 83  48.14220  48.81280 151088 1328
-1 -1 18  48.01250  48.14360 152416 288
-1 -1 150  49.19170  50.00000 152704 2400
-1 -1 55  48.00000  48.23390 155104 880
-1 -1 92  49.02100  49.51800 155984 1472
-1 -1 120  49.17530  49.45670 157456 1920
-1 -1 91  48.17000  48.57640 159376 1456
-1 -1 22  49.07830  49.29160 160832 352
-1 -1 5  48.00000  48.01250 161184 80
-1 -1 15  48.00000  48.10810 161264 240
-1 -1 4  48.00000  48.00920 161504 64
-1 -1 107  48.41190  50.00000 161568 1712
-1 -1 50  48.00000  48.41860 163280 800
-1 -1 80  48.00000  48.26390 164080 1280
-1 -1 19  48.32050  48.48670 165360 304
-1 -1 45  48.25860  48.46500 165664 720
-1 -1 2  48.00000  48.01000 166384 32
-1 -1 45  48.07140  48.32050 166416 720
-1 -1 19  48.00970  48.16310 167136 304
-1 -1 2  49.94830  50.00000 167440 32
-1 -1 5  49.90140  49.94830 167472 80
-1 -1 11  49.90420  50.00000 167552 176
-1 -1 58  49.54940  50.00000 167728 928
-1 -1 15  48.00000  48.24110 168656 240
-1 -1 12  48.27780  48.36750 168896 192
-1 -1 19  48.58810  48.82440 169088 304
-1 -1 25  48.86000  49.14820 169392 400
-1 -1 17  48.36750  48.58860 169792 272
-1 -1 6  49.60440  49.61670 170064 96
-1 -1 5  48.24110  48.29620 170160 80
-1 -1 10  48.79710  48.89580 170240 160
-1 -1 3  49.14820  49.18390 170400 48
-1 -1 19  49.18390  49.60060 170448 304
-1 -1 17  48.00000  48.24860 170752 272
-1 -1 24  48.24860  50.00000 171024 384
-1 -1 26  49.81690  50.00000 171408 416
-1 -1 15  48.00000  48.43360 171824 240
-1 -1 46  49.48470  50.00000 172064 736
-1 -1 92  48.42530  49.17310 172800 1472
-1 -1 7  48.56300  48.62470 174272 112
-1 -1 5  49.16250  49.18420 174384 80
-1 -1 72  49.09220  49.80250 174464 1152
-1 -1 11  48.62470  48.76320 175616 176
-1 -1 41  48.00000  48.56300 175792 656
-1 -1 15  48.00000  48.04690 176448 240
-1 -1 111  49.18420  49.97850 176688 1776
-1 -1 4  49.97850  50.00000 178464 64
-1 -1 19  49.89330  50.00000 178528 304
-1 -1 7  49.94420  50.00000 178832 112
-1 -1 3  49.96100  50.00000 178944 48
-1 -1 51  49.73080  50.00000 178992 816
-1 -1 15  49.66610  49.94580 179808 240
-1 -1 22  49.94250  50.00000 180048 352
-1 -1 60  49.19000  49.67690 180400 960
-1 -1 42  49.14220  49.41550 181360 672
-1 -1 34  49.41550  50.00000 182032 544
-1 -1 8  48.00000  48.72480 182576 128
-1 -1 20  49.88060  50.00000 182704 320
-1 -1 6  48.00000  48.01920 183024 96
-1 -1 11  48.72480  50.00000 183120 176
-1 -1 3  49.97690  50.00000 183296 48
-1 -1 24  49.50780  49.82940 183344 384
-1 -1 13  48.00000  48.03940 183728 208
-1 -1 2  49.99060  50.00000 183936 32
-1 -1 40  49.58640  49.98940 183968 640
-1 -1 27  49.57720  50.00000 184608 432
-1 -1 100  48.99310  49.61170 185040 1600
-1 -1 69  48.00000  48.99310 186640 1104
-1 -1 38  48.00000  48.27700 187744 608
-1 -1 14  48.00000  48.26750 188352 224
-1 -1 25  48.26640  48.39000 188576 400
-1 -1 2  48.28640  48.50110 188976 32
-1 -1 13  48.22220  48.99970 189008 208
-1 -1 3  48.99970  48.99970 189216 48
-1 -1 3  48.99970  48.99970 189264 48
-1 -1 3  48.99970  48.99970 189312 48
-1 -1 3  48.99970  48.99970 189360 48
-1 -1 4  48.99970  48.99970 189408 64
-1 -1 3  48.99970  48.99970 189472 48
-1 -1 3  48.99970  48.99970 189520 48
-1 -1 3  48.99970  48.99970 189568 48
-1 -1 3  48.99970  48.99970 189616 48
-1 -1 3  48.99970  48.99970 189664 48
-1 -1 3  48.99970  48.99970 189712 48
-1 -1 3  48.99970  48.99970 189760 48
-1 -1 3  48.99970  48.99970 189808 48
-1 -1 47  48.63800  49.37670 189856 752
-1 -1 83  48.22860  48.64050 190608 1328
-1 -1 68  48.04110  48.26960 191936 1088
-1 -1 9  48.03340  48.12250 193024 144
-1 -1 5  48.00000  48.03340 193168 80
-1 -1 16  48.00000  48.03000 193248 256
-1 -1 4  48.00000  48.00390 193504 64
-1 -1 4  48.00000  48.31220 193568 64
-1 -1 2  48.00000  48.17000 193632 32
-1 -1 4  46.14030  46.17420 193664 64
-1 -1 6  46.17420  46.22940 193728 96
-1 -1 22  47.58500  48.00000 193824 352
-1 -1 3  46.00000  46.00340 194176 48
-1 -1 68  46.00000  46.46420 194224 1088
-1 -1 185  46.22940  47.60610 195312 2960
-1 -1 87  46.00000  46.46310 198272 1392
-1 -1 85  46.00000  46.50940 199664 1360
-1 -1 55  46.90350  47.54060 201024 880
-1 -1 20  47.48820  47.59500 201904 320
-1 -1 134  47.52920  47.80690 202224 2144
-1 -1 20  47.06420  47.27420 204368 320
-1 -1 6  47.69300  47.71310 204688 96
-1 -1 115  46.22030  47.00360 204784 1840
-1 -1 149  47.27470  47.62300 206624 2384
-1 -1 68  46.77060  47.04720 209008 1088
-1 -1 14  46.48870  46.52750 210096 224
-1 -1 105  47.46940  48.00000 210320 1680
-1 -1 156  46.00000  47.09470 212000 2496
-1 -1 108  46.38640  46.72330 214496 1728
-1 -1 7  46.72750  46.83460 216224 112
-1 -1 21  46.00000  46.30320 216336 336
-1 -1 10  46.65970  46.72750 216672 160
-1 -1 135  46.00000  46.87670 216832 2160
-1 -1 163  46.86920  48.00000 218992 2608
-1 -1 27  47.74610  48.00000 221600 432
-1 -1 26  46.30320  46.53870 222032 416
-1 -1 7  46.00000  46.02530 222448 112
-1 -1 33  46.00000  46.18140 222560 528
-1 -1 43  47.73720  48.00000 223088 688
-1 -1 19  46.00000  46.16750 223776 304
-1 -1 121  46.11800  47.37410 224080 1936
-1 -1 56  47.37410  48.00000 226016 896
-1 -1 5  47.98940  48.00000 226912 80
-1 -1 3  47.99860  48.00000 226992 48
-1 -1 5  47.97750  48.00000 227040 80
-1 -1 15  47.92920  48.00000 227120 240
-1 -1 6  47.95360  48.00000 227360 96
-1 -1 63  47.71170  47.97610 227456 1008
-1 -1 6  47.97610  48.00000 228464 96
-1 -1 96  47.02580  48.00000 228560 1536
-1 -1 76  46.00000  47.02580 230096 1216
-1 -1 111  46.55110  48.00000 231312 1776
-1 -1 9  46.48810  46.55110 233088 144
-1 -1 14  46.41560  46.49460 233232 224
-1 -1 22  47.81830  48.00000 233456 352
-1 -1 49  47.10940  47.86830 233808 784
-1 -1 27  47.68610  48.00000 234592 432
-1 -1 49  46.34560  47.78250 235024 784
-1 -1 48  46.00000  47.22580 235808 768
-1 -1 84  46.82640  48.00000 236576 1344
-1 -1 9  47.98000  48.00000 237920 144
-1 -1 23  47.82640  48.00000 238064 368
-1 -1 91  46.00000  47.89340 238432 1456
-1 -1 7  47.68720  48.00000 239888 112
-1 -1 37  46.00000  46.62990 240000 592
-1 -1 24  47.65360  48.00000 240592 384
-1 -1 115  46.59780  48.00000 240976 1840
-1 -1 43  47.65610  48.00000 242816 688
-1 -1 53  46.00000  46.63730 243504 848
-1 -1 32  47.69280  48.00000 244352 512
-1 -1 73  46.63730  48.00000 244864 1168
-1 -1 3  47.98920  48.00000 246032 48
-1 -1 3  47.99920  48.00000 246080 48
-1 -1 3  47.97970  48.00000 246128 48
-1 -1 4  47.37650  48.00000 246176 64
-1 -1 36  46.11970  47.37650 246240 576
-1 -1 19  46.00000  46.12610 246816 304
-1 -1 13  46.00000  46.12250 247120 208
-1 -1 22  46.11970  46.70720 247328 352
-1 -1 26  47.18810  47.36580 247680 416
-1 -1 17  46.70720  47.47140 248096 272
-1 -1 8  46.00000  47.21980 248368 128
-1 -1 250  44.00000  46.00000 248496 4000
-1 -1 9  45.93220  46.00000 252496 144
-1 -1 39  45.82080  46.00000 252640 624
-1 -1 36  45.58440  46.00000 253264 576
-1 -1 13  45.42890  45.48570 253840 208
-1 -1 32  44.64180  45.21900 254048 512
-1 -1 93  45.41310  46.00000 254560 1488
-1 -1 64  45.76780  46.00000 256048 1024
-1 -1 69  44.99510  45.23920 257072 1104
-1 -1 27  44.00000  44.64180 258176 432
-1 -1 78  45.74830  46.00000 258608 1248
-1 -1 8  45.98720  46.00000 259856 128
-1 -1 5  44.00000  44.01680 259984 80
-1 -1 107  44.00000  45.14500 260064 1712
-1 -1 100  44.85310  45.90740 261776 1600
-1 -1 124  44.63130  46.00000 263376 1984
-1 -1 79  44.00000  44.71560 265360 1264
-1 -1 25  44.00000  44.22640 266624 400
-1 -1 37  44.00000  44.14800 267024 592
-1 -1 4  44.00000  44.00560 267616 64
-1 -1 102  45.21190  46.00000 267680 1632
-1 -1 7  45.13720  45.43190 269312 112
-1 -1 2  44.00000  45.00310 269424 32
-1 -1 2  45.00250  45.00320 269456 32
-1 -1 4  45.00320  45.44990 269488 64
-1 -1 3  45.15190  45.57110 269552 48
-1 -1 10  44.00000  44.60530 269600 160
-1 -1 13  44.79890  44.97540 269760 208
-1 -1 41  44.00000  44.82550 269968 656
-1 -1 58  44.97540  45.35190 270624 928
-1 -1 41  45.11830  46.00000 271552 656
-1 -1 47  45.06190  46.00000 272208 752
-1 -1 46  44.76320  45.08420 272960 736
-1 -1 40  44.00000  44.76320 273696 640
-1 -1 29  44.00000  45.09410 274336 464
-1 -1 28  44.74530  45.10050 274800 448
-1 -1 24  44.92640  45.65970 275248 384
-1 -1 20  45.65970  46.00000 275632 320
-1 -1 62  44.00000  45.34530 275952 992
-1 -1 76  45.02170  46.00000 276944 1216
-1 -1 5  44.00000  46.00000 278160 80
-1 -1 6  44.00000  44.35510 278240 96
-1 -1 33  44.35510  45.01920 278336 528
-1 -1 5  44.99800  45.02060 278864 80
-1 -1 96  45.01890  46.00000 278944 1536
-1 -1 34  45.59330  46.00000 280480 544
-1 -1 36  45.14750  45.59470 281024 576
-1 -1 74  42.60220  42.87610 281600 1184
-1 -1 10  42.41570  42.50690 282784 160
-1 -1 51  42.44470  42.66580 282944 816
-1 -1 3  42.46110  42.48880 283760 48
-1 -1 3  42.45530  42.46220 283808 48
-1 -1 63  42.33970  42.48720 283856 1008
-1 -1 7  42.45540  42.50940 284864 112
-1 -1 12  43.78860  44.00000 284976 192
-1 -1 7  43.72950  43.77310 285168 112
-1 -1 5  42.95280  43.18220 285280 80
-1 -1 3  42.48640  42.66280 285360 48
-1 -1 19  43.89560  43.98890 285408 304
-1 -1 51  42.79140  44.00000 285712 816
-1 -1 69  42.00000  42.66140 286528 1104
-1 -1 91  42.54610  44.00000 287632 1456
-1 -1 7  43.96110  44.00000 289088 112
-1 -1 11  42.54610  42.79140 289200 176
-1 -1 19  43.05790  43.53460 289376 304
-1 -1 43  42.00000  42.56390 289680 688
-1 -1 36  42.00000  42.28140 290368 576
-1 -1 35  42.56320  43.05790 290944 560
-1 -1 34  43.74020  44.00000 291504 544
-1 -1 165  42.00000  44.00000 292048 2640
-1 -1 14  42.26290  42.36180 294688 224
-1 -1 50  43.62250  43.88430 294912 800
-1 -1 10  43.88430  44.00000 295712 160
-1 -1 6  43.95970  44.00000 295872 96
-1 -1 5  43.85580  44.00000 295968 80
-1 -1 3  42.00000  42.00560 296048 48
-1 -1 3  42.00000  42.00140 296096 48
-1 -1 35  42.00000  42.10890 296144 560
-1 -1 3  43.90440  43.92920 296704 48
-1 -1 9  43.74060  43.85580 296752 144
-1 -1 51  43.19550  43.58470 296896 816
-1 -1 51  43.19550  43.58470 297712 816
-1 -1 26  42.55780  42.89920 298528 416
-1 -1 26  42.55780  42.89920 298944 416
-1 -1 26  42.55780  42.89920 299360 416
-1 -1 45  42.89920  43.23920 299776 720
-1 -1 45  42.89920  43.23920 300496 720
-1 -1 77  42.02390  42.76310 301216 1232
-1 -1 77  42.02390  42.76310 302448 1232
-1 -1 77  42.02390  42.76310 303680 1232
-1 -1 4  42.00000  42.00250 304912 64
-1 -1 9  42.00000  42.04310 304976 144
-1 -1 4  42.00000  42.00250 305120 64
-1 -1 9  42.00000  42.04310 305184 144
-1 -1 4  42.00000  42.00250 305328 64
-1 -1 9  42.00000  42.04310 305392 144
-1 -1 16  42.00000  42.34890 305536 256
-1 -1 15  42.00000  42.35060 305792 240
-1 -1 3  42.00000  44.00000 306032 48
-1 -1 35  42.00000  42.47840 306080 560
-1 -1 2  42.00000  42.00380 306640 32
-1 -1 5  42.10780  42.14650 306672 80
-1 -1 95  42.22300  42.79780 306752 1520
-1 -1 7  42.00380  42.10780 308272 112
-1 -1 6  42.14650  42.22300 308384 96
-1 -1 3  43.50620  44.00000 308480 48
-1 -1 4  43.48560  43.63640 308528 64
-1 -1 4  43.48560  43.63640 308592 64
-1 -1 2  43.48610  43.50620 308656 32
-1 -1 7  42.87720  43.73780 308688 112
-1 -1 7  42.87720  43.73780 308800 112
-1 -1 4  42.42420  42.99690 308912 64
-1 -1 4  42.42420  42.99690 308976 64
-1 -1 5  42.00000  42.42390 309040 80
-1 -1 23  42.00000  42.30530 309120 368
-1 -1 54  42.25330  42.84280 309488 864
-1 -1 29  42.00000  42.25280 310352 464
-1 -1 78  42.40470  43.22390 310816 1248
-1 -1 10  43.18810  43.26860 312064 160
-1 -1 11  42.80640  42.94670 312224 176
-1 -1 48  42.80640  43.26860 312400 768
-1 -1 67  42.86720  42.99640 313168 1072
-1 -1 4  42.00000  42.03520 314240 64
-1 -1 57  42.39480  42.88750 314304 912
-1 -1 107  42.02580  44.00000 315216 1712
-1 -1 7  42.19640  42.39480 316928 112
-1 -1 15  43.17140  44.00000 317040 240
-1 -1 7  42.67780  43.17140 317280 112
-1 -1 6  42.57080  42.67780 317392 96
-1 -1 8  42.31460  42.69110 317488 128
-1 -1 7  42.00000  42.31460 317616 112
-1 -1 2  42.00000  42.03290 317728 32
-1 -1 14  42.03290  42.46610 317760 224
-1 -1 14  42.40000  42.64310 317984 224
-1 -1 37  42.64310  44.00000 318208 592
-1 -1 137  42.00000  43.00830 318800 2192
-1 -1 12  42.00000  42.03970 320992 192
-1 -1 54  42.41940  42.98050 321184 864
-1 -1 111  42.29560  44.00000 322048 1776
-1 -1 18  42.00000  42.55000 323824 288
-1 -1 3  43.01610  44.00000 324112 48
-1 -1 14  42.55420  43.01330 324160 224
-1 -1 5  42.00000  42.43340 324384 80
-1 -1 29  42.43340  43.63880 324464 464
-1 -1 4  43.63360  44.00000 324928 64
-1 -1 34  42.00000  42.15420 324992 544
-1 -1 102  42.71000  43.39720 325536 1632
-1 -1 3  41.29250  41.41050 327168 48
-1 -1 18  41.85060  42.00000 327216 288
-1 -1 42  40.85610  41.13530 327504 672
-1 -1 140  40.00000  42.00000 328176 2240
-1 -1 6  41.94070  42.00000 330416 96
-1 -1 110  41.11940  41.48030 330512 1760
-1 -1 36  41.34140  42.00000 332272 576
-1 -1 141  41.24310  41.57220 332848 2256
-1 -1 2  40.00000  40.03610 335104 32
-1 -1 6  40.25440  40.40360 335136 96
-1 -1 166  40.73530  41.75000 335232 2656
-1 -1 8  41.98030  42.00000 337888 128
-1 -1 3  41.99830  42.00000 338016 48
-1 -1 48  41.90780  42.00000 338064 768
-1 -1 31  41.71250  42.00000 338832 496
-1 -1 2  41.98220  41.98570 339328 32
-1 -1 23  41.42830  41.52390 339360 368
-1 -1 156  40.01110  41.59470 339728 2496
-1 -1 14  41.11080  41.16700 342224 224
-1 -1 14  41.11080  41.16700 342448 224
-1 -1 17  40.00000  40.04640 342672 272
-1 -1 19  40.00000  40.21420 342944 304
-1 -1 91  40.22880  41.29860 343248 1456
-1 -1 34  41.17330  41.46250 344704 544
-1 -1 46  41.16700  41.29780 345248 736
-1 -1 46  41.16700  41.29780 345984 736
-1 -1 13  40.60580  40.66560 346720 208
-1 -1 14  41.03110  41.08920 346928 224
-1 -1 14  41.03110  41.08920 347152 224
-1 -1 9  40.96920  41.00560 347376 144
-1 -1 3  40.21420  40.22880 347520 48
-1 -1 8  41.89670  42.00000 347568 128
-1 -1 7  41.99140  42.00000 347696 112
-1 -1 8  41.89670  42.00000 347808 128
-1 -1 7  41.99140  42.00000 347936 112
-1 -1 8  41.89670  42.00000 348048 128
-1 -1 7  41.99140  42.00000 348176 112
-1 -1 90  41.04610  41.89580 348288 1440
-1 -1 76  41.19610  41.89720 349728 1216
-1 -1 19  41.35750  41.83810 350944 304
-1 -1 2  41.74220  42.00000 351248 32
-1 -1 37  41.26220  42.00000 351280 592
-1 -1 2  41.32610  42.00000 351872 32
-1 -1 40  41.25860  42.00000 351904 640
-1 -1 2  41.32750  41.32760 352544 32
-1 -1 9  41.95640  42.00000 352576 144
-1 -1 68  41.16140  41.95640 352720 1088
-1 -1 22  40.84030  41.30250 353808 352
-1 -1 2  40.00000  40.03110 354160 32
-1 -1 2  40.00000  40.03110 354192 32
-1 -1 31  40.03080  40.84030 354224 496
-1 -1 6  41.14360  42.00000 354720 96
-1 -1 15  41.14330  41.19440 354816 240
-1 -1 5  41.11420  41.19440 355056 80
-1 -1 16  40.00000  40.21700 355136 256
-1 -1 105  40.59110  41.77460 355392 1680
-1 -1 58  40.18970  40.81110 357072 928
-1 -1 19  40.00000  40.14920 358000 304
-1 -1 11  40.18470  40.23860 358304 176
-1 -1 11  41.04080  41.11420 358480 176
-1 -1 5  40.14170  40.15110 358656 80
-1 -1 144  41.11670  42.00000 358736 2304
-1 -1 77  40.14580  40.43030 361040 1232
-1 -1 5  40.28320  40.32950 362272 80
-1 -1 21  40.00000  40.24500 362352 336
-1 -1 21  40.00000  40.21890 362688 336
-1 -1 15  41.77460  42.00000 363024 240
-1 -1 42  40.72580  41.05030 363264 672
-1 -1 19  40.00000  40.16310 363936 304
-1 -1 13  40.00000  40.16310 364240 208
-1 -1 23  40.42970  40.72470 364448 368
-1 -1 15  40.94060  41.03310 364816 240
-1 -1 4  40.00000  40.05090 365056 64
-1 -1 18  41.00420  41.20500 365120 288
-1 -1 6  40.24420  40.28320 365408 96
-1 -1 111  40.32950  41.08280 365504 1776
-1 -1 79  40.05090  40.64810 367280 1264
-1 -1 80  40.35030  41.07050 368544 1280
-1 -1 55  41.04080  42.00000 369824 880
-1 -1 5  41.80220  42.00000 370704 80
-1 -1 16  41.58140  42.00000 370784 256
-1 -1 5  40.90950  40.92780 371040 80
-1 -1 102  40.09300  40.89890 371120 1632
-1 -1 7  40.00000  40.09610 372752 112
-1 -1 179  40.92780  41.79780 372864 2864
-1 -1 5  40.89280  40.90950 375728 80
-1 -1 5  41.99550  42.00000 375808 80
-1 -1 50  41.36970  42.00000 375888 800
-1 -1 5  41.67560  42.00000 376688 80
-1 -1 3  41.87630  42.00000 376768 48
-1 -1 5  41.96360  42.00000 376816 80
-1 -1 27  41.82500  42.00000 376896 432
-1 -1 196  40.00000  41.99860 377328 3136
-1 -1 13  39.66250  39.84470 380464 208
-1 -1 7  39.87030  39.94080 380672 112
-1 -1 47  39.64530  40.00000 380784 752
-1 -1 4  39.81390  40.00000 381536 64
-1 -1 9  38.11220  38.32440 381600 144
-1 -1 9  39.38720  39.42690 381744 144
-1 -1 8  38.48390  38.70140 381888 128
-1 -1 7  38.88060  39.07550 382016 112
-1 -1 125  38.00000  39.78050 382128 2000
-1 -1 26  39.63280  40.00000 384128 416
-1 -1 77  38.87670  39.65060 384544 1232
-1 -1 16  39.77380  40.00000 385776 256
-1 -1 56  39.26360  39.77890 386032 896
-1 -1 6  39.13160  39.23520 386928 96
-1 -1 74  38.84000  39.71970 387024 1184
-1 -1 68  38.87810  39.77380 388208 1088
-1 -1 3  39.23520  39.26360 389296 48
-1 -1 9  38.84190  39.13160 389344 144
-1 -1 86  38.39080  39.70690 389488 1376
-1 -1 23  38.00000  38.12530 390864 368
-1 -1 62  38.00000  38.28500 391232 992
-1 -1 18  39.05720  40.00000 392224 288
-1 -1 18  39.05720  40.00000 392512 288
-1 -1 36  38.22530  39.05720 392800 576
-1 -1 36  38.22530  39.05720 393376 576
-1 -1 22  38.00000  38.24190 393952 352
-1 -1 22  38.00000  38.24190 394304 352
-1 -1 28  38.97670  39.29420 394656 448
-1 -1 24  39.29360  39.63060 395104 384
-1 -1 58  39.51690  40.00000 395488 928
-1 -1 47  38.00000  39.00400 396416 752
-1 -1 59  39.53670  40.00000 397168 944
-1 -1 83  38.00000  38.47220 398112 1328
-1 -1 17  39.90750  40.00000 399440 272
-1 -1 38  39.50750  39.62470 399712 608
-1 -1 70  39.27470  39.62030 400320 1120
-1 -1 30  39.88030  40.00000 401440 480
-1 -1 21  39.76610  39.88860 401920 336
-1 -1 17  39.90310  39.99720 402256 272
-1 -1 72  38.53360  40.00000 402528 1152
-1 -1 57  39.19190  39.47330 403680 912
-1 -1 48  38.00000  38.67890 404592 768
-1 -1 10  39.82920  40.00000 405360 160
-1 -1 5  38.00000  38.02500 405520 80
-1 -1 4  38.00000  38.02500 405600 64
-1 -1 29  38.22500  38.33300 405664 464
-1 -1 9  38.00050  38.22500 406128 144
-1 -1 2  38.00000  38.00050 406272 32
-1 -1 2  38.30630  38.30640 406304 32
-1 -1 15  38.30640  38.62110 406336 240
-1 -1 127  38.00000  40.00000 406576 2032
-1 -1 52  36.00000  36.94360 408608 832
-1 -1 14  37.64860  37.83940 409440 224
-1 -1 10  36.56310  36.76640 409664 160
-1 -1 5  37.25170  37.50470 409824 80
-1 -1 9  36.92530  37.06390 409904 144
-1 -1 9  36.62970  36.70300 410048 144
-1 -1 14  36.02970  36.20500 410192 224
-1 -1 10  36.46920  36.54360 410416 160
-1 -1 100  36.00000  36.83450 410576 1600
-1 -1 5  36.00000  36.00810 412176 80
-1 -1 38  36.66640  36.91440 412256 608
-1 -1 42  36.81320  37.17590 412864 672
-1 -1 6  36.00000  36.74030 413536 96
-1 -1 8  37.17590  37.32170 413632 128
-1 -1 79  37.10780  37.38470 413760 1264
-1 -1 2  36.74030  37.06190 415024 32
-1 -1 22  37.05970  37.31970 415056 352
-1 -1 159  36.00000  38.00000 415408 2544
-1 -1 8  36.00000  36.02060 417952 128
-1 -1 45  36.97060  37.32220 418080 720
-1 -1 2  37.34400  37.35110 418800 32
-1 -1 57  37.32720  38.00000 418832 912
-1 -1 31  37.83430  38.00000 419744 496
-1 -1 112  37.04940  37.83430 420240 1792
-1 -1 56  36.00000  37.04940 422032 896
-1 -1 5  36.00000  36.04030 422928 80
-1 -1 81  36.00030  37.57110 423008 1296
-1 -1 81  36.93860  37.45800 424304 1296
-1 -1 24  37.36560  38.00000 425600 384
-1 -1 24  37.36560  38.00000 425984 384
-1 -1 17  37.18580  37.68670 426368 272
-1 -1 138  36.92420  37.61500 426640 2208
-1 -1 15  37.68670  38.00000 428848 240
-1 -1 53  37.52860  38.00000 429088 848
-1 -1 71  36.67220  38.00000 429936 1136
-1 -1 55  36.00000  36.56920 431072 880
-1 -1 86  36.80420  37.47640 431952 1376
-1 -1 65  36.56920  36.91000 433328 1040
-1 -1 11  36.00390  36.17000 434368 176
-1 -1 4  36.18470  36.21380 434544 64
-1 -1 3  36.29870  36.35790 434608 48
-1 -1 135  36.46740  38.00000 434656 2160
-1 -1 41  37.23920  37.42860 436816 656
-1 -1 27  36.81500  37.02560 437472 432
-1 -1 5  36.00000  36.00470 437904 80
-1 -1 3  36.17000  36.18470 437984 48
-1 -1 6  36.21380  36.29870 438032 96
-1 -1 5  36.35790  36.46740 438128 80
-1 -1 7  37.75860  38.00000 438208 112
-1 -1 7  37.75860  37.99670 438320 112
-1 -1 7  37.65690  37.69300 438432 112
-1 -1 2  37.99670  38.00000 438544 32
-1 -1 19  37.69530  37.83670 438576 304
-1 -1 8  37.83220  38.00000 438880 128
-1 -1 3  37.99720  38.00000 439008 48
-1 -1 36  37.18830  38.00000 439056 576
-1 -1 2  36.15140  36.15140 439632 32
-1 -1 23  34.00000  34.49020 439664 368
-1 -1 60  34.49020  36.00000 440032 960
-1 -1 5  35.92000  35.93420 440992 80
-1 -1 4  35.99280  36.00000 441072 64
-1 -1 22  35.81750  36.00000 441136 352
-1 -1 16  34.00000  36.00000 441488 256
-1 -1 7  35.98190  36.00000 441744 112
-1 -1 29  35.81190  36.00000 441856 464
-1 -1 5  35.54540  35.58750 442320 80
-1 -1 5  35.46970  35.52920 442400 80
-1 -1 91  34.00000  35.09560 442480 1456
-1 -1 45  35.57610  35.86640 443936 720
-1 -1 4  35.52920  35.54540 444656 64
-1 -1 35  35.05780  35.46970 444720 560
-1 -1 114  34.00000  35.63970 445280 1824
-1 -1 27  35.60530  36.00000 447104 432
-1 -1 91  35.14170  36.00000 447536 1456
-1 -1 4  34.00000  34.05230 448992 64
-1 -1 123  34.00000  36.00000 449056 1968
-1 -1 7  34.00000  34.05280 451024 112
-1 -1 27  34.24440  34.67730 451136 432
-1 -1 11  34.01070  34.16930 451568 176
-1 -1 40  34.50140  34.78310 451744 640
-1 -1 5  34.16930  34.24440 452384 80
-1 -1 11  34.00000  34.02780 452464 176
-1 -1 81  35.46110  36.00000 452640 1296
-1 -1 45  34.58530  35.50030 453936 720
-1 -1 55  34.00000  35.51970 454656 880
-1 -1 4  35.84170  35.91580 455536 64
-1 -1 10  34.93060  35.08580 455600 160
-1 -1 8  35.26310  35.32920 455760 128
-1 -1 29  34.00000  34.93220 455888 464
-1 -1 20  33.12330  34.00000 456352 320
-1 -1 9  32.00000  33.12330 456672 144
-1 -1 27  32.00000  33.17250 456816 432
-1 -1 35  32.66030  32.76170 457248 560
-1 -1 99  32.00000  32.75000 457808 1584
-1 -1 31  33.06190  33.29220 459392 496
-1 -1 5  33.20720  33.25170 459888 80
-1 -1 26  32.31360  32.95840 459968 416
-1 -1 6  32.00000  33.37800 460384 96
-1 -1 3  33.37530  33.94750 460480 48
-1 -1 3  32.06170  32.23610 460528 48
-1 -1 2  33.94750  34.00000 460576 32
-1 -1 3  32.00000  32.06170 460608 48
-1 -1 45  33.47970  34.00000 460656 720
-1 -1 117  32.00000  33.49220 461376 1872
-1 -1 56  32.00000  34.00000 463248 896
-1 -1 15  33.74770  34.00000 464144 240
-1 -1 63  32.00000  33.13580 464384 1008
-1 -1 25  33.94310  34.00000 465392 400
-1 -1 44  33.13280  33.74770 465792 704
-1 -1 5  33.65510  33.76280 466496 80
-1 -1 14  33.76280  34.00000 466576 224
-1 -1 93  32.30300  33.65510 466800 1488
-1 -1 44  32.00000  32.30420 468288 704
-1 -1 32  33.40750  34.00000 468992 512
-1 -1 132  32.00000  33.40530 469504 2112
-1 -1 2  32.53560  32.62440 471616 32
-1 -1 13  32.26110  32.71830 471648 208
-1 -1 3  32.00000  32.26110 471856 48
-1 -1 16  32.00000  32.15750 471904 256
-1 -1 94  32.08530  34.00000 472160 1504
-1 -1 24  30.00000  30.48650 473664 384
-1 -1 3  30.23390  32.00000 474048 48
-1 -1 50  30.48650  32.00000 474096 800
-1 -1 49  30.00000  31.64690 474896 784
-1 -1 15  30.00000  31.32250 475680 240
-1 -1 89  30.00000  31.83310 475920 1424
-1 -1 41  31.82030  32.00000 477344 656
-1 -1 16  31.21720  31.59670 478000 256
-1 -1 7  31.78640  31.80890 478256 112
-1 -1 4  30.00000  30.50350 478368 64
-1 -1 5  30.50560  31.75720 478432 80
-1 -1 3  30.50350  30.50560 478512 48
-1 -1 2  31.75720  32.00000 478560 32
-1 -1 4  31.13930  32.00000 478592 64
-1 -1 7  30.00000  31.13930 478656 112
-1 -1 16  30.99790  32.00000 478768 256
-1 -1 10  30.00000  30.08440 479024 160
-1 -1 2  30.00000  30.00810 479184 32
-1 -1 31  30.00000  30.99790 479216 496
-1 -1 7  30.00000  30.03450 479712 112
-1 -1 37  30.00000  32.00000 479824 592
-1 -1 118  30.00000  31.65690 480416 1888
-1 -1 82  31.60390  32.00000 482304 1312
-1 -1 31  30.00000  30.52680 483616 496
-1 -1 69  30.52680  31.59640 484112 1104
-1 -1 28  31.59920  32.00000 485216 448
-1 -1 128  30.86080  32.00000 485664 2048
-1 -1 79  30.00000  30.86080 487712 1264
-1 -1 73  30.01030  30.42500 488976 1168
-1 -1 33  30.00000  30.34220 490144 528
-1 -1 3  31.64050  32.00000 490672 48
-1 -1 4  31.33310  31.64050 490720 64
-1 -1 5  31.33310  31.78330 490784 80
-1 -1 23  31.38850  31.78330 490864 368
-1 -1 85  30.00000  31.38850 491232 1360
-1 -1 31  30.00000  30.91440 492592 496
-1 -1 66  30.91440  32.00000 493088 1056
-1 -1 14  28.00000  30.00000 494144 224
-1 -1 18  28.00000  30.00000 494368 288
-1 -1 2  29.19980  29.36080 494656 32
-1 -1 11  29.48560  30.00000 494688 176
-1 -1 15  29.55110  30.00000 494864 240
-1 -1 2  29.54610  29.57610 495104 32
-1 -1 5  29.18890  30.00000 495136 80
-1 -1 3  29.45940  30.00000 495216 48
-1 -1 4  29.20580  29.47440 495264 64
-1 -1 3  28.77470  29.20530 495328 48
-1 -1 17  28.53890  29.29040 495376 272
-1 -1 17  29.10440  30.00000 495648 272
-1 -1 3  28.93210  29.10250 495920 48
-1 -1 6  29.98390  30.00000 495968 96
-1 -1 6  29.85330  30.00000 496064 96
-1 -1 2  28.54160  28.54530 496160 32
-1 -1 5  28.00000  28.12180 496192 80
-1 -1 9  28.22490  28.69830 496272 144
-1 -1 5  28.00000  28.12180 496416 80
-1 -1 9  28.22490  28.69830 496496 144
-1 -1 2  29.99690  30.00000 496640 32
-1 -1 3  29.90110  30.00000 496672 48
-1 -1 5  28.12180  28.22490 496720 80
-1 -1 5  28.12180  28.22490 496800 80
-1 -1 46  28.52490  30.00000 496880 736
-1 -1 2  29.54260  29.86110 497616 32
-1 -1 27  28.00000  28.52490 497648 432
-1 -1 5  29.40610  29.54260 498080 80
-1 -1 26  29.38830  29.78770 498160 416
-1 -1 11  29.78770  30.00000 498576 176
-1 -1 4  28.00000  28.22170 498752 64
-1 -1 10  28.00000  28.04560 498816 160
-1 -1 13  28.22170  30.00000 498976 208
-1 -1 164  28.00000  30.00000 499184 2624
-1 -1 116  29.16000  30.00000 501808 1856
-1 -1 149  28.00000  29.27920 503664 2384
-1 -1 24  28.00000  28.16390 506048 384
-1 -1 21  28.00000  28.11310 506432 336
-1 -1 23  28.00000  28.11920 506768 368
-1 -1 27  28.00000  28.32350 507136 432
-1 -1 16  28.00000  28.09670 507568 256
-1 -1 33  28.00000  28.32470 507824 528
-1 -1 73  28.00000  28.84420 508352 1168
-1 -1 74  29.03530  29.42470 509520 1184
-1 -1 37  28.84030  29.32720 510704 592
-1 -1 154  28.00000  29.46780 511296 2464
-1 -1 47  28.22330  28.54920 513760 752
-1 -1 18  28.00000  28.28410 514512 288
-1 -1 30  29.31370  30.00000 514800 480
-1 -1 143  28.98080  29.88940 515280 2288
-1 -1 161  28.01210  29.81810 517568 2576
-1 -1 2  28.00000  28.01210 520144 32
-1 -1 22  28.00000  29.11350 520176 352
-1 -1 73  29.11350  29.84750 520528 1168
-1 -1 15  29.82990  30.00000 521696 240
-1 -1 37  26.00000  28.00000 521936 592
-1 -1 3  26.00000  28.00000 522528 48
-1 -1 6  27.88030  28.00000 522576 96
-1 -1 6  27.88030  28.00000 522672 96
-1 -1 7  27.17750  27.88110 522768 112
-1 -1 7  27.17750  27.88110 522880 112
-1 -1 4  26.27050  26.39980 522992 64
-1 -1 32  26.00000  26.72690 523056 512
-1 -1 10  26.00000  26.08420 523568 160
-1 -1 10  26.00000  26.08420 523728 160
-1 -1 10  26.00000  26.27880 523888 160
-1 -1 134  26.27880  28.00000 524048 2144
-1 -1 29  26.58500  27.56130 526192 464
-1 -1 29  27.70610  28.00000 526656 464
-1 -1 12  27.56130  28.00000 527120 192
-1 -1 23  26.00000  26.59670 527312 368
-1 -1 15  27.85250  28.00000 527680 240
-1 -1 80  27.33560  27.92220 527920 1280
-1 -1 111  26.57030  27.52420 529200 1776
-1 -1 8  27.88830  28.00000 530976 128
-1 -1 50  26.41970  26.66310 531104 800
-1 -1 69  26.34780  26.58830 531904 1104
-1 -1 5  27.10040  27.13250 533008 80
-1 -1 16  27.88280  28.00000 533088 256
-1 -1 16  27.90800  28.00000 533344 256
-1 -1 61  27.80500  28.00000 533600 976
-1 -1 173  26.00000  26.63190 534576 2768
-1 -1 3  26.00000  26.00360 537344 48
-1 -1 48  26.00000  26.23170 537392 768
-1 -1 4  26.00000  26.00250 538160 64
-1 -1 35  26.36530  27.10040 538224 560
-1 -1 45  27.13250  28.00000 538784 720
-1 -1 106  26.70140  28.00000 539504 1696
-1 -1 22  27.32080  28.00000 541200 352
-1 -1 11  27.86330  27.89920 541552 176
-1 -1 77  26.73700  26.90330 541728 1232
-1 -1 42  27.41610  28.00000 542960 672
-1 -1 8  27.97000  28.00000 543632 128
-1 -1 10  27.72860  27.76640 543760 160
-1 -1 30  26.85170  27.47730 543920 480
-1 -1 47  27.73230  28.00000 544400 752
-1 -1 72  26.00000  27.14730 545152 1152
-1 -1 124  27.08580  28.00000 546304 1984
-1 -1 140  26.00000  28.00000 548288 2240
-1 -1 185  26.03830  28.00000 550528 2960
-1 -1 21  26.00000  26.06450 553488 336
-1 -1 2  26.00000  26.00000 553824 32
-1 -1 2  27.66690  27.66700 553856 32
-1 -1 3  26.00000  26.00020 553888 48
-1 -1 4  27.66670  27.66690 553936 64
-1 -1 4  26.00020  28.00000 554000 64
-1 -1 2  26.90930  27.29030 554064 32
-1 -1 2  27.66670  27.66670 554096 32
-1 -1 4  26.00000  26.90930 554128 64
-1 -1 2  25.37080  26.00000 554192 32
-1 -1 12  24.00000  25.37080 554224 192
-1 -1 3  24.00000  26.00000 554416 48
-1 -1 13  24.00000  25.47920 554464 208
-1 -1 13  24.00000  25.47920 554672 208
-1 -1 5  24.55580  24.62030 554880 80
-1 -1 15  24.00000  24.06650 554960 240
-1 -1 49  24.11440  24.98360 555200 784
-1 -1 8  24.84720  24.89110 555984 128
-1 -1 15  25.63780  25.79000 556112 240
-1 -1 5  24.06650  24.11440 556352 80
-1 -1 9  24.86610  24.97690 556432 144
-1 -1 27  24.73440  24.97940 556576 432
-1 -1 3  25.77500  26.00000 557008 48
-1 -1 28  25.61470  26.00000 557056 448
-1 -1 28  25.61470  26.00000 557504 448
-1 -1 14  25.19300  26.00000 557952 224
-1 -1 10  24.17110  24.29670 558176 160
-1 -1 33  24.00000  24.33530 558336 528
-1 -1 116  24.17260  26.00000 558864 1856
-1 -1 200  24.00000  26.00000 560720 3200
-1 -1 3  25.99830  26.00000 563920 48
-1 -1 8  25.96300  26.00000 563968 128
-1 -1 5  25.98970  26.00000 564096 80
-1 -1 37  25.27340  26.00000 564176 592
-1 -1 71  25.12670  25.27340 564768 1136
-1 -1 58  24.00000  24.38000 565904 928
-1 -1 67  24.37470  25.18830 566832 1072
-1 -1 9  24.00000  24.01690 567904 144
-1 -1 12  24.00000  24.09110 568048 192
-1 -1 94  24.00000  26.00000 568240 1504
-1 -1 82  24.00000  25.27140 569744 1312
-1 -1 7  24.00000  24.06290 571056 112
-1 -1 68  25.27140  26.00000 571168 1088
-1 -1 36  24.00000  24.16080 572256 576
-1 -1 43  25.84030  26.00000 572832 688
-1 -1 3  24.00000  26.00000 573520 48
-1 -1 3  24.00000  24.99950 573568 48
-1 -1 2  25.73150  26.00000 573616 32
-1 -1 5  24.99950  25.73150 573648 80
-1 -1 3  24.49240  25.00030 573728 48
-1 -1 3  24.00000  24.49240 573776 48
-1 -1 3  22.00000  22.37670 573824 48
-1 -1 3  23.51820  24.00000 573872 48
-1 -1 3  22.37670  23.52170 573920 48
-1 -1 6  22.80730  23.51820 573968 96
-1 -1 5  22.61360  23.49750 574064 80
-1 -1 2  22.00000  23.00110 574144 32
-1 -1 3  22.56490  23.49580 574176 48
-1 -1 4  22.00000  22.56490 574224 64
-1 -1 4  22.00000  24.00000 574288 64
-1 -1 3  22.00000  22.00110 574352 48
-1 -1 3  22.00000  22.00330 574400 48
-1 -1 2  22.00000  22.00100 574448 32
-1 -1 3  22.00000  22.00050 574480 48
-1 -1 3  22.00000  22.00360 574528 48
-1 -1 3  22.00000  22.00080 574576 48
-1 -1 3  22.00000  22.00110 574624 48
-1 -1 11  22.00000  22.23220 574672 176
-1 -1 2  22.00000  22.00190 574848 32
-1 -1 3  22.00000  22.00420 574880 48
-1 -1 6  22.00000  23.12610 574928 96
-1 -1 3  22.99970  24.00000 575024 48
-1 -1 3  22.99970  24.00000 575072 48
-1 -1 3  22.66610  22.99970 575120 48
-1 -1 3  22.66610  22.99970 575168 48
-1 -1 32  22.69970  24.00000 575216 512
-1 -1 4  22.00000  22.69970 575728 64
-1 -1 4  22.00000  22.69970 575792 64
-1 -1 38  23.64830  24.00000 575856 608
-1 -1 145  22.00000  24.00000 576464 2320
-1 -1 142  22.94310  24.00000 578784 2272
-1 -1 80  22.00000  23.73670 581056 1280
-1 -1 10  23.92460  24.00000 582336 160
-1 -1 13  23.96190  24.00000 582496 208
-1 -1 117  22.00000  24.00000 582704 1872
-1 -1 8  22.00000  22.02920 584576 128
-1 -1 22  22.00000  22.15970 584704 352
-1 -1 18  23.84360  24.00000 585056 288
-1 -1 28  23.85170  24.00000 585344 448
-1 -1 178  22.02280  24.00000 585792 2848
-1 -1 5  22.00000  22.05030 588640 80
-1 -1 52  22.00000  22.50080 588720 832
-1 -1 138  22.39610  22.79640 589552 2208
-1 -1 27  22.00000  22.39750 591760 432
-1 -1 141  22.52160  23.37780 592192 2256
-1 -1 114  22.00000  22.99080 594448 1824
-1 -1 5  22.00000  22.01530 596272 80
-1 -1 10  22.46140  22.52050 596352 160
-1 -1 7  22.14390  22.45940 596512 112
-1 -1 18  22.09170  22.21420 596624 288
-1 -1 29  22.14390  22.61050 596912 464
-1 -1 11  22.00000  24.00000 597376 176
-1 -1 5  22.00000  24.00000 597552 80
-1 -1 3  23.18920  24.00000 597632 48
-1 -1 5  22.00000  23.18920 597680 80
-1 -1 70  20.22970  21.81530 597760 1120
-1 -1 26  20.00000  20.28470 598880 416
-1 -1 3  20.84640  21.18090 599296 48
-1 -1 3  20.00000  20.85220 599344 48
-1 -1 3  21.18090  22.00000 599392 48
-1 -1 19  20.00000  22.00000 599440 304
-1 -1 3  21.58610  22.00000 599744 48
-1 -1 4  20.56500  21.58610 599792 64
-1 -1 2  20.00000  20.56500 599856 32
-1 -1 3  20.00000  22.00000 599888 48
-1 -1 3  20.00000  20.00200 599936 48
-1 -1 2  21.99970  22.00000 599984 32
-1 -1 3  21.99780  22.00000 600016 48
-1 -1 3  21.99830  22.00000 600064 48
-1 -1 3  21.99530  22.00000 600112 48
-1 -1 5  21.99420  22.00000 600160 80
-1 -1 2  21.99870  22.00000 600240 32
-1 -1 3  21.99780  22.00000 600272 48
-1 -1 3  21.99550  22.00000 600320 48
-1 -1 2  21.99970  22.00000 600368 32
-1 -1 4  21.99830  22.00000 600400 64
-1 -1 3  21.99830  22.00000 600464 48
-1 -1 2  21.99890  22.00000 600512 32
-1 -1 3  21.72330  21.98920 600544 48
-1 -1 3  21.76620  22.00000 600592 48
-1 -1 3  20.00000  22.00000 600640 48
-1 -1 3  20.00000  22.00000 600688 48
-1 -1 18  21.62800  22.00000 600736 288
-1 -1 53  21.14080  22.00000 601024 848
-1 -1 4  21.99140  22.00000 601872 64
-1 -1 7  21.95360  22.00000 601936 112
-1 -1 3  21.98220  22.00000 602048 48
-1 -1 65  20.00000  20.45530 602096 1040
-1 -1 14  21.69800  22.00000 603136 224
-1 -1 126  21.13970  22.00000 603360 2016
-1 -1 12  20.34610  20.40490 605376 192
-1 -1 6  20.00000  20.15530 605568 96
-1 -1 139  20.14470  21.77140 605664 2224
-1 -1 23  21.43280  21.69800 607888 368
-1 -1 36  21.43470  21.68530 608256 576
-1 -1 174  20.65720  22.00000 608832 2784
-1 -1 110  20.00000  20.97720 611616 1760
-1 -1 9  21.96610  22.00000 613376 144
-1 -1 62  21.58640  22.00000 613520 992
-1 -1 15  21.53580  21.66720 614512 240
-1 -1 6  21.44920  21.55170 614752 96
-1 -1 11  20.76500  21.33930 614848 176
-1 -1 5  21.33580  21.34230 615024 80
-1 -1 4  21.33810  22.00000 615104 64
-1 -1 3  20.09010  22.00000 615168 48
-1 -1 2  20.00000  20.09010 615216 32
-1 -1 2  21.82530  22.00000 615248 32
-1 -1 72  18.97640  20.00000 615280 1152
-1 -1 3  18.00000  19.14670 616432 48
-1 -1 3  19.14670  19.60800 616480 48
-1 -1 2  19.60800  20.00000 616528 32
-1 -1 4  18.00000  20.00000 616560 64
-1 -1 3  19.50120  20.00000 616624 48
-1 -1 2  18.00000  19.49970 616672 32
-1 -1 3  19.99920  20.00000 616704 48
-1 -1 3  19.99550  20.00000 616752 48
-1 -1 3  19.50030  20.00000 616800 48
-1 -1 3  18.00000  18.54610 616848 48
-1 -1 3  18.00000  18.54610 616896 48
-1 -1 4  18.41000  18.99890 616944 64
-1 -1 4  18.54610  18.99950 617008 64
-1 -1 4  18.54610  18.99950 617072 64
-1 -1 3  18.00000  18.41000 617136 48
-1 -1 3  18.99950  19.66650 617184 48
-1 -1 3  18.99950  19.66650 617232 48
-1 -1 2  19.66650  20.00000 617280 32
-1 -1 2  19.66650  20.00000 617312 32
-1 -1 124  18.00000  19.63590 617344 1984
-1 -1 76  19.63590  20.00000 619328 1216
-1 -1 148  18.00000  20.00000 620544 2368
-1 -1 14  18.00000  18.12960 622912 224
-1 -1 45  18.13720  18.43500 623136 720
-1 -1 18  19.22970  19.40050 623856 288
-1 -1 22  18.00000  18.21500 624144 352
-1 -1 4  18.00000  18.00720 624496 64
-1 -1 8  18.00000  18.13920 624560 128
-1 -1 9  18.00000  18.29840 624688 144
-1 -1 72  19.60560  20.00000 624832 1152
-1 -1 24  19.40050  19.69250 625984 384
-1 -1 135  18.00000  19.24000 626368 2160
-1 -1 39  18.00000  18.49030 628528 624
-1 -1 5  18.00000  18.00610 629152 80
-1 -1 6  18.16110  18.18280 629232 96
-1 -1 3  18.59670  18.60300 629328 48
-1 -1 77  18.60300  19.70580 629376 1232
-1 -1 27  18.04220  18.59670 630608 432
-1 -1 4  18.00000  20.00000 631040 64
-1 -1 6  16.00540  16.11900 631104 96
-1 -1 3  16.00000  16.00540 631200 48
-1 -1 21  16.11900  18.00000 631248 336
-1 -1 5  16.00000  18.00000 631584 80
-1 -1 3  16.00000  18.00000 631664 48
-1 -1 88  16.00000  17.51970 631712 1408
-1 -1 30  17.48110  17.99280 633120 480
-1 -1 96  16.37720  17.52720 633600 1536
-1 -1 20  17.34310  17.41970 635136 320
-1 -1 2  16.79860  17.39280 635456 32
-1 -1 2  16.79860  17.39280 635488 32
-1 -1 3  16.00000  16.79860 635520 48
-1 -1 3  16.00000  17.43190 635568 48
-1 -1 3  16.00000  16.79860 635616 48
-1 -1 3  16.00000  17.43190 635664 48
-1 -1 2  17.43190  18.00000 635712 32
-1 -1 2  17.43190  18.00000 635744 32
-1 -1 5  16.63080  18.00000 635776 80
-1 -1 25  17.51400  18.00000 635856 400
-1 -1 150  16.00000  17.51400 636256 2400
-1 -1 48  17.46030  18.00000 638656 768
-1 -1 55  17.53030  18.00000 639424 880
-1 -1 31  17.80170  18.00000 640304 496
-1 -1 7  17.97890  18.00000 640800 112
-1 -1 85  16.00000  18.00000 640912 1360
-1 -1 32  17.45560  18.00000 642272 512
-1 -1 52  16.62720  17.45560 642784 832
-1 -1 88  16.00000  16.62860 643616 1408
-1 -1 165  16.00000  17.82000 645024 2640
-1 -1 4  16.00000  17.81940 647664 64
-1 -1 18  17.87610  18.00000 647728 288
-1 -1 6  17.81890  18.00000 648016 96
-1 -1 42  16.05220  16.55280 648112 672
-1 -1 117  16.35430  16.69310 648784 1872
-1 -1 52  16.00000  16.35430 650656 832
-1 -1 4  16.00000  18.00000 651488 64
-1 -1 26  14.00000  15.00190 651552 416
-1 -1 11  14.94220  15.32010 651968 176
-1 -1 20  15.35720  15.98860 652144 320
-1 -1 6  15.32010  15.43310 652464 96
-1 -1 3  15.98860  16.00000 652560 48
-1 -1 23  14.00000  15.20980 652608 368
-1 -1 3  15.20980  16.00000 652976 48
-1 -1 86  14.00000  16.00000 653024 1376
-1 -1 11  14.00000  16.00000 654400 176
-1 -1 44  14.43390  15.10550 654576 704
-1 -1 17  14.00000  14.37240 655280 272
-1 -1 10  14.00000  14.08940 655552 160
-1 -1 16  14.37240  14.59280 655712 256
-1 -1 3  15.61690  16.00000 655968 48
-1 -1 3  15.61690  16.00000 656016 48
-1 -1 132  14.00000  16.00000 656064 2112
-1 -1 66  14.00000  14.44780 658176 1056
-1 -1 158  14.00000  16.00000 659232 2528
-1 -1 5  14.32560  14.36840 661760 80
-1 -1 89  14.21750  14.44830 661840 1424
-1 -1 20  14.00000  14.32560 663264 320
-1 -1 32  14.35170  14.49450 663584 512
-1 -1 112  14.70530  16.00000 664096 1792
-1 -1 95  14.30470  14.70700 665888 1520
-1 -1 49  14.00000  14.70800 667408 784
-1 -1 34  14.54720  15.61850 668192 544
-1 -1 2  15.61850  16.00000 668736 32
-1 -1 24  15.88750  16.00000 668768 384
-1 -1 48  14.00000  14.43140 669152 768
-1 -1 67  14.27440  15.07360 669920 1072
-1 -1 27  14.00000  14.22720 670992 432
-1 -1 21  15.07360  15.72450 671424 336
-1 -1 16  14.00000  14.06580 671760 256
-1 -1 149  14.00000  14.83110 672016 2384
-1 -1 100  14.75250  15.02500 674400 1600
-1 -1 100  14.72470  16.00000 676000 1600
-1 -1 8  14.72610  14.77220 677600 128
-1 -1 62  14.21490  14.76420 677728 992
-1 -1 8  14.00000  14.06940 678720 128
-1 -1 143  14.76640  15.64830 678848 2288
-1 -1 8  14.06940  14.21490 681136 128
-1 -1 21  15.37390  15.70470 681264 336
-1 -1 4  15.50080  15.50720 681600 64
-1 -1 3  15.49750  15.50440 681664 48
-1 -1 2  15.49830  16.00000 681712 32
-1 -1 13  14.00000  14.28970 681744 208
-1 -1 9  14.25060  15.09000 681952 144
-1 -1 81  12.60890  14.00000 682096 1296
-1 -1 23  12.00000  12.39360 683392 368
-1 -1 38  12.00000  12.72790 683760 608
-1 -1 66  12.00000  12.39580 684368 1056
-1 -1 8  12.00000  12.82570 685424 128
-1 -1 6  13.70070  13.89060 685552 96
-1 -1 15  12.82570  13.89190 685648 240
-1 -1 15  12.99530  13.70070 685888 240
-1 -1 39  12.80280  13.32690 686128 624
-1 -1 30  13.17430  13.38920 686752 480
-1 -1 163  13.05670  13.72000 687232 2608
-1 -1 2  13.71720  14.00000 689840 32
-1 -1 63  12.00000  13.18790 689872 1008
-1 -1 84  12.00000  12.82970 690880 1344
-1 -1 10  12.82780  13.08470 692224 160
-1 -1 20  12.63710  13.10840 692384 320
-1 -1 42  13.10840  14.00000 692704 672
-1 -1 28  12.00000  12.74720 693376 448
-1 -1 16  12.00000  12.72290 693824 256
-1 -1 30  12.69390  14.00000 694080 480
-1 -1 33  12.69110  13.12580 694560 528
-1 -1 35  12.00000  12.70890 695088 560
-1 -1 11  13.95560  14.00000 695648 176
-1 -1 133  13.00920  14.00000 695824 2128
-1 -1 109  12.00000  14.00000 697952 1744
-1 -1 107  12.00000  14.00000 699696 1712
-1 -1 11  13.91500  14.00000 701408 176
-1 -1 9  13.92000  14.00000 701584 144
-1 -1 84  12.00000  13.79610 701728 1344
-1 -1 6  13.92970  14.00000 703072 96
-1 -1 9  13.79580  13.93360 703168 144
-1 -1 19  13.74610  13.95370 703312 304
-1 -1 33  13.85420  14.00000 703616 528
-1 -1 7  13.95370  14.00000 704144 112
-1 -1 2  13.98420  14.00000 704256 32
-1 -1 99  12.97970  14.00000 704288 1584
-1 -1 20  13.81860  13.90360 705872 320
-1 -1 39  13.40530  13.81810 706192 624
-1 -1 2  12.98670  13.00000 706816 32
-1 -1 37  13.82860  14.00000 706848 592
-1 -1 22  12.32330  12.47250 707440 352
-1 -1 2  13.59000  13.59250 707792 32
-1 -1 16  13.06110  13.16530 707824 256
-1 -1 9  12.43000  12.68470 708080 144
-1 -1 52  13.45390  13.82640 708224 832
-1 -1 66  13.16000  13.59580 709056 1056
-1 -1 12  13.56900  13.70810 710112 192
-1 -1 91  12.30140  12.67750 710304 1456
-1 -1 23  13.30140  13.58310 711760 368
-1 -1 15  12.00000  12.15530 712128 240
-1 -1 3  13.95610  14.00000 712368 48
-1 -1 3  13.70890  13.75390 712416 48
-1 -1 34  12.15390  12.29330 712464 544
-1 -1 19  12.29390  12.67580 713008 304
-1 -1 170  12.38030  13.56900 713312 2720
-1 -1 57  12.00000  12.22500 716032 912
-1 -1 37  12.00000  12.40780 716944 592
-1 -1 39  12.00000  12.22560 717536 624
-1 -1 9  13.75390  13.95610 718160 144
-1 -1 2  12.00000  12.00810 718304 32
-1 -1 38  12.02750  12.26330 718336 608
-1 -1 48  12.00810  12.50330 718944 768
-1 -1 31  12.25000  12.50420 719712 496
-1 -1 16  12.00000  12.02360 720208 256
-1 -1 106  12.00000  13.43970 720464 1696
-1 -1 54  13.16800  13.50420 722160 864
-1 -1 41  13.27640  14.00000 723024 656
-1 -1 19  10.00000  10.27330 723680 304
-1 -1 15  10.00000  10.99580 723984 240
-1 -1 132  10.93690  11.46830 724224 2112
-1 -1 37  10.27330  10.60470 726336 592
-1 -1 6  10.96420  11.09690 726928 96
-1 -1 80  10.00000  12.00000 727024 1280
-1 -1 2  11.89530  12.00000 728304 32
-1 -1 10  11.41820  11.67860 728336 160
-1 -1 30  11.67920  12.00000 728496 480
-1 -1 7  11.69390  12.00000 728976 112
-1 -1 35  10.00000  11.28020 729088 560
-1 -1 55  11.23420  12.00000 729648 880
-1 -1 112  10.00000  12.00000 730528 1792
-1 -1 62  10.00000  10.73300 732320 992
-1 -1 16  10.00000  10.92170 733312 256
-1 -1 87  10.73300  12.00000 733568 1392
-1 -1 63  10.00000  12.00000 734960 1008
-1 -1 28  10.93190  11.88970 735968 448
-1 -1 40  10.00000  11.47700 736416 640
-1 -1 45  10.94190  11.09810 737056 720
-1 -1 3  11.88970  12.00000 737776 48
-1 -1 102  10.34500  12.00000 737824 1632
-1 -1 10  10.00000  10.35190 739456 160
-1 -1 19  11.63560  12.00000 739616 304
-1 -1 25  10.03200  10.48310 739920 400
-1 -1 38  11.19300  11.69980 740320 608
-1 -1 90  10.41360  11.02280 740928 1440
-1 -1 10  10.16810  10.48220 742368 160
-1 -1 24  11.66500  11.77690 742528 384
-1 -1 34  10.77060  11.19300 742912 544
-1 -1 29  11.86940  12.00000 743456 464
-1 -1 11  11.66470  11.87080 743920 176
-1 -1 53  10.76080  11.21360 744096 848
-1 -1 25  10.70830  10.92670 744944 400
-1 -1 52  10.00000  11.62420 745344 832
-1 -1 9  11.62420  11.85610 746176 144
-1 -1 34  10.95810  11.67890 746320 544
-1 -1 34  11.64080  12.00000 746864 544
-1 -1 11  11.89580  12.00000 747408 176
-1 -1 5  11.99470  12.00000 747584 80
-1 -1 8  11.89390  12.00000 747664 128
-1 -1 139  10.34290  12.00000 747792 2224
-1 -1 7  10.00000  10.11610 750016 112
-1 -1 12  10.11610  10.34290 750128 192
-1 -1 118  10.14190  10.66470 750320 1888
-1 -1 80  10.25690  10.73530 752208 1280
-1 -1 11  10.19060  10.26000 753488 176
-1 -1 209  10.00000  12.00000 753664 3344
-1 -1 3  11.99890  12.00000 757008 48
-1 -1 26  10.19320  10.45830 757056 416
-1 -1 59  10.00000  11.00420 757472 944
-1 -1 8  10.98920  11.00190 758416 128
-1 -1 64  10.91170  11.16670 758544 1024
-1 -1 14  10.60830  10.91800 759568 224
-1 -1 9  11.09220  11.13920 759792 144
-1 -1 4  10.92830  10.96080 759936 64
-1 -1 186   8.00000  10.00000 760000 2976
-1 -1 48   8.00000  10.00000 762976 768
-1 -1 103   8.00000  10.00000 763744 1648
-1 -1 109   8.00000  10.00000 765392 1744
-1 -1 8   9.62066   9.71289 767136 128
-1 -1 40   8.00000   9.62066 767264 640
-1 -1 25   9.71289   9.99890 767904 400
-1 -1 2   9.99222  10.00000 768304 32
-1 -1 2   8.00000   8.00198 768336 32
-1 -1 148   8.00198   9.09999 768368 2368
-1 -1 142   9.08693  10.00000 770736 2272
-1 -1 81   8.69584  10.00000 773008 1296
-1 -1 72   8.00000   8.70390 774304 1152
-1 -1 87   8.00000   8.48167 775456 1392
-1 -1 10   8.45975  10.00000 776848 160
-1 -1 32   9.01680  10.00000 777008 512
-1 -1 4   8.34281   9.01680 777520 64
-1 -1 5   8.00000   8.34281 777584 80
-1 -1 4   9.51803   9.53222 777664 64
-1 -1 22   9.50890  10.00000 777728 352
-1 -1 129   8.02918   9.61221 778080 2064
-1 -1 40   8.00000   8.67500 780144 640
-1 -1 104   8.00000  10.00000 780784 1664
-1 -1 9   8.00000   8.10401 782448 144
-1 -1 18   8.10401   8.53529 782592 288
-1 -1 99   9.03557   9.93890 782880 1584
-1 -1 140   8.27527   9.99750 784464 2240
-1 -1 48   8.27390   8.53223 786704 768
-1 -1 34   8.00000   8.48804 787472 544
-1 -1 56   9.38695  10.00000 788016 896
-1 -1 48   8.16278   8.50666 788912 768
-1 -1 4   8.09262   8.15030 789680 64
-1 -1 4   8.00000   8.03604 789744 64
-1 -1 91   8.00000   8.56944 789808 1456
-1 -1 76   8.37833   9.42473 791264 1216
-1 -1 34   8.37082   8.50166 792480 544
-1 -1 6   8.15030   8.19165 793024 96
-1 -1 11   8.01694   8.09262 793120 176
-1 -1 121   9.58111  10.00000 793296 1936
-1 -1 83   9.39388   9.95444 795232 1328
-1 -1 82   8.78056  10.00000 796560 1312
-1 -1 15   8.00000   8.78001 797872 240
-1 -1 85   6.58833   8.00000 798112 1360
-1 -1 81   6.28083   8.00000 799472 1296
-1 -1 27   6.10056   6.59251 800768 432
-1 -1 15   6.21833   6.28028 801200 240
-1 -1 4   7.89361   8.00000 801440 64
-1 -1 61   6.36472   7.89557 801504 976
-1 -1 28   6.00000   6.88170 802480 448
-1 -1 124   6.43333   7.54406 802928 1984
-1 -1 16   7.54406   8.00000 804912 256
-1 -1 70   6.00000   7.52944 805168 1120
-1 -1 39   7.45779   8.00000 806288 624
-1 -1 3   7.95834   8.00000 806912 48
-1 -1 64   7.52584   7.87332 806960 1024
-1 -1 87   7.54583   7.98972 807984 1392
-1 -1 92   7.00346   8.00000 809376 1472
-1 -1 101   6.00000   7.00346 810848 1616
-1 -1 56   7.40954   8.00000 812464 896
-1 -1 80   6.00000   7.40954 813360 1280
-1 -1 2   6.00000   6.04440 814640 32
-1 -1 4   6.04440   8.00000 814672 64
-1 -1 3   6.42139   6.50666 814736 48
-1 -1 92   6.00000   6.71110 814784 1472
-1 -1 3   6.00000   6.02847 816256 48
-1 -1 10   6.02847   6.23471 816304 160
-1 -1 57   7.22890   8.00000 816464 912
-1 -1 48   7.02043   8.00000 817376 768
-1 -1 121   6.82744   7.10750 818144 1936
-1 -1 50   6.08276   6.82744 820080 800
-1 -1 21   6.19306   6.30945 820880 336
-1 -1 9   6.00000   6.19306 821216 144
-1 -1 179   6.00000   7.84668 821360 2864
-1 -1 14   7.84527   8.00000 824224 224
-1 -1 74   6.92360   8.00000 824448 1184
-1 -1 166   6.27500   7.55999 825632 2656
-1 -1 124   7.19390   8.00000 828288 1984
-1 -1 57   7.36223   8.00000 830272 912
-1 -1 45   6.00000   6.29926 831184 720
-1 -1 45   6.00000   8.00000 831904 720
-1 -1 79   4.68168   6.00000 832624 1264
-1 -1 112   4.00000   6.00000 833888 1792
-1 -1 67   4.00000   5.15166 835680 1072
-1 -1 92   4.22666   4.97765 836752 1472
-1 -1 120   4.12668   4.87333 838224 1920
-1 -1 213   4.86824   5.38140 840144 3408
-1 -1 125   4.55113   6.00000 843552 2000
-1 -1 121   5.01723   5.25722 845552 1936
-1 -1 169   4.22489   4.68446 847488 2704
-1 -1 13   4.00000   4.22489 850192 208
-1 -1 2   4.00000   4.22547 850400 32
-1 -1 2   4.22144   4.22278 850432 32
-1 -1 61   4.48267   6.00000 850464 976
-1 -1 4   4.22547   4.61946 851440 64
-1 -1 13   4.00000   4.22144 851504 208
-1 -1 32   4.60111   5.02361 851712 512
-1 -1 18   4.00000   4.48267 852224 288
-1 -1 25   4.00000   4.28806 852512 400
-1 -1 3   4.00000   4.00055 852912 48
-1 -1 8   4.00000   4.11450 852960 128
-1 -1 41   4.11450   4.96306 853088 656
-1 -1 4   4.90251   6.00000 853744 64
-1 -1 77   5.63110   6.00000 853808 1232
-1 -1 26   4.00000   4.36890 855040 416
-1 -1 94   4.01749   4.89583 855456 1504
-1 -1 52   4.31138   4.90251 856960 832
-1 -1 85   4.15946   4.38611 857792 1360
-1 -1 92   4.00000   6.00000 859152 1472
-1 -1 20   4.00000   4.28861 860624 320
-1 -1 18   4.00000   4.22196 860944 288
-1 -1 35   4.00000   4.18473 861232 560
-1 -1 10   5.10399   5.23223 861792 160
-1 -1 41   4.49390   4.92363 861952 656
-1 -1 79   4.14640   5.20583 862608 1264
-1 -1 44   5.17528   6.00000 863872 704
-1 -1 8   4.92363   5.10399 864576 128
-1 -1 58   4.00000   4.50916 864704 928
-1 -1 8   4.00000   4.24494 865632 128
-1 -1 103   4.24494   5.48556 865760 1648
-1 -1 63   4.00000   5.70858 867408 1008
-1 -1 3   5.70858   5.76501 868416 48
-1 -1 4   4.00000   4.03500 868464 64
-1 -1 184   4.35361   6.00000 868528 2944
-1 -1 28   5.58999   6.00000 871472 448
-1 -1 61   5.09944   5.58862 871920 976
-1 -1 10   5.08611   5.12416 872896 160
-1 -1 13   2.17087   2.34501 873056 208
-1 -1 33   2.16999   2.32694 873264 528
-1 -1 5   2.00000   2.17087 873792 80
-1 -1 77   2.00000   2.31833 873872 1232
-1 -1 2   2.15882   2.16361 875104 32
-1 -1 20   2.97987   4.00000 875136 320
-1 -1 18   2.00000   2.03888 875456 288
-1 -1 9   2.00000   2.03195 875744 144
-1 -1 71   2.00000   2.20804 875888 1136
-1 -1 74   2.00000   2.99138 877024 1184
-1 -1 106   2.22165   3.71307 878208 1696
-1 -1 14   3.47887   4.00000 879904 224
-1 -1 13   2.00000   2.42390 880128 208
-1 -1 54   3.07555   3.64193 880336 864
-1 -1 19   2.42722   3.07417 881200 304
-1 -1 143   2.00000   4.00000 881504 2288
-1 -1 35   3.49111   3.82556 883792 560
-1 -1 17   3.51138   4.00000 884352 272
-1 -1 122   2.00000   4.00000 884624 1952
-1 -1 3   3.72696   4.00000 886576 48
-1 -1 51   3.40639   3.92859 886624 816
-1 -1 3   3.92859   4.00000 887440 48
-1 -1 29   3.94055   4.00000 887488 464
-1 -1 11   3.94751   4.00000 887952 176
-1 -1 2   2.00000   2.82084 888128 32
-1 -1 3   2.83278   3.98999 888160 48
-1 -1 4   2.00000   2.07056 888208 64
-1 -1 137   2.00000   4.00000 888272 2192
-1 -1 5   2.00000   2.01999 890464 80
-1 -1 38   2.79222   4.00000 890544 608
-1 -1 22   2.00000   2.14389 891152 352
-1 -1 61   2.00000   2.84001 891504 976
-1 -1 42   2.74553   4.00000 892480 672
-1 -1 8   2.46610   2.61341 893152 128
-1 -1 8   3.88385   4.00000 893280 128
-1 -1 6   2.61341   2.74553 893408 96
-1 -1 41   2.00000   2.47388 893504 656
-1 -1 64   3.56027   4.00000 894160 1024
-1 -1 135   2.00000   4.00000 895184 2160
-1 -1 4   3.95203   4.00000 897344 64
-1 -1 7   2.00000   2.02390 897408 112
-1 -1 163   2.00000   3.95203 897520 2608
-1 -1 21   2.15604   2.39887 900128 336
-1 -1 9   2.00000   2.15604 900464 144
-1 -1 4   2.39887   2.44166 900608 64
-1 -1 2   2.44166   2.45389 900672 32
-1 -1 127   2.11221   2.61750 900704 2032
-1 -1 75   2.32944   3.57140 902736 1200
-1 -1 27   3.62835   4.00000 903936 432
-1 -1 159   2.17389   3.61743 904368 2544
-1 -1 5   3.57140   3.62835 906912 80
-1 -1 20   3.61743   4.00000 906992 320
-1 -1 17   0.97557   1.06972 907312 272
-1 -1 3   1.00194   2.00000 907584 48
-1 -1 115   1.22167   2.00000 907632 1840
-1 -1 16   0.00000   0.38923 909472 256
-1 -1 75   0.38923   1.42501 909728 1200
-1 -1 45   1.77194   2.00000 910928 720
-1 -1 11   1.97778   2.00000 911648 176
-1 -1 4   1.99582   2.00000 911824 64
-1 -1 35   0.00000   1.35769 911888 560
-1 -1 27   1.65417   2.00000 912448 432
-1 -1 14   1.35769   2.00000 912880 224
-1 -1 32   0.00000   0.85411 913104 512
-1 -1 44   0.85411   2.00000 913616 704
-1 -1 3   0.00000   0.23020 914320 48
-1 -1 40   1.09248   2.00000 914368 640
-1 -1 36   0.23471   1.11388 915008 576
-1 -1 2   0.23020   0.23667 915584 32
-1 -1 3   0.00000   2.00000 915616 48
-1 -1 18   1.27834   1.46361 915664 288
-1 -1 13   1.31112   1.43001 915952 208
-1 -1 41   1.28615   2.00000 916160 656
-1 -1 96   0.85335   1.28615 916816 1536
-1 -1 92   1.13417   1.58834 918352 1472
-1 -1 48   1.42333   2.00000 919824 768
-1 -1 38   0.90083   1.43777 920592 608
-1 -1 118   0.22944   0.90416 921200 1888
-1 -1 19   0.00000   0.27094 923088 304
-1 -1 6   0.00000   0.59110 923392 96
-1 -1 46   0.58167   0.74028 923488 736
-1 -1 11   1.75995   2.00000 924224 176
-1 -1 54   1.70471   2.00000 924400 864
-1 -1 74   0.61887   1.71362 925264 1184
-1 -1 15   0.73249   1.22277 926448 240
-1 -1 27   1.17333   2.00000 926688 432
-1 -1 14   1.74249   2.00000 927120 224
-1 -1 32   1.22194   2.00000 927344 512
-1 -1 123   0.64973   1.95212 927856 1968
-1 -1 10   1.95212   2.00000 929824 160
-1 -1 111   1.18556   2.00000 929984 1776
-1 -1 43   1.53881   2.00000 931760 688
-1 -1 34   1.87250   2.00000 932448 544
-1 -1 15   1.83557   1.94446 932992 240
-1 -1 11   1.83688   2.00000 933232 176
-1 -1 27  -0.26807  -0.00000 933408 432
-1 -1 41  -2.00000  -1.82251 933840 656
-1 -1 126  -2.00000  -0.24945 934496 2016
-1 -1 50  -2.00000  -0.00000 936512 800
-1 -1 82  -1.47610  -0.00000 937312 1312
-1 -1 9  -2.00000  -1.69277 938624 144
-1 -1 18  -1.69277  -1.38445 938768 288
-1 -1 58  -1.44469  -0.99779 939056 928
-1 -1 37  -2.00000  -1.06139 939984 592
-1 -1 3  -1.00136  -0.99916 940576 48
-1 -1 4  -1.00111  -0.00000 940624 64
-1 -1 9  -2.00000  -1.00136 940688 144
-1 -1 4  -1.67224  -0.00000 940832 64
-1 -1 106  -1.09557  -0.00000 940896 1696
-1 -1 77  -2.00000  -0.10471 942592 1232
-1 -1 90  -2.00000  -1.06999 943824 1440
-1 -1 5  -0.23166  -0.00000 945264 80
-1 -1 70  -2.00000  -0.23166 945344 1120
-1 -1 136  -3.92612  -2.33140 946464 2176
-1 -1 118  -2.49708  -2.00000 948640 1888
-1 -1 22  -2.41694  -2.00000 950528 352
-1 -1 57  -2.49973  -2.00000 950880 912
-1 -1 12  -4.00000  -3.73104 951792 192
-1 -1 44  -3.73104  -2.00000 951984 704
-1 -1 10  -4.00000  -3.33693 952688 160
-1 -1 125  -3.33361  -2.30945 952848 2000
-1 -1 46  -2.73860  -2.00000 954848 736
-1 -1 182  -4.00000  -2.29807 955584 2912
-1 -1 27  -2.39805  -2.00000 958496 432
-1 -1 2  -2.11392  -2.00000 958928 32
-1 -1 37  -3.80728  -2.11392 958960 592
-1 -1 2  -4.00000  -3.80728 959552 32
-1 -1 3  -4.00000  -2.60542 959584 48
-1 -1 9  -4.00000  -3.97833 959632 144
-1 -1 42  -4.00000  -3.36944 959776 672
-1 -1 45  -4.00000  -3.12087 960448 720
-1 -1 10  -3.12087  -2.04239 961168 160
-1 -1 2  -2.04239  -2.00000 961328 32
-1 -1 81  -2.45527  -2.00000 961360 1296
-1 -1 171  -4.00000  -2.13138 962656 2736
-1 -1 4  -4.00000  -2.00000 965392 64
-1 -1 22  -5.89056  -5.83584 965456 352
-1 -1 142  -5.01418  -4.38889 965808 2272
-1 -1 60  -5.77972  -4.63362 968080 960
-1 -1 17  -6.00000  -5.85611 969040 272
-1 -1 25  -5.90805  -5.85171 969312 400
-1 -1 106  -4.90944  -4.00000 969712 1696
-1 -1 27  -6.00000  -5.85223 971408 432
-1 -1 33  -4.46110  -4.00000 971840 528
-1 -1 30  -6.00000  -4.44944 972368 480
-1 -1 16  -4.28260  -4.00000 972848 256
-1 -1 2  -4.67085  -4.00000 973104 32
-1 -1 3  -6.00000  -4.00000 973136 48
-1 -1 6  -4.37293  -4.28278 973184 96
-1 -1 41  -4.47807  -4.00000 973280 656
-1 -1 4  -4.01306  -4.00000 973936 64
-1 -1 104  -5.00584  -4.00000 974000 1664
-1 -1 91  -6.00000  -4.58805 975664 1456
-1 -1 7  -4.16901  -4.00000 977120 112
-1 -1 172  -4.58805  -4.11249 977232 2752
-1 -1 4  -4.22416  -4.00000 979984 64
-1 -1 6  -6.05307  -6.00000 980048 96
-1 -1 178  -8.00000  -6.00000 980144 2848
-1 -1 51  -8.00000  -6.99574 982992 816
-1 -1 4  -8.00000  -7.99667 983808 64
-1 -1 61  -8.00000  -6.91444 983872 976
-1 -1 20  -6.80101  -6.00000 984848 320
-1 -1 24  -8.00000  -6.80101 985168 384
-1 -1 69  -8.00000  -6.00000 985552 1104
-1 -1 6  -7.55834  -7.52770 986656 96
-1 -1 84  -7.53194  -6.00000 986752 1344
-1 -1 29  -8.00000  -7.55834 988096 464
-1 -1 26  -8.10199  -8.00000 988560 416
-1 -1 6  -8.01529  -8.00000 988976 96
-1 -1 9  -8.10806  -8.00000 989072 144
-1 -1 83  -9.81494  -8.00000 989216 1328
-1 -1 17 -10.00000  -9.81494 990544 272
-1 -1 62 -10.00000  -8.48139 990816 992
-1 -1 2  -8.47916  -8.30936 991808 32
-1 -1 5  -8.30936  -8.00000 991840 80
-1 -1 58  -9.07250  -8.19306 991920 928
-1 -1 118 -10.00000  -9.37334 992848 1888
-1 -1 41  -9.40612  -9.04082 994736 656
-1 -1 28 -10.00000  -9.48278 995392 448
-1 -1 2  -9.10149  -8.00000 995840 32
-1 -1 121 -10.00000  -8.00000 995872 1936
-1 -1 74 -10.00000  -9.42916 997808 1184
-1 -1 36 -10.00000  -9.77527 998992 576
-1 -1 61 -10.00000  -9.68139 999568 976
-1 -1 123 -11.25250 -10.00000 1000544 1968
-1 -1 3 -12.00000 -11.85070 1002512 48
-1 -1 3 -11.79000 -11.75550 1002560 48
-1 -1 6 -11.73910 -11.56970 1002608 96
-1 -1 5 -10.93760 -10.87140 1002704 80
-1 -1 145 -11.90130 -10.86940 1002784 2320
-1 -1 5 -11.85070 -11.79000 1005104 80
-1 -1 3 -11.75550 -11.73910 1005184 48
-1 -1 17 -11.56970 -10.93760 1005232 272
-1 -1 45 -12.00000 -11.56970 1005504 720
-1 -1 30 -12.00000 -11.90030 1006224 480
-1 -1 109 -12.00000 -10.00000 1006704 1744
-1 -1 126 -12.00000 -10.00000 1008448 2016
-1 -1 61 -12.00000 -11.41470 1010464 976
-1 -1 87 -11.56500 -10.00000 1011440 1392
-1 -1 4 -12.00000 -11.99440 1012832 64
-1 -1 7 -12.00000 -11.96890 1012896 112
-1 -1 111 -11.74030 -11.27690 1013008 1776
-1 -1 20 -11.41530 -11.25220 1014784 320
-1 -1 53 -11.41610 -10.80750 1015104 848
-1 -1 21 -10.80750 -10.47940 1015952 336
-1 -1 3 -10.00390 -10.00000 1016288 48
-1 -1 4 -10.00390 -10.00000 1016336 64
-1 -1 20 -11.06920 -10.00000 1016400 320
-1 -1 77 -11.14060 -10.65780 1016720 1232
-1 -1 3 -12.00000 -10.95110 1017952 48
-1 -1 40 -10.69190 -10.00000 1018000 640
-1 -1 7 -10.71330 -10.65750 1018640 112
-1 -1 126 -12.00000 -10.00000 1018752 2016
-1 -1 6 -14.00000 -13.00420 1020768 96
-1 -1 3 -13.00640 -13.00420 1020864 48
-1 -1 21 -12.94180 -12.46600 1020912 336
-1 -1 4 -12.22670 -12.00000 1021248 64
-1 -1 4 -13.00640 -12.94180 1021312 64
-1 -1 9 -12.46600 -12.22670 1021376 144
-1 -1 27 -12.37310 -12.00000 1021520 432
-1 -1 6 -12.01920 -12.00000 1021952 96
-1 -1 207 -13.45810 -12.00000 1022048 3312
-1 -1 12 -14.00000 -13.92220 1025360 192
-1 -1 145 -14.00000 -12.00000 1025552 2320
-1 -1 33 -14.00000 -12.00000 1027872 528
-1 -1 2 -12.01190 -12.00000 1028400 32
-1 -1 17 -12.12390 -12.00000 1028432 272
-1 -1 11 -12.07500 -12.00000 1028704 176
-1 -1 2 -12.00200 -12.00000 1028880 32
-1 -1 100 -14.00000 -12.00000 1028912 1600
-1 -1 75 -12.53940 -12.00000 1030512 1200
-1 -1 128 -13.36330 -12.46000 1031712 2048
-1 -1 95 -14.00000 -13.36330 1033760 1520
-1 -1 3 -16.00000 -14.00000 1035280 48
-1 -1 34 -16.00000 -15.61610 1035328 544
-1 -1 63 -15.66470 -14.41360 1035872 1008
-1 -1 3 -16.00000 -15.63360 1036880 48
-1 -1 4 -16.00000 -15.99470 1036928 64
-1 -1 50 -14.60610 -14.00000 1036992 800
-1 -1 7 -14.05280 -14.00000 1037792 112
-1 -1 10 -14.41360 -14.01250 1037904 160
-1 -1 13 -16.00000 -14.00000 1038064 208
-1 -1 99 -16.00000 -14.38560 1038272 1584
-1 -1 93 -16.00000 -14.00000 1039856 1488
-1 -1 44 -16.00000 -14.00000 1041344 704
-1 -1 15 -17.27110 -17.15820 1042048 240
-1 -1 109 -17.42500 -16.95220 1042288 1744
-1 -1 17 -17.42970 -17.38550 1044032 272
-1 -1 5 -17.39220 -17.38610 1044304 80
-1 -1 79 -17.89830 -17.38610 1044384 1264
-1 -1 21 -18.00000 -17.93080 1045648 336
-1 -1 4 -18.00000 -17.99530 1045984 64
-1 -1 32 -18.00000 -17.85610 1046048 512
-1 -1 3 -16.17380 -16.00000 1046560 48
-1 -1 2 -18.00000 -17.90160 1046608 32
-1 -1 27 -17.62550 -16.17380 1046640 432
-1 -1 2 -18.00000 -17.99890 1047072 32
-1 -1 2 -18.00000 -17.99950 1047104 32
-1 -1 3 -17.90160 -17.52470 1047136 48
-1 -1 43 -18.00000 -17.80140 1047184 688
-1 -1 3 -18.00000 -17.98470 1047872 48
-1 -1 69 -18.00000 -17.47280 1047920 1104
-1 -1 13 -18.00000 -17.94580 1049024 208
-1 -1 42 -18.00000 -17.78140 1049232 672
-1 -1 2 -17.52470 -17.47950 1049904 32
-1 -1 29 -18.00000 -17.88420 1049936 464
-1 -1 18 -18.00000 -16.88360 1050400 288
-1 -1 31 -16.88360 -16.00000 1050688 496
-1 -1 16 -16.06530 -16.00000 1051184 256
-1 -1 49 -16.43820 -16.00000 1051440 784
-1 -1 37 -17.34610 -16.43820 1052224 592
-1 -1 37 -18.00000 -17.35750 1052816 592
-1 -1 139 -17.13550 -16.00000 1053408 2224
-1 -1 19 -18.00000 -17.50530 1055632 304
-1 -1 84 -18.00000 -16.00000 1055936 1344
-1 -1 3 -16.26930 -16.00000 1057280 48
-1 -1 49 -17.40950 -16.26930 1057328 784
-1 -1 23 -18.00000 -17.40950 1058112 368
-1 -1 2 -18.01440 -18.00000 1058480 32
-1 -1 15 -18.03810 -18.00000 1058512 240
-1 -1 4 -18.01000 -18.00000 1058752 64
-1 -1 4 -20.00000 -18.20330 1058816 64
-1 -1 2 -18.01610 -18.00000 1058880 32
-1 -1 4 -18.20330 -18.00000 1058912 64
-1 -1 70 -18.48530 -18.00000 1058976 1120
-1 -1 5 -18.00640 -18.00000 1060096 80
-1 -1 43 -19.16080 -18.00000 1060176 688
-1 -1 24 -18.16780 -18.00000 1060864 384
-1 -1 14 -18.06000 -18.00000 1061248 224
-1 -1 19 -18.07610 -18.00000 1061472 304
-1 -1 45 -20.00000 -19.16080 1061776 720
-1 -1 90 -20.00000 -18.40470 1062496 1440
-1 -1 21 -18.41140 -18.00000 1063936 336
-1 -1 11 -18.34810 -18.27000 1064272 176
-1 -1 81 -20.00000 -18.00000 1064448 1296
-1 -1 11 -18.27130 -18.00000 1065744 176
-1 -1 4 -20.00000 -19.29930 1065920 64
-1 -1 5 -19.84870 -19.49790 1065984 80
-1 -1 10 -20.00000 -19.29700 1066064 160
-1 -1 12 -19.49790 -18.00000 1066224 192
-1 -1 4 -20.00000 -19.84870 1066416 64
-1 -1 4 -22.00000 -20.00000 1066480 64
-1 -1 40 -20.51000 -20.00000 1066544 640
-1 -1 67 -21.53730 -20.50750 1067184 1072
-1 -1 46 -22.00000 -21.53730 1068256 736
-1 -1 2 -22.00000 -21.73220 1068992 32
-1 -1 48 -21.34500 -20.00000 1069024 768
-1 -1 6 -21.73220 -21.31110 1069792 96
-1 -1 60 -22.00000 -20.00000 1069888 960
-1 -1 12 -22.00000 -21.78750 1070848 192
-1 -1 3 -22.00000 -21.92260 1071040 48
-1 -1 3 -22.00000 -21.99670 1071088 48
-1 -1 5 -22.00000 -20.19910 1071136 80
-1 -1 3 -20.19910 -20.00000 1071216 48
-1 -1 7 -20.16860 -20.06020 1071264 112
-1 -1 28 -20.43130 -20.00000 1071376 448
-1 -1 4 -20.55480 -20.47660 1071824 64
-1 -1 9 -20.06020 -20.00000 1071888 144
-1 -1 5 -20.47660 -20.43130 1072032 80
-1 -1 99 -22.00000 -20.55480 1072112 1584
-1 -1 13 -23.23970 -22.63720 1073696 208
-1 -1 4 -23.97570 -22.00140 1073904 64
-1 -1 2 -22.00140 -22.00000 1073968 32
-1 -1 2 -24.00000 -23.97570 1074000 32
-1 -1 126 -24.00000 -22.93720 1074032 2016
-1 -1 73 -22.93720 -22.18220 1076048 1168
-1 -1 9 -22.08140 -22.00000 1077216 144
-1 -1 32 -22.22390 -22.12390 1077360 512
-1 -1 7 -22.19200 -22.06310 1077872 112
-1 -1 11 -24.00000 -22.41810 1077984 176
-1 -1 67 -22.41580 -22.00000 1078160 1072
-1 -1 2 -22.04420 -22.00000 1079232 32
-1 -1 34 -24.00000 -22.04420 1079264 544
-1 -1 28 -22.82060 -22.00000 1079808 448
-1 -1 106 -22.87360 -22.00000 1080256 1696
-1 -1 17 -22.14540 -22.00000 1081952 272
-1 -1 81 -22.98880 -22.00000 1082224 1296
-1 -1 2 -22.23920 -22.00000 1083520 32
-1 -1 103 -24.00000 -22.98880 1083552 1648
-1 -1 32 -22.29440 -22.06720 1085200 512
-1 -1 5 -22.08970 -22.00000 1085712 80
-1 -1 148 -22.29830 -22.08080 1085792 2368
-1 -1 74 -24.00000 -22.27330 1088160 1184
-1 -1 28 -24.00000 -23.80390 1089344 448
-1 -1 96 -26.00000 -24.00000 1089792 1536
-1 -1 2 -26.00000 -24.76610 1091328 32
-1 -1 3 -25.65690 -25.65180 1091360 48
-1 -1 107 -26.00000 -25.26420 1091408 1712
-1 -1 59 -25.83220 -25.61970 1093120 944
-1 -1 5 -25.65180 -25.61770 1094064 80
-1 -1 16 -25.62440 -24.73970 1094144 256
-1 -1 8 -24.74450 -24.72330 1094400 128
-1 -1 29 -24.63190 -24.00000 1094528 464
-1 -1 6 -24.72460 -24.61890 1094992 96
-1 -1 4 -24.41210 -24.00000 1095088 64
-1 -1 3 -24.77380 -24.60220 1095152 48
-1 -1 5 -25.53130 -25.40510 1095200 80
-1 -1 11 -26.00000 -25.66190 1095280 176
-1 -1 3 -25.99090 -25.95750 1095456 48
-1 -1 3 -24.60220 -24.41210 1095504 48
-1 -1 4 -25.40510 -24.77380 1095552 64
-1 -1 5 -25.66190 -25.53130 1095616 80
-1 -1 3 -26.00000 -25.99090 1095696 48
-1 -1 77 -26.00000 -24.29320 1095744 1232
-1 -1 3 -24.29320 -24.00000 1096976 48
-1 -1 12 -24.04170 -24.00000 1097024 192
-1 -1 2 -24.34860 -24.03290 1097216 32
-1 -1 66 -25.04930 -24.24860 1097248 1056
-1 -1 72 -26.00000 -25.04930 1098304 1152
-1 -1 6 -24.02030 -24.00000 1099456 96
-1 -1 76 -26.00000 -24.00000 1099552 1216
-1 -1 68 -25.68670 -25.49390 1100768 1088
-1 -1 32 -26.00000 -25.56820 1101856 512
-1 -1 3 -28.00000 -26.45500 1102368 48
-1 -1 59 -26.89580 -26.64520 1102416 944
-1 -1 39 -26.89670 -26.00000 1103360 624
-1 -1 2 -26.45500 -26.00000 1103984 32
-1 -1 45 -26.64520 -26.00000 1104016 720
-1 -1 39 -27.31610 -26.00000 1104736 624
-1 -1 20 -26.88180 -26.80810 1105360 320
-1 -1 8 -26.83940 -26.00000 1105680 128
-1 -1 78 -28.00000 -26.00000 1105808 1248
-1 -1 96 -27.29500 -26.10150 1107056 1536
-1 -1 16 -27.31670 -27.26560 1108592 256
-1 -1 9 -26.10150 -26.00000 1108848 144
-1 -1 68 -27.58830 -27.26860 1108992 1088
-1 -1 127 -28.00000 -27.18920 1110080 2032
-1 -1 97 -27.44330 -26.00000 1112112 1552
-1 -1 13 -27.43250 -27.32270 1113664 208
-1 -1 19 -27.19950 -27.11940 1113872 304
-1 -1 61 -27.17170 -26.00000 1114176 976
-1 -1 138 -28.82670 -28.02860 1115152 2208
-1 -1 86 -28.96250 -28.42220 1117360 1376
-1 -1 2 -28.42550 -28.00000 1118736 32
-1 -1 85 -29.64170 -28.85330 1118768 1360
-1 -1 7 -30.00000 -29.64310 1120128 112
-1 -1 98 -30.00000 -28.61330 1120240 1568
-1 -1 44 -28.88530 -28.56940 1121808 704
-1 -1 9 -29.45410 -29.26670 1122512 144
-1 -1 68 -29.26670 -28.00000 1122656 1088
-1 -1 17 -30.00000 -29.45410 1123744 272
-1 -1 71 -30.00000 -28.49930 1124016 1136
-1 -1 56 -28.49930 -28.00000 1125152 896
-1 -1 20 -30.64630 -30.40450 1126048 320
-1 -1 17 -30.31780 -30.00000 1126368 272
-1 -1 13 -30.40450 -30.30950 1126640 208
-1 -1 55 -30.65890 -30.00000 1126848 880
-1 -1 89 -32.00000 -30.35500 1127728 1424
-1 -1 26 -30.39490 -30.00000 1129152 416
-1 -1 9 -31.53570 -31.41490 1129568 144
-1 -1 15 -32.00000 -31.66860 1129712 240
-1 -1 59 -31.41490 -30.00000 1129952 944
-1 -1 7 -31.66860 -31.53570 1130896 112
-1 -1 8 -31.08170 -30.91700 1131008 128
-1 -1 89 -30.79940 -30.09720 1131136 1424
-1 -1 90 -31.92530 -30.84440 1132560 1440
-1 -1 5 -30.91700 -30.79940 1134000 80
-1 -1 7 -32.00000 -31.92530 1134080 112
-1 -1 52 -32.86990 -32.00000 1134192 832
-1 -1 19 -33.29890 -32.90770 1135024 304
-1 -1 5 -32.90770 -32.86990 1135328 80
-1 -1 49 -34.00000 -33.23720 1135408 784
-1 -1 15 -32.45000 -32.00000 1136192 240
-1 -1 43 -34.00000 -32.45390 1136432 688
-1 -1 62 -33.74580 -32.00000 1137120 992
-1 -1 89 -36.00000 -34.27260 1138112 1424
-1 -1 22 -34.28610 -34.00000 1139536 352
-1 -1 4 -34.17360 -34.00000 1139888 64
-1 -1 119 -38.00000 -36.00000 1139952 1904
-1 -1 102 -40.00000 -38.00000 1141856 1632
-1 -1 102 -42.00000 -40.00000 1143488 1632
-1 -1 43 -43.12100 -42.12730 1145120 688
-1 -1 22 -42.17830 -42.00000 1145808 352
-1 -1 80 -44.00000 -43.12100 1146160 1280
-1 -1 12 -44.90730 -44.75420 1147440 192
-1 -1 76 -44.80360 -44.00000 1147632 1216
-1 -1 76 -46.00000 -44.90730 1148848 1216
-1 -1 37 -48.00000 -47.19890 1150064 592
-1 -1 66 -47.23450 -46.00000 1150656 1056
-1 -1 92 -50.00000 -48.00000 1151712 1472
-1 -1 102 -51.82980 -50.00000 1153184 1632
-1 -1 10 -51.99780 -51.82980 1154816 160
-1 -1 3 -51.99800 -51.99550 1154976 48
-1 -1 3 -52.00000 -51.99640 1155024 48
-1 -1 2 -54.00000 -52.64360 1155072 32
-1 -1 10 -52.37810 -52.00000 1155104 160
-1 -1 3 -54.88580 -54.00000 1155264 48
