-1 -1 5  70.00000  70.08887 0 40
-1 -1 2  70.00000  70.08789 40 16
-1 -1 9  65.00000  66.14941 56 72
-1 -1 3  68.53320  68.56445 128 24
-1 -1 27  66.14941  68.53906 152 216
-1 -1 6  68.56445  69.05762 368 48
-1 -1 3  68.37012  68.53320 416 24
-1 -1 96  65.51367  69.32617 440 768
-1 -1 29  68.61035  70.00000 1208 232
-1 -1 12  67.70508  69.05078 1440 96
-1 -1 16  65.95215  67.67773 1536 128
-1 -1 14  65.00000  65.68652 1664 112
-1 -1 21  69.02930  70.00000 1776 168
-1 -1 3  67.67773  67.70508 1944 24
-1 -1 6  65.66504  65.95215 1968 48
-1 -1 13  69.45703  69.79395 2016 104
-1 -1 2  65.00000  69.64551 2120 16
-1 -1 38  60.00000  65.00000 2136 304
-1 -1 4  64.79395  65.00000 2440 32
-1 -1 3  64.52441  64.58691 2472 24
-1 -1 3  63.73926  63.74512 2496 24
-1 -1 18  60.54785  61.73633 2520 144
-1 -1 5  60.25488  60.54590 2664 40
-1 -1 8  64.58691  64.79590 2704 64
-1 -1 15  63.74512  64.52441 2768 120
-1 -1 12  62.91406  63.73926 2888 96
-1 -1 11  61.73633  62.91211 2984 88
-1 -1 6  60.19336  65.00000 3072 48
-1 -1 6  60.00000  60.35254 3120 48
-1 -1 4  55.00000  55.08594 3168 32
-1 -1 23  58.88477  60.00000 3200 184
-1 -1 38  56.07812  56.45020 3384 304
-1 -1 38  56.07812  56.45020 3688 304
-1 -1 10  57.87109  58.02832 3992 80
-1 -1 17  55.02734  55.28711 4072 136
-1 -1 2  55.00000  55.07227 4208 16
-1 -1 18  55.67578  56.29590 4224 144
-1 -1 18  55.67578  56.29590 4368 144
-1 -1 35  57.52246  58.08398 4512 280
-1 -1 22  55.68848  56.14941 4792 176
-1 -1 22  55.68848  56.14941 4968 176
-1 -1 22  56.15137  57.53613 5144 176
-1 -1 20  55.00000  55.67480 5320 160
-1 -1 20  55.00000  55.67480 5480 160
-1 -1 13  58.00977  59.16016 5640 104
-1 -1 15  57.53613  58.00977 5744 120
-1 -1 8  55.67480  55.84668 5864 64
-1 -1 8  55.67480  55.84668 5928 64
-1 -1 9  55.79199  56.16699 5992 72
-1 -1 9  55.79199  56.16699 6064 72
-1 -1 5  59.16016  59.35254 6136 40
-1 -1 3  55.79199  55.82617 6176 24
-1 -1 3  55.79199  55.82617 6200 24
-1 -1 3  59.35254  59.47852 6224 24
-1 -1 14  55.59668  55.86621 6248 112
-1 -1 14  55.59668  55.86621 6360 112
-1 -1 15  55.00000  55.60352 6472 120
-1 -1 19  55.00000  55.36719 6592 152
-1 -1 18  55.20410  55.44434 6744 144
-1 -1 8  55.00000  55.31934 6888 64
-1 -1 7  55.13867  55.29688 6952 56
-1 -1 3  59.33105  59.37305 7008 24
-1 -1 30  58.90723  60.00000 7032 240
-1 -1 4  55.00000  55.26074 7272 32
-1 -1 46  55.31836  59.33105 7304 368
-1 -1 3  59.37305  59.39355 7672 24
-1 -1 3  55.26074  55.31836 7696 24
-1 -1 5  55.00000  55.07031 7720 40
-1 -1 9  50.00000  50.16699 7760 72
-1 -1 46  50.00000  51.09082 7832 368
-1 -1 34  51.20508  51.50098 8200 272
-1 -1 115  50.00000  53.60742 8472 920
-1 -1 36  50.75391  51.48633 9392 288
-1 -1 12  50.00000  50.18262 9680 96
-1 -1 18  54.78027  55.00000 9776 144
-1 -1 68  50.16797  51.05273 9920 544
-1 -1 3  50.88965  50.92773 10464 24
-1 -1 3  50.97852  51.01172 10488 24
-1 -1 12  50.00000  50.32324 10512 96
-1 -1 5  50.86621  51.15430 10608 40
-1 -1 35  51.32031  53.26953 10648 280
-1 -1 2  54.76562  54.78027 10928 16
-1 -1 3  50.86719  50.88965 10944 24
-1 -1 3  50.92773  50.97852 10968 24
-1 -1 96  50.00000  51.02832 10992 768
-1 -1 9  50.00000  50.05957 11760 72
-1 -1 3  54.41504  54.47656 11832 24
-1 -1 3  51.15430  51.32031 11856 24
-1 -1 96  50.00000  54.41895 11880 768
-1 -1 26  53.88867  54.15820 12648 208
-1 -1 26  53.88867  54.15820 12856 208
-1 -1 13  51.52051  51.92285 13064 104
-1 -1 12  54.36523  55.00000 13168 96
-1 -1 35  54.13086  54.97754 13264 280
-1 -1 35  54.13086  54.97754 13544 280
-1 -1 35  51.37500  51.66113 13824 280
-1 -1 5  51.92285  51.95996 14104 40
-1 -1 19  51.59766  51.93945 14144 152
-1 -1 2  54.97754  55.00000 14296 16
-1 -1 2  54.97754  55.00000 14312 16
-1 -1 14  51.37500  51.49902 14328 112
-1 -1 43  51.84375  52.37988 14440 344
-1 -1 15  54.46094  55.00000 14784 120
-1 -1 28  52.10840  53.12109 14904 224
-1 -1 25  53.08691  53.43848 15128 200
-1 -1 10  51.17285  51.26367 15328 80
-1 -1 8  51.25293  51.49219 15408 64
-1 -1 17  53.43848  53.82031 15472 136
-1 -1 24  51.25293  51.94434 15608 192
-1 -1 14  51.94434  52.11719 15800 112
-1 -1 14  51.36914  51.84375 15912 112
-1 -1 12  54.00195  54.45996 16024 96
-1 -1 3  53.80371  54.00195 16120 24
-1 -1 4  51.25977  51.36914 16144 32
-1 -1 43  50.00000  50.95898 16176 344
-1 -1 4  50.00000  50.07324 16520 32
-1 -1 11  50.95898  51.22168 16552 88
-1 -1 25  50.00000  51.23145 16640 200
-1 -1 13  50.00000  50.46094 16840 104
-1 -1 9  50.00000  50.37695 16944 72
-1 -1 19  51.23145  51.76953 17016 152
-1 -1 18  50.52832  51.03711 17168 144
-1 -1 30  51.45508  51.78125 17312 240
-1 -1 29  50.52832  51.50684 17552 232
-1 -1 15  51.44824  51.51465 17784 120
-1 -1 38  50.53223  51.12012 17904 304
-1 -1 29  50.47852  51.15625 18208 232
-1 -1 6  51.05469  51.15625 18440 48
-1 -1 5  51.07617  51.12012 18488 40
-1 -1 104  51.99902  54.18262 18528 832
-1 -1 14  50.66211  51.26465 19360 112
-1 -1 6  54.34082  54.40918 19472 48
-1 -1 6  54.34082  54.40918 19520 48
-1 -1 14  51.62012  52.00098 19568 112
-1 -1 12  54.19824  54.39258 19680 96
-1 -1 10  51.42773  51.62012 19776 80
-1 -1 7  54.16992  54.25977 19856 56
-1 -1 3  51.26660  51.42969 19912 24
-1 -1 17  54.64453  55.00000 19936 136
-1 -1 16  54.31543  54.71387 20072 128
-1 -1 16  54.31543  54.71387 20200 128
-1 -1 78  53.43652  54.38770 20328 624
-1 -1 22  54.19336  55.00000 20952 176
-1 -1 28  53.43652  53.84473 21128 224
-1 -1 4  50.81445  51.66895 21352 32
-1 -1 25  53.34570  54.47559 21384 200
-1 -1 8  53.80664  54.11523 21584 64
-1 -1 5  51.66895  53.34570 21648 40
-1 -1 47  50.08008  51.00293 21688 376
-1 -1 2  50.00000  50.00195 22064 16
-1 -1 36  50.73633  51.31445 22080 288
-1 -1 4  50.00195  50.08008 22368 32
-1 -1 54  50.00000  50.87500 22400 432
-1 -1 2  50.00000  50.03125 22832 16
-1 -1 4  50.00000  50.02246 22848 32
-1 -1 3  50.00000  50.00684 22880 24
-1 -1 37  50.00000  52.14355 22904 296
-1 -1 57  50.13574  51.74805 23200 456
-1 -1 21  50.00000  50.48340 23656 168
-1 -1 13  50.00000  50.28418 23824 104
-1 -1 4  50.00000  50.02832 23928 32
-1 -1 3  50.00000  50.16309 23960 24
-1 -1 38  50.00000  51.50781 23984 304
-1 -1 83  51.50781  53.55371 24288 664
-1 -1 72  50.20801  53.19434 24952 576
-1 -1 4  50.00000  50.20312 25528 32
-1 -1 5  54.70801  55.00000 25560 40
-1 -1 75  54.03711  55.00000 25600 600
-1 -1 11  49.78906  50.00000 26200 88
-1 -1 9  49.93848  50.00000 26288 72
-1 -1 84  47.58496  50.00000 26360 672
-1 -1 116  45.00000  46.50781 27032 928
-1 -1 22  46.90723  47.54102 27960 176
-1 -1 9  47.48926  47.59473 28136 72
-1 -1 127  45.93262  47.80664 28208 1016
-1 -1 30  49.44727  49.79785 29224 240
-1 -1 17  49.54492  50.00000 29464 136
-1 -1 7  47.06445  47.27441 29600 56
-1 -1 5  47.69336  47.71289 29656 40
-1 -1 21  46.38672  46.63574 29696 168
-1 -1 44  46.22266  47.00098 29864 352
-1 -1 152  47.27441  50.00000 30216 1216
-1 -1 82  45.58496  47.09473 31432 656
-1 -1 27  48.55664  49.01660 32088 216
-1 -1 17  45.42871  45.63867 32304 136
-1 -1 4  49.97656  50.00000 32440 32
-1 -1 49  49.19238  50.00000 32472 392
-1 -1 122  45.74805  46.87695 32864 976
-1 -1 97  46.86914  48.23438 33840 776
-1 -1 43  48.61719  49.51758 34616 344
-1 -1 46  48.14258  49.01855 34960 368
-1 -1 5  48.01270  48.14355 35328 40
-1 -1 37  45.00000  45.23730 35368 296
-1 -1 8  45.00000  45.21484 35664 64
-1 -1 31  45.00000  45.90723 35728 248
-1 -1 36  45.41309  46.53320 35976 288
-1 -1 44  49.07812  49.45703 36264 352
-1 -1 35  45.00000  46.16797 36616 280
-1 -1 96  46.11816  48.10742 36896 768
-1 -1 40  48.41211  50.00000 37664 320
-1 -1 50  47.95312  48.57617 37984 400
-1 -1 115  45.21191  48.26367 38384 920
-1 -1 49  46.55078  48.00977 39304 392
-1 -1 24  48.07129  48.48633 39696 192
-1 -1 19  48.25879  48.46484 39888 152
-1 -1 7  48.00977  48.16016 40040 56
-1 -1 5  46.48828  46.55078 40096 40
-1 -1 6  46.41602  46.49414 40136 48
-1 -1 2  49.90332  50.00000 40184 16
-1 -1 5  49.90430  50.00000 40200 40
-1 -1 24  49.55273  50.00000 40240 192
-1 -1 16  47.81836  48.24512 40432 128
-1 -1 5  48.27734  48.36719 40560 40
-1 -1 17  47.10938  47.86816 40600 136
-1 -1 9  48.58789  48.82227 40736 72
-1 -1 11  48.86035  49.14160 40808 88
-1 -1 7  48.36719  48.58789 40896 56
-1 -1 3  45.13672  45.43164 40952 24
-1 -1 3  49.60547  49.61426 40976 24
-1 -1 3  48.24512  48.29395 41000 24
-1 -1 5  48.80078  48.89551 41024 40
-1 -1 2  49.14160  49.18359 41064 16
-1 -1 8  49.18359  49.60059 41080 64
-1 -1 11  49.81738  50.00000 41144 88
-1 -1 36  46.34570  48.24902 41232 288
-1 -1 14  48.24902  50.00000 41520 112
-1 -1 2  45.00000  45.00293 41632 16
-1 -1 3  45.00293  45.57129 41648 24
-1 -1 62  45.00000  47.22363 41672 496
-1 -1 4  49.90625  50.00000 42168 32
-1 -1 85  46.90723  49.17285 42200 680
-1 -1 37  49.16211  49.98242 42880 296
-1 -1 47  49.09180  49.90625 43176 376
-1 -1 60  45.00000  47.89258 43552 480
-1 -1 3  49.98242  50.00000 44032 24
-1 -1 7  49.89355  50.00000 44056 56
-1 -1 3  49.94434  50.00000 44112 24
-1 -1 21  49.73340  50.00000 44136 168
-1 -1 27  49.19043  49.94531 44304 216
-1 -1 6  49.94336  50.00000 44520 48
-1 -1 10  45.00000  45.10059 44568 80
-1 -1 8  45.00000  45.44238 44648 64
-1 -1 26  49.14258  50.00000 44712 208
-1 -1 100  45.38867  50.00000 44920 800
-1 -1 6  49.88281  50.00000 45720 48
-1 -1 2  49.99023  50.00000 45768 16
-1 -1 23  49.50781  49.98926 45784 184
-1 -1 47  48.98535  50.00000 45968 376
-1 -1 88  45.00000  48.26758 46344 704
-1 -1 67  47.65625  48.98535 47048 536
-1 -1 12  48.22266  49.00000 47584 96
-1 -1 3  49.00000  49.00000 47680 24
-1 -1 3  49.00000  49.00000 47704 24
-1 -1 3  49.00000  49.00000 47728 24
-1 -1 3  49.00000  49.00000 47752 24
-1 -1 7  48.99902  49.37695 47776 56
-1 -1 63  48.04102  49.36035 47832 504
-1 -1 4  48.03027  48.12207 48336 32
-1 -1 13  46.96094  48.31250 48368 104
-1 -1 23  45.00000  46.96094 48472 184
-1 -1 4  45.00000  45.01953 48656 32
-1 -1 38  45.00000  46.12207 48688 304
-1 -1 10  46.12012  46.70703 48992 80
-1 -1 25  45.59375  47.36426 49072 200
-1 -1 5  46.70703  47.47168 49272 40
-1 -1 12  45.15039  45.59473 49312 96
-1 -1 23  42.60254  42.87598 49408 184
-1 -1 24  42.33984  42.50684 49592 192
-1 -1 18  42.44434  42.66504 49784 144
-1 -1 6  42.45801  42.50977 49928 48
-1 -1 41  43.78906  45.00000 49976 328
-1 -1 3  42.95312  43.18262 50304 24
-1 -1 2  42.48633  42.66309 50328 16
-1 -1 3  41.29297  41.41016 50344 24
-1 -1 4  43.72949  43.77051 50368 32
-1 -1 8  43.89551  43.98730 50400 64
-1 -1 28  41.85059  42.66113 50464 224
-1 -1 63  42.54590  45.00000 50688 504
-1 -1 3  44.99512  45.00000 51192 24
-1 -1 45  42.54590  45.00000 51216 360
-1 -1 6  43.06055  43.53418 51576 48
-1 -1 8  44.85352  45.00000 51624 64
-1 -1 63  43.68457  45.00000 51688 504
-1 -1 78  40.85645  41.57031 52192 624
-1 -1 65  40.00000  42.56348 52816 520
-1 -1 65  41.34180  44.22656 53336 520
-1 -1 21  41.94238  42.36133 53856 168
-1 -1 13  42.56348  43.06055 54024 104
-1 -1 38  43.62500  44.14844 54128 304
-1 -1 68  40.73535  41.75000 54432 544
-1 -1 40  41.71289  42.10840 54976 320
-1 -1 2  40.00000  40.03613 55296 16
-1 -1 5  40.25488  40.40332 55312 40
-1 -1 2  43.90430  43.92969 55352 16
-1 -1 65  40.00000  41.59473 55368 520
-1 -1 22  42.55762  42.89941 55888 176
-1 -1 22  42.55762  42.89941 56064 176
-1 -1 22  42.55762  42.89941 56240 176
-1 -1 35  42.89941  43.58008 56416 280
-1 -1 35  42.89941  43.58008 56696 280
-1 -1 22  41.11035  41.28711 56976 176
-1 -1 22  41.11035  41.28711 57152 176
-1 -1 4  41.04980  41.08691 57328 32
-1 -1 4  41.04980  41.08691 57360 32
-1 -1 37  40.00000  41.29883 57392 296
-1 -1 22  41.89648  42.72461 57688 176
-1 -1 22  41.89648  42.72461 57864 176
-1 -1 22  41.89648  42.72461 58040 176
-1 -1 45  41.04980  41.89551 58216 360
-1 -1 35  41.19629  41.89746 58576 280
-1 -1 2  41.28613  41.29785 58856 16
-1 -1 2  41.28613  41.29785 58872 16
-1 -1 7  40.60938  40.66504 58888 56
-1 -1 4  41.03125  41.08398 58944 32
-1 -1 2  41.08398  41.08691 58976 16
-1 -1 4  41.03125  41.08398 58992 32
-1 -1 2  41.08398  41.08691 59024 16
-1 -1 4  40.97266  41.00586 59040 32
-1 -1 13  41.74219  42.34863 59072 104
-1 -1 4  41.95215  42.00879 59176 32
-1 -1 3  42.10352  42.13672 59208 24
-1 -1 60  41.26270  42.79785 59232 480
-1 -1 12  41.26172  41.77441 59712 96
-1 -1 2  41.32617  45.00000 59808 16
-1 -1 29  41.16113  41.95215 59824 232
-1 -1 3  42.00879  42.10352 60056 24
-1 -1 4  42.13672  42.22266 60080 32
-1 -1 2  40.00000  40.03125 60112 16
-1 -1 2  40.00000  40.03125 60128 16
-1 -1 19  40.03125  41.30273 60144 152
-1 -1 6  43.48535  43.73828 60296 48
-1 -1 6  43.48535  43.73828 60344 48
-1 -1 5  43.48633  44.60547 60392 40
-1 -1 6  40.00000  40.21680 60432 48
-1 -1 47  40.59082  41.77246 60480 376
-1 -1 21  40.18945  40.81152 60856 168
-1 -1 9  40.00000  40.14941 61024 72
-1 -1 6  42.42383  43.67578 61096 48
-1 -1 6  42.42383  43.67578 61144 48
-1 -1 8  41.14355  42.42383 61192 64
-1 -1 5  41.14355  41.19434 61256 40
-1 -1 6  40.18457  40.23828 61296 48
-1 -1 7  41.04395  41.19434 61344 56
-1 -1 2  40.14160  40.14941 61400 16
-1 -1 17  40.00000  40.51953 61416 136
-1 -1 56  41.00391  42.30469 61552 448
-1 -1 75  40.14551  41.08301 62000 600
-1 -1 55  42.25293  43.26855 62600 440
-1 -1 10  40.00000  40.24512 63040 80
-1 -1 11  40.00000  40.21875 63120 88
-1 -1 16  41.77246  42.25293 63208 128
-1 -1 18  40.72559  41.05078 63336 144
-1 -1 10  42.93555  43.26855 63480 80
-1 -1 9  40.00000  40.16309 63560 72
-1 -1 6  40.00000  40.16309 63632 48
-1 -1 6  40.42969  40.72461 63680 48
-1 -1 7  40.94434  41.03320 63728 56
-1 -1 62  40.29883  42.03320 63784 496
-1 -1 4  44.80176  44.97266 64280 32
-1 -1 59  42.39551  42.99609 64312 472
-1 -1 4  42.80664  42.93555 64784 32
-1 -1 50  42.02930  44.82422 64816 400
-1 -1 2  44.97266  45.00000 65216 16
-1 -1 4  42.19629  42.39551 65232 32
-1 -1 15  44.26855  45.00000 65264 120
-1 -1 23  42.57031  44.29688 65384 184
-1 -1 18  41.59180  42.69141 65568 144
-1 -1 25  41.58105  42.64355 65712 200
-1 -1 31  42.64355  45.00000 65912 248
-1 -1 14  44.74512  45.00000 66160 112
-1 -1 11  40.09277  40.47559 66272 88
-1 -1 4  40.00000  40.09570 66360 32
-1 -1 150  40.45605  43.00586 66392 1200
-1 -1 17  42.41992  42.97852 67592 136
-1 -1 54  42.29590  45.00000 67728 432
-1 -1 12  41.67578  42.54980 68160 96
-1 -1 3  43.01562  45.00000 68256 24
-1 -1 8  42.55371  43.01367 68280 64
-1 -1 22  42.43359  44.98047 68344 176
-1 -1 4  44.98047  45.00000 68520 32
-1 -1 3  44.99219  45.00000 68552 24
-1 -1 88  40.00000  42.15430 68576 704
-1 -1 33  42.70996  43.39746 69280 264
-1 -1 35  35.00000  36.94336 69544 280
-1 -1 5  39.66406  39.84473 69824 40
-1 -1 4  39.87012  39.93457 69864 32
-1 -1 18  39.64551  40.00000 69896 144
-1 -1 7  36.03027  36.20508 70040 56
-1 -1 6  37.64844  37.83984 70096 48
-1 -1 4  36.46875  36.54395 70144 32
-1 -1 5  36.56348  36.76660 70176 40
-1 -1 3  37.25195  37.50488 70216 24
-1 -1 5  38.11230  38.32422 70240 40
-1 -1 5  39.38672  39.42676 70280 40
-1 -1 5  36.92969  37.06348 70320 40
-1 -1 3  39.81348  40.00000 70360 24
-1 -1 5  36.62988  36.70312 70384 40
-1 -1 4  38.48438  38.70117 70424 32
-1 -1 4  38.88086  39.07520 70456 32
-1 -1 54  35.81738  36.91406 70488 432
-1 -1 78  36.75586  39.78027 70920 624
-1 -1 17  36.81250  37.32129 71544 136
-1 -1 7  39.63281  40.00000 71680 56
-1 -1 9  39.40820  39.65039 71736 72
-1 -1 37  36.97070  37.38477 71808 296
-1 -1 11  35.00000  37.06152 72104 88
-1 -1 4  39.70605  39.75879 72192 32
-1 -1 7  37.05957  37.31934 72224 56
-1 -1 61  35.00000  36.75586 72280 488
-1 -1 75  38.39258  39.71973 72768 600
-1 -1 33  38.87793  40.00000 73368 264
-1 -1 26  38.84180  39.77930 73632 208
-1 -1 13  37.32715  37.84180 73840 104
-1 -1 69  37.04297  38.28516 73944 552
-1 -1 72  35.00000  37.21191 74496 576
-1 -1 26  35.60547  37.04297 75072 208
-1 -1 13  38.61719  40.00000 75280 104
-1 -1 13  38.61719  40.00000 75384 104
-1 -1 84  36.92383  37.61523 75488 672
-1 -1 23  37.36523  38.61719 76160 184
-1 -1 23  37.36523  38.61719 76344 184
-1 -1 19  39.51855  40.00000 76528 152
-1 -1 37  37.18555  39.29395 76680 296
-1 -1 31  39.29395  40.00000 76976 248
-1 -1 26  36.91211  37.30273 77224 208
-1 -1 55  37.54004  40.00000 77432 440
-1 -1 111  36.67578  38.47266 77872 888
-1 -1 67  35.00000  37.02539 78760 536
-1 -1 8  39.90820  40.00000 79296 64
-1 -1 14  39.50781  39.62500 79360 112
-1 -1 51  39.19238  39.62012 79472 408
-1 -1 13  39.88086  40.00000 79880 104
-1 -1 10  39.76562  39.88867 79984 80
-1 -1 7  39.90723  39.98828 80064 56
-1 -1 60  35.00000  37.00195 80120 480
-1 -1 7  37.29395  37.54004 80600 56
-1 -1 4  35.00000  35.50000 80656 32
-1 -1 6  39.82910  40.00000 80688 48
-1 -1 4  37.75879  38.02539 80736 32
-1 -1 3  37.75879  37.99707 80768 24
-1 -1 2  37.99707  38.02539 80792 16
-1 -1 11  38.22461  38.33301 80808 88
-1 -1 7  38.30664  38.62109 80896 56
-1 -1 4  38.00098  38.22461 80952 32
-1 -1 9  37.69531  37.83496 80984 72
-1 -1 4  37.83203  38.00098 81056 32
-1 -1 4  37.65723  37.69238 81088 32
-1 -1 56  37.18848  40.00000 81120 448
-1 -1 2  35.84180  35.91602 81568 16
-1 -1 2  36.15137  36.15137 81584 16
-1 -1 4  35.00000  35.08594 81600 32
-1 -1 5  35.26270  35.32910 81632 40
-1 -1 7  30.00000  30.48242 81672 56
-1 -1 24  30.23438  35.00000 81728 192
-1 -1 29  30.48242  33.17285 81920 232
-1 -1 6  30.82812  31.46973 82152 48
-1 -1 7  30.00000  30.72852 82200 56
-1 -1 4  31.46973  31.64648 82256 32
-1 -1 3  30.72852  30.82812 82288 24
-1 -1 10  30.00000  31.32227 82312 80
-1 -1 8  31.34961  31.64355 82392 64
-1 -1 3  32.07422  32.22363 82456 24
-1 -1 3  31.94336  32.02148 82480 24
-1 -1 4  31.82227  31.86816 82504 32
-1 -1 4  31.83496  31.85742 82536 32
-1 -1 7  31.21680  31.59668 82568 56
-1 -1 30  30.00000  33.37793 82624 240
-1 -1 6  31.64355  31.83301 82864 48
-1 -1 21  30.00000  31.49707 82912 168
-1 -1 23  32.22363  32.75000 83080 184
-1 -1 3  32.02148  32.07422 83264 24
-1 -1 4  31.86816  31.94336 83288 32
-1 -1 7  31.82227  31.86035 83320 56
-1 -1 6  31.85742  31.98633 83376 48
-1 -1 2  33.37500  33.94531 83424 16
-1 -1 2  32.06152  32.23633 83440 16
-1 -1 13  33.06348  33.29004 83456 104
-1 -1 4  31.78613  31.80762 83560 32
-1 -1 3  33.20703  33.25195 83592 24
-1 -1 61  33.06348  34.69238 83616 488
-1 -1 5  33.94531  35.00000 84104 40
-1 -1 8  30.00000  32.06152 84144 64
-1 -1 105  30.00000  35.00000 84208 840
-1 -1 5  30.00000  30.08496 85048 40
-1 -1 2  30.00000  30.00781 85088 16
-1 -1 4  30.00000  30.03320 85104 32
-1 -1 48  30.00000  35.00000 85136 384
-1 -1 10  33.74902  34.05273 85520 80
-1 -1 83  30.00000  33.13477 85600 664
-1 -1 31  33.94336  35.00000 86264 248
-1 -1 16  33.13477  33.74902 86512 128
-1 -1 39  30.00000  31.59668 86640 312
-1 -1 60  32.44922  34.78320 86952 480
-1 -1 13  31.59863  32.06445 87432 104
-1 -1 29  33.40723  35.00000 87536 232
-1 -1 87  30.86133  33.40527 87768 696
-1 -1 25  34.50098  35.00000 88464 200
-1 -1 6  32.30273  32.47852 88664 48
-1 -1 15  32.06250  32.30469 88712 120
-1 -1 26  30.00000  30.86133 88832 208
-1 -1 38  30.00000  30.42480 89040 304
-1 -1 2  32.53516  32.69727 89344 16
-1 -1 9  31.33301  32.71875 89360 72
-1 -1 25  30.66211  31.78320 89432 200
-1 -1 13  30.00000  30.66211 89632 104
-1 -1 4  30.00000  30.41113 89736 32
-1 -1 83  30.41113  35.00000 89768 664
-1 -1 26  25.37109  30.00000 90432 208
-1 -1 3  25.00000  25.37109 90640 24
-1 -1 7  25.00000  30.00000 90664 56
-1 -1 2  29.35449  29.36035 90720 16
-1 -1 6  29.48535  30.00000 90736 48
-1 -1 2  29.55078  29.62695 90784 16
-1 -1 2  29.54590  29.57617 90800 16
-1 -1 5  29.18848  30.00000 90816 40
-1 -1 7  29.62695  30.00000 90856 56
-1 -1 3  29.20605  29.46680 90912 24
-1 -1 3  29.45898  30.00000 90936 24
-1 -1 2  29.05078  29.20508 90960 16
-1 -1 4  29.85352  30.00000 90976 32
-1 -1 10  28.53906  29.47461 91008 80
-1 -1 5  29.10449  30.00000 91088 40
-1 -1 5  27.88574  28.11816 91128 40
-1 -1 9  28.22461  28.69824 91168 72
-1 -1 5  27.88574  28.11816 91240 40
-1 -1 9  28.22461  28.69824 91280 72
-1 -1 3  28.77441  29.10254 91352 24
-1 -1 4  29.98535  30.00000 91376 32
-1 -1 3  29.90137  30.00000 91408 24
-1 -1 5  27.17773  27.88574 91432 40
-1 -1 4  28.11816  28.22461 91472 32
-1 -1 5  27.17773  27.88574 91504 40
-1 -1 4  28.11816  28.22461 91544 32
-1 -1 4  25.00000  25.47949 91576 32
-1 -1 6  25.63770  25.79004 91608 48
-1 -1 16  25.77539  26.72656 91656 128
-1 -1 12  25.61523  26.08398 91784 96
-1 -1 12  25.61523  26.08398 91880 96
-1 -1 82  25.19336  30.00000 91976 656
-1 -1 10  29.38867  29.86133 92632 80
-1 -1 7  29.54102  30.00000 92712 56
-1 -1 13  26.58496  27.56445 92768 104
-1 -1 29  27.56445  30.00000 92872 232
-1 -1 23  25.00000  26.59473 93104 184
-1 -1 121  26.89648  30.00000 93288 968
-1 -1 67  28.54395  30.00000 94256 536
-1 -1 145  25.00000  26.63184 94792 1160
-1 -1 36  26.41992  26.89648 95952 288
-1 -1 97  26.34766  28.11914 96240 776
-1 -1 14  27.32031  28.32324 97016 112
-1 -1 82  27.80469  28.64062 97128 656
-1 -1 39  25.00000  25.27344 97784 312
-1 -1 7  29.12793  29.32812 98096 56
-1 -1 4  29.14844  29.17383 98152 32
-1 -1 16  25.00000  25.73145 98184 128
-1 -1 75  26.73340  28.32422 98312 600
-1 -1 54  27.72852  29.32715 98912 432
-1 -1 4  29.12402  29.14844 99344 32
-1 -1 144  25.73145  29.46777 99376 1152
-1 -1 105  25.00000  28.54883 100528 840
-1 -1 117  28.02344  30.00000 101368 936
-1 -1 80  25.84180  28.02344 102304 640
-1 -1 3  25.00000  26.00000 102944 24
-1 -1 2  27.66699  27.66699 102968 16
-1 -1 36  26.00000  30.00000 102984 288
-1 -1 2  25.00000  25.00000 103272 16
-1 -1 3  25.11816  27.29004 103288 24
-1 -1 2  27.66699  27.66699 103312 16
-1 -1 3  25.00000  25.11816 103328 24
-1 -1 26  20.00000  21.81543 103352 208
-1 -1 3  20.84668  22.37500 103560 24
-1 -1 2  20.00000  20.85254 103584 16
-1 -1 15  22.61328  25.00000 103600 120
-1 -1 2  22.99414  23.00098 103720 16
-1 -1 2  22.37500  23.52148 103736 16
-1 -1 5  21.58496  23.49707 103752 40
-1 -1 12  20.00000  22.99414 103792 96
-1 -1 3  22.52246  25.00000 103888 24
-1 -1 3  20.00000  20.00195 103912 24
-1 -1 3  20.00000  21.58496 103936 24
-1 -1 2  20.00000  22.52246 103960 16
-1 -1 3  21.99902  22.00000 103976 24
-1 -1 8  21.99805  22.23242 104000 64
-1 -1 7  21.72363  22.84863 104064 56
-1 -1 3  22.77051  23.12598 104120 24
-1 -1 11  22.49902  25.00000 104144 88
-1 -1 3  24.55566  24.62012 104232 24
-1 -1 54  22.69922  24.98340 104256 432
-1 -1 4  20.00000  22.69922 104688 32
-1 -1 5  24.17090  24.29688 104720 40
-1 -1 25  23.64844  24.33301 104760 200
-1 -1 35  24.17285  25.00000 104960 280
-1 -1 86  21.62793  25.00000 105240 688
-1 -1 134  21.14062  25.00000 105928 1072
-1 -1 83  21.95508  25.00000 107000 664
-1 -1 21  20.00000  20.45508 107664 168
-1 -1 104  22.02246  25.00000 107832 832
-1 -1 6  21.69922  22.05078 108664 48
-1 -1 119  21.13965  23.19043 108712 952
-1 -1 5  20.34570  20.40723 109664 40
-1 -1 103  20.00000  22.39746 109704 824
-1 -1 2  20.00000  20.15527 110528 16
-1 -1 48  20.14453  21.76953 110544 384
-1 -1 8  21.43262  21.69922 110928 64
-1 -1 15  21.43457  21.68555 110992 120
-1 -1 87  21.58594  23.37793 111112 696
-1 -1 8  21.44922  21.66699 111808 64
-1 -1 17  22.14355  22.60938 111872 136
-1 -1 9  22.09180  22.21191 112008 72
-1 -1 7  20.76465  21.33887 112080 56
-1 -1 11  21.33789  25.00000 112136 88
-1 -1 4  20.00000  25.00000 112224 32
-1 -1 3  21.82520  25.00000 112256 24
-1 -1 39  15.35742  20.00000 112280 312
-1 -1 2  15.00000  15.00195 112592 16
-1 -1 6  15.00000  15.43262 112608 48
-1 -1 3  15.00000  15.00098 112656 24
-1 -1 3  15.00000  15.00098 112680 24
-1 -1 2  19.14648  19.29102 112704 16
-1 -1 3  19.29102  20.00000 112720 24
-1 -1 5  15.00000  16.39160 112744 40
-1 -1 5  16.39160  20.00000 112784 40
-1 -1 2  19.99902  20.00000 112824 16
-1 -1 3  19.50000  20.00000 112840 24
-1 -1 16  15.00000  19.50000 112864 128
-1 -1 3  19.99902  20.00000 112992 24
-1 -1 56  15.00000  17.99316 113016 448
-1 -1 48  16.37793  17.52539 113464 384
-1 -1 13  16.95117  18.70801 113848 104
-1 -1 2  18.99902  20.00000 113952 16
-1 -1 5  16.63086  18.99902 113968 40
-1 -1 157  15.00000  20.00000 114008 1256
-1 -1 39  16.26367  18.43457 115264 312
-1 -1 28  19.60547  20.00000 115576 224
-1 -1 36  18.73828  19.69238 115800 288
-1 -1 66  17.45996  20.00000 116088 528
-1 -1 46  17.53027  18.21387 116616 368
-1 -1 30  15.00000  16.26367 116984 240
-1 -1 52  16.62695  18.74414 117224 416
-1 -1 60  15.00000  16.62891 117640 480
-1 -1 68  15.00000  17.82031 118120 544
-1 -1 9  15.88965  17.81934 118664 72
-1 -1 3  15.00000  15.07324 118736 24
-1 -1 25  17.81934  18.48828 118760 200
-1 -1 11  15.07324  15.72461 118960 88
-1 -1 3  15.00000  15.00293 119048 24
-1 -1 3  15.00000  15.02539 119072 24
-1 -1 3  15.00000  15.01465 119096 24
-1 -1 37  18.04199  19.70605 119120 296
-1 -1 35  16.05469  16.67383 119416 280
-1 -1 74  15.00000  16.69336 119696 592
-1 -1 38  15.00000  15.64844 120288 304
-1 -1 10  15.37305  15.70508 120592 80
-1 -1 4  15.49805  20.00000 120672 32
-1 -1 6  15.00000  15.08984 120704 48
-1 -1 8  10.00000  10.27344 120752 64
-1 -1 40  10.00000  12.39355 120816 320
-1 -1 11  10.00000  10.99609 121136 88
-1 -1 57  11.89551  15.00000 121224 456
-1 -1 48  10.93652  11.67871 121680 384
-1 -1 32  11.67969  12.39551 122064 256
-1 -1 5  14.94238  15.00000 122320 40
-1 -1 3  14.96094  15.00000 122360 24
-1 -1 4  14.97266  15.00000 122384 32
-1 -1 19  11.69434  13.78125 122416 152
-1 -1 14  10.27344  10.60449 122568 112
-1 -1 5  10.96387  11.09668 122680 40
-1 -1 31  12.80273  13.89062 122720 248
-1 -1 6  13.73340  13.89160 122968 48
-1 -1 109  10.00000  13.71973 123016 872
-1 -1 13  13.71777  15.00000 123888 104
-1 -1 21  12.09180  12.83008 123992 168
-1 -1 5  12.82812  13.08496 124160 40
-1 -1 38  10.00000  12.10742 124200 304
-1 -1 7  10.00000  10.92188 124504 56
-1 -1 101  10.00000  15.00000 124560 808
-1 -1 4  11.20508  11.34082 125368 32
-1 -1 19  10.00000  11.17383 125400 152
-1 -1 35  11.34082  15.00000 125552 280
-1 -1 3  11.17383  11.20508 125832 24
-1 -1 15  10.00000  11.47656 125856 120
-1 -1 48  10.93164  12.70898 125976 384
-1 -1 93  10.34473  15.00000 126360 744
-1 -1 4  10.00000  10.35156 127104 32
-1 -1 83  11.63574  14.44824 127136 664
-1 -1 3  14.30469  14.37012 127800 24
-1 -1 7  10.41406  10.66113 127824 56
-1 -1 17  10.03223  10.48340 127880 136
-1 -1 57  13.91504  15.00000 128016 456
-1 -1 3  14.37012  14.38379 128472 24
-1 -1 6  14.21777  14.35059 128496 48
-1 -1 57  10.66113  11.77734 128544 456
-1 -1 8  14.70508  15.00000 129000 64
-1 -1 40  11.86914  13.79590 129064 320
-1 -1 34  14.30469  14.70703 129384 272
-1 -1 17  13.92969  14.70801 129656 136
-1 -1 6  11.66504  11.87109 129792 48
-1 -1 5  13.79590  13.93359 129840 40
-1 -1 8  14.54688  15.00000 129880 64
-1 -1 6  13.74609  13.95117 129944 48
-1 -1 75  12.97949  14.72656 129992 600
-1 -1 8  10.97949  11.21387 130592 64
-1 -1 42  13.81836  14.43164 130656 336
-1 -1 26  14.27441  15.00000 130992 208
-1 -1 12  13.95117  14.22754 131200 96
-1 -1 11  13.40527  13.81836 131296 88
-1 -1 2  12.98633  13.00000 131384 16
-1 -1 3  14.97949  15.00000 131400 24
-1 -1 3  14.99609  15.00000 131424 24
-1 -1 4  14.97949  15.00000 131448 32
-1 -1 54  14.61816  15.00000 131480 432
-1 -1 27  10.70801  11.07812 131912 216
-1 -1 22  10.00000  11.85449 132128 176
-1 -1 17  12.32324  12.68457 132304 136
-1 -1 9  13.58984  13.82617 132440 72
-1 -1 19  13.06152  13.59570 132512 152
-1 -1 2  10.95801  10.97266 132664 16
-1 -1 8  14.72461  15.00000 132680 64
-1 -1 99  12.30176  13.70801 132744 792
-1 -1 43  13.23340  13.80469 133536 344
-1 -1 10  14.72656  15.00000 133880 80
-1 -1 33  10.97266  12.15527 133960 264
-1 -1 24  11.89551  12.22461 134224 192
-1 -1 31  11.89355  12.40820 134416 248
-1 -1 26  13.70898  14.76465 134664 208
-1 -1 12  12.15430  12.29297 134872 96
-1 -1 7  12.29395  12.67578 134968 56
-1 -1 59  10.06152  11.98340 135024 472
-1 -1 50  10.00000  12.00781 135496 400
-1 -1 43  10.14355  10.66504 135896 344
-1 -1 14  12.02734  12.26367 136240 112
-1 -1 30  10.25684  10.73535 136352 240
-1 -1 18  12.00781  12.50293 136592 144
-1 -1 14  10.19043  10.45801 136736 112
-1 -1 11  12.25000  12.50391 136848 88
-1 -1 5  10.00000  10.06152 136936 40
-1 -1 62  11.98145  13.50391 136976 496
-1 -1 22  10.00000  11.00391 137472 176
-1 -1 32  13.27637  15.00000 137648 256
-1 -1 2  14.99902  15.00000 137904 16
-1 -1 32  10.91211  11.16699 137920 256
-1 -1 7  10.60840  10.91797 138176 56
-1 -1 4  11.09180  11.13965 138232 32
-1 -1 2  10.92871  10.96094 138264 16
-1 -1 86   6.58789  10.00000 138280 688
-1 -1 40   7.89355  10.00000 138968 320
-1 -1 43   6.28125  10.00000 139288 344
-1 -1 22   6.36426   7.89551 139632 176
-1 -1 14   6.10059   6.59277 139808 112
-1 -1 4   6.21875   6.28027 139920 32
-1 -1 33   5.00000   6.88184 139952 264
-1 -1 95   6.43359  10.00000 140216 760
-1 -1 31   5.00000   6.74219 140976 248
-1 -1 21   8.67090   9.99902 141224 168
-1 -1 47   7.95801   9.09961 141392 376
-1 -1 10   5.00000   5.15137 141768 80
-1 -1 16   6.74219   7.52930 141848 128
-1 -1 41   7.45801   8.67090 141976 328
-1 -1 6   9.92676   9.99023 142304 48
-1 -1 2   9.99219  10.00000 142352 16
-1 -1 25   7.54590   7.98730 142368 200
-1 -1 60   7.96875  10.00000 142568 480
-1 -1 47   9.08887  10.00000 143048 376
-1 -1 14   5.00000   5.11523 143424 112
-1 -1 89   5.00000   7.96875 143536 712
-1 -1 87   5.00000   5.38184 144248 696
-1 -1 3   5.00000   5.01758 144944 24
-1 -1 81   5.85742  10.00000 144968 648
-1 -1 19   5.00000   5.85742 145616 152
-1 -1 4   5.00000   5.02344 145768 32
-1 -1 17   8.67480  10.00000 145800 136
-1 -1 7   5.00000   8.67480 145936 56
-1 -1 3   6.42090   6.50684 145992 24
-1 -1 10   9.50879  10.00000 146016 80
-1 -1 59   5.63086   6.71094 146096 472
-1 -1 40   8.02930   9.61230 146568 320
-1 -1 37   7.22852   8.67480 146888 296
-1 -1 105   6.82715  10.00000 147184 840
-1 -1 24   6.08301   6.82715 148024 192
-1 -1 18   5.00000   6.19336 148216 144
-1 -1 3   5.10938   5.23242 148360 24
-1 -1 3   5.00000   5.20605 148384 24
-1 -1 75   5.17480   7.84668 148408 600
-1 -1 8   7.84570   8.09180 149008 64
-1 -1 4   5.00000   5.10938 149072 32
-1 -1 3   5.00000   5.01074 149104 24
-1 -1 3   5.00000   5.01270 149128 24
-1 -1 19   5.00000   5.48535 149152 152
-1 -1 9   8.09180   8.53516 149304 72
-1 -1 9   5.00000   5.76465 149376 72
-1 -1 86   8.27539   9.99707 149448 688
-1 -1 17   8.27344   8.53223 150136 136
-1 -1 31   6.92676   8.48828 150272 248
-1 -1 44   8.37793  10.00000 150520 352
-1 -1 100   5.00000   7.55957 150872 800
-1 -1 72   7.19434   8.50391 151672 576
-1 -1 48   7.36719   8.56934 152248 384
-1 -1 74   9.39648  10.00000 152632 592
-1 -1 29   8.78125  10.00000 153224 232
-1 -1 41   5.58984   8.78027 153456 328
-1 -1 17   5.10059   5.58887 153784 136
-1 -1 5   5.08594   5.12402 153920 40
-1 -1 8   4.68164   5.00000 153960 64
-1 -1 6   2.17285   2.34473 154024 48
-1 -1 6   0.97559   1.06934 154072 48
-1 -1 103   0.00000   2.32715 154120 824
-1 -1 10   4.42090   5.00000 154944 80
-1 -1 31   1.99805   2.20801 155024 248
-1 -1 5   1.00195   2.17285 155272 40
-1 -1 3   4.97656   5.00000 155312 24
-1 -1 24   3.47852   5.00000 155336 192
-1 -1 23   0.00000   2.42383 155528 184
-1 -1 76   1.65430   4.42090 155712 608
-1 -1 54   2.22168   3.71289 156320 432
-1 -1 6   2.42773   3.07422 156752 48
-1 -1 14   4.91113   5.00000 156800 112
-1 -1 85   4.12695   5.00000 156912 680
-1 -1 75   4.22461   5.00000 157592 600
-1 -1 13   0.00000   0.85156 158192 104
-1 -1 3   4.99512   5.00000 158296 24
-1 -1 3   4.94629   5.00000 158320 24
-1 -1 65   0.85156   4.22461 158344 520
-1 -1 25   3.49121   4.61328 158864 200
-1 -1 54   1.95215   4.22266 159064 432
-1 -1 16   1.09277   1.87793 159496 128
-1 -1 5   4.60156   4.90918 159624 40
-1 -1 15   0.23438   1.11426 159664 120
-1 -1 3   0.00000   0.23633 159784 24
-1 -1 51   3.40625   5.00000 159808 408
-1 -1 2   4.61328   4.61914 160216 16
-1 -1 3   1.87793   1.95215 160232 24
-1 -1 4   4.90918   5.00000 160256 32
-1 -1 11   4.60449   5.00000 160288 88
-1 -1 40   3.93359   4.96289 160376 320
-1 -1 2   0.00000   2.82129 160696 16
-1 -1 3   2.83301   3.99023 160712 24
-1 -1 2   4.95605   5.00000 160736 16
-1 -1 10   1.27832   1.46387 160752 80
-1 -1 16   1.29395   2.07031 160832 128
-1 -1 91   0.85352   2.36426 160960 728
-1 -1 28   4.01855   4.86523 161688 224
-1 -1 72   2.36426   4.38574 161912 576
-1 -1 2   4.86523   4.89551 162488 16
-1 -1 18   4.31445   4.90234 162504 144
-1 -1 61   0.00000   1.43750 162648 488
-1 -1 4   0.00000   0.59082 163136 32
-1 -1 17   0.58203   0.74023 163168 136
-1 -1 31   0.64941   1.22266 163304 248
-1 -1 36   2.79199   5.00000 163552 288
-1 -1 37   1.17383   2.14355 163840 296
-1 -1 29   1.22168   2.83984 164136 232
-1 -1 25   0.61914   1.71387 164368 200
-1 -1 16   4.49414   4.93066 164568 128
-1 -1 66   1.17090   4.28418 164696 528
-1 -1 74   3.56055   5.00000 165224 592
-1 -1 2   4.93066   5.00000 165816 16
-1 -1 208   1.18555   5.00000 165832 1664
-1 -1 3   4.99219   5.00000 167496 24
-1 -1 4   4.98926   5.00000 167520 32
-1 -1 42   1.83594   2.58887 167552 336
-1 -1 84   2.11328   4.03516 167888 672
-1 -1 50   2.32910   5.00000 168560 400
-1 -1 18   4.35352   5.00000 168960 144
-1 -1 177  -3.92285   0.00000 169104 1416
-1 -1 68  -5.00000  -4.27246 170520 544
-1 -1 14  -5.00000  -4.63379 171064 112
-1 -1 47  -4.57520   0.00000 171176 376
-1 -1 32  -1.47656   0.00000 171552 256
-1 -1 15  -4.46094  -3.33691 171808 120
-1 -1 45  -3.33398  -2.30957 171928 360
-1 -1 5  -5.00000  -4.44922 172288 40
-1 -1 21  -2.73828  -1.69238 172328 168
-1 -1 7  -1.69238  -1.38477 172496 56
-1 -1 23  -1.55664  -0.99805 172552 184
-1 -1 70  -4.28516  -2.29785 172736 560
-1 -1 26  -2.39844  -1.06152 173296 208
-1 -1 4  -1.00098   0.00000 173504 32
-1 -1 16  -4.67090  -1.55664 173536 128
-1 -1 4  -1.67188   0.00000 173664 32
-1 -1 2  -5.00000  -2.60547 173696 16
-1 -1 5  -4.37109  -4.28320 173712 40
-1 -1 31  -4.47852  -3.36914 173752 248
-1 -1 10  -0.15723   0.00000 174000 80
-1 -1 71  -5.00000  -0.10742 174080 568
-1 -1 21  -5.00000  -4.37109 174648 168
-1 -1 158  -4.17188  -0.15723 174816 1264
-1 -1 3  -0.22559   0.00000 176080 24
-1 -1 76  -5.00000  -4.11230 176104 608
-1 -1 29  -4.22461  -0.22559 176712 232
-1 -1 17  -5.90820  -5.83594 176944 136
-1 -1 2  -5.01465  -5.00000 177080 16
-1 -1 8  -5.77930  -5.00000 177096 64
-1 -1 8  -6.05273  -5.85645 177160 64
-1 -1 109  -8.10840  -5.85254 177224 872
-1 -1 52 -10.00000  -6.91406 178096 416
-1 -1 23 -10.00000  -8.48145 178512 184
-1 -1 15  -6.80273  -5.00000 178696 120
-1 -1 2  -8.47949  -8.30957 178816 16
-1 -1 48 -10.00000  -9.37305 178832 384
-1 -1 10  -8.30957  -6.80273 179216 80
-1 -1 36  -9.40625  -8.19336 179296 288
-1 -1 25  -9.10156  -5.00000 179584 200
-1 -1 3  -5.00586  -5.00000 179784 24
-1 -1 101 -10.00000  -5.00000 179808 808
-1 -1 32 -10.00000  -9.42969 180616 256
-1 -1 35 -10.00000  -9.68164 180872 280
-1 -1 68 -11.46387 -10.00000 181152 544
-1 -1 25 -15.00000 -10.87109 181696 200
-1 -1 167 -13.45801 -10.00000 181896 1336
-1 -1 16 -13.60742 -11.57422 183232 128
-1 -1 137 -15.00000 -10.00000 183360 1096
-1 -1 31 -11.56543 -10.00000 184456 248
-1 -1 13 -15.00000 -14.01270 184704 104
-1 -1 8 -12.12402 -11.99414 184808 64
-1 -1 8 -12.07520 -11.96875 184872 64
-1 -1 58 -11.74023 -11.25195 184936 464
-1 -1 9 -15.00000 -13.60742 185400 72
-1 -1 17 -11.41602 -10.80664 185472 136
-1 -1 8 -10.80664 -10.47949 185608 64
-1 -1 4 -10.00391 -10.00000 185672 32
-1 -1 7 -11.06934 -10.00000 185704 56
-1 -1 16 -10.69238 -10.00000 185760 128
-1 -1 44 -11.90723 -10.00000 185888 352
-1 -1 3 -11.99512 -11.92383 186240 24
-1 -1 34 -11.14062 -10.65723 186264 272
-1 -1 50 -15.00000 -10.95117 186536 400
-1 -1 3 -11.92383 -11.90723 186936 24
-1 -1 114 -15.00000 -11.99512 186960 912
-1 -1 43 -17.42969 -16.95215 187872 344
-1 -1 23 -17.89844 -17.38672 188216 184
-1 -1 23 -18.03711 -17.85645 188400 184
-1 -1 11 -17.62598 -15.00000 188584 88
-1 -1 5 -20.00000 -17.99902 188672 40
-1 -1 15 -17.58789 -17.47266 188712 120
-1 -1 44 -18.48535 -17.78906 188832 352
-1 -1 2 -18.01562 -17.47949 189184 16
-1 -1 63 -18.07617 -15.61621 189200 504
-1 -1 40 -20.00000 -17.58496 189704 320
-1 -1 7 -17.83203 -17.78320 190024 56
-1 -1 34 -16.79395 -15.00000 190080 272
-1 -1 16 -15.66504 -15.00000 190352 128
-1 -1 34 -20.00000 -18.40430 190480 272
-1 -1 37 -17.34570 -15.63379 190752 296
-1 -1 20 -18.41113 -17.35742 191048 160
-1 -1 41 -17.13574 -15.00000 191208 328
-1 -1 5 -18.34766 -18.26953 191536 40
-1 -1 43 -20.00000 -17.50488 191576 344
-1 -1 55 -18.26953 -15.00000 191920 440
-1 -1 6 -16.26953 -15.00000 192360 48
-1 -1 4 -20.00000 -19.29883 192408 32
-1 -1 39 -20.00000 -16.26953 192440 312
-1 -1 7 -20.00000 -19.29688 192752 56
-1 -1 8 -23.23926 -22.63867 192808 64
-1 -1 3 -23.97559 -22.00098 192872 24
-1 -1 3 -22.00098 -20.00000 192896 24
-1 -1 6 -25.00000 -23.97559 192920 48
-1 -1 2 -25.00000 -24.76562 192968 16
-1 -1 17 -20.50977 -20.00000 192984 136
-1 -1 73 -24.63184 -22.18262 193120 584
-1 -1 38 -22.07910 -20.50781 193704 304
-1 -1 14 -22.22559 -22.12402 194008 112
-1 -1 3 -25.00000 -24.74023 194120 24
-1 -1 7 -24.74414 -24.61914 194144 56
-1 -1 3 -22.19238 -22.06348 194200 24
-1 -1 13 -25.00000 -22.41797 194224 104
-1 -1 21 -21.34473 -20.00000 194328 168
-1 -1 20 -22.41602 -21.31152 194496 160
-1 -1 60 -25.00000 -20.00000 194656 480
-1 -1 29 -22.82031 -21.78711 195136 232
-1 -1 97 -24.04199 -21.99707 195368 776
-1 -1 5 -22.23926 -20.00000 196144 40
-1 -1 8 -20.16895 -20.00000 196184 64
-1 -1 39 -24.02051 -22.06738 196248 312
-1 -1 2 -24.34863 -24.03320 196560 16
-1 -1 16 -25.00000 -24.24902 196576 128
-1 -1 44 -22.08984 -20.00000 196704 352
-1 -1 53 -22.29785 -22.08105 197056 424
-1 -1 19 -25.00000 -23.80371 197480 152
-1 -1 74 -28.96094 -28.02832 197632 592
-1 -1 2 -28.42578 -26.45508 198224 16
-1 -1 98 -26.89551 -25.26367 198240 784
-1 -1 44 -26.89648 -25.00000 199024 352
-1 -1 2 -26.45508 -25.00000 199376 16
-1 -1 7 -25.76172 -25.62207 199392 56
-1 -1 33 -30.00000 -28.61328 199448 264
-1 -1 41 -29.64160 -28.56934 199712 328
-1 -1 4 -30.00000 -29.64355 200040 32
-1 -1 5 -25.62402 -25.00000 200072 40
-1 -1 41 -27.31641 -25.00000 200112 328
-1 -1 9 -26.83984 -25.95703 200440 72
-1 -1 5 -29.44922 -29.26367 200512 40
-1 -1 63 -29.26367 -25.00000 200552 504
-1 -1 8 -30.00000 -29.44922 201056 64
-1 -1 55 -30.00000 -27.77148 201120 440
-1 -1 17 -27.43945 -26.78809 201560 136
-1 -1 62 -27.29492 -25.00000 201696 496
-1 -1 36 -27.58789 -27.26562 202192 288
-1 -1 33 -27.78906 -27.11914 202480 264
-1 -1 31 -26.78809 -25.00000 202744 248
-1 -1 59 -27.17188 -25.49414 202992 472
-1 -1 26 -30.65918 -30.00000 203464 208
-1 -1 8 -30.31738 -30.00000 203672 64
-1 -1 5 -30.40430 -30.31152 203736 40
-1 -1 55 -32.87305 -30.35645 203776 440
-1 -1 8 -33.29492 -32.91016 204216 64
-1 -1 11 -35.00000 -34.27637 204280 88
-1 -1 10 -30.39062 -30.00000 204368 80
-1 -1 3 -32.91016 -32.87305 204448 24
-1 -1 26 -34.28613 -33.23730 204472 208
-1 -1 37 -32.45020 -30.00000 204680 296
-1 -1 58 -31.32812 -30.09766 204976 464
-1 -1 15 -34.17383 -32.45410 205440 120
-1 -1 44 -33.74609 -31.29004 205560 352
-1 -1 103 -40.00000 -35.00000 205912 824
-1 -1 120 -45.00000 -40.00000 206736 960
-1 -1 91 -50.00000 -45.00000 207696 728
-1 -1 44 -51.99805 -50.00000 208424 352
-1 -1 2 -51.99609 -51.99512 208776 16
-1 -1 2 -54.88574 -52.64355 208792 16
-1 -1 8 -52.37793 -51.99609 208808 64
