-1 -1 2  70.00000  70.06738 0 16
-1 -1 2  70.00000  70.08789 16 16
-1 -1 7  50.00000  51.01855 32 56
-1 -1 7  50.00000  53.60742 88 56
-1 -1 2  54.46582  54.47656 144 16
-1 -1 2  50.00000  50.32324 160 16
-1 -1 18  58.90527  68.50879 176 144
-1 -1 3  50.00000  50.16699 320 24
-1 -1 2  50.00000  51.09082 344 16
-1 -1 4  50.86621  53.26953 360 32
-1 -1 3  50.75684  51.48633 392 24
-1 -1 2  50.00000  50.12695 416 16
-1 -1 2  54.76562  55.08594 432 16
-1 -1 6  50.00000  54.46582 448 48
-1 -1 2  68.40625  69.05762 496 16
-1 -1 8  65.51367  70.00000 512 64
-1 -1 7  62.91406  69.05078 576 56
-1 -1 4  55.67578  56.45020 632 32
-1 -1 4  55.67578  56.45020 664 32
-1 -1 3  53.94824  54.97754 696 24
-1 -1 3  53.94824  54.97754 720 24
-1 -1 4  50.00000  50.95996 744 32
-1 -1 3  51.84375  52.36719 776 24
-1 -1 3  57.53613  58.08496 800 24
-1 -1 2  55.60352  56.14941 824 16
-1 -1 2  55.60352  56.14941 840 16
-1 -1 2  51.37500  51.62988 856 16
-1 -1 2  60.54785  62.91211 872 16
-1 -1 2  56.15137  57.53613 888 16
-1 -1 4  69.02930  70.00000 904 32
-1 -1 2  54.46094  55.60352 936 16
-1 -1 2  51.53125  51.92285 952 16
-1 -1 2  51.62988  51.92090 968 16
-1 -1 2  52.10840  53.12109 984 16
-1 -1 2  53.12109  53.43848 1000 16
-1 -1 3  54.97754  55.67480 1016 24
-1 -1 3  54.97754  55.67480 1040 24
-1 -1 2  50.95996  51.25977 1064 16
-1 -1 2  51.25293  51.37500 1080 16
-1 -1 2  53.43848  53.80469 1096 16
-1 -1 2  51.25293  51.94434 1112 16
-1 -1 2  55.07227  55.24902 1128 16
-1 -1 2  54.36523  55.07227 1144 16
-1 -1 2  58.00977  59.16016 1160 16
-1 -1 2  51.94434  52.10840 1176 16
-1 -1 2  51.36914  51.84375 1192 16
-1 -1 2  57.53613  58.00977 1208 16
-1 -1 2  54.00195  54.45996 1224 16
-1 -1 2  55.67480  55.82617 1240 16
-1 -1 2  55.67480  55.82617 1256 16
-1 -1 2  55.79199  56.14941 1272 16
-1 -1 2  55.79199  56.14941 1288 16
-1 -1 2  53.80273  54.00195 1304 16
-1 -1 2  59.16016  59.35254 1320 16
-1 -1 2  55.79199  55.82617 1336 16
-1 -1 2  55.79199  55.82617 1352 16
-1 -1 2  51.25977  51.36914 1368 16
-1 -1 2  59.35254  59.47852 1384 16
-1 -1 2  60.25488  60.54590 1400 16
-1 -1 3  50.00000  51.76953 1416 24
-1 -1 2  50.00000  50.37500 1440 16
-1 -1 6  50.52832  51.12012 1456 48
-1 -1 3  50.47852  51.15625 1504 24
-1 -1 4  51.45508  51.78125 1528 32
-1 -1 2  50.00000  50.37695 1560 16
-1 -1 2  50.52832  51.50684 1576 16
-1 -1 2  51.46387  51.50684 1592 16
-1 -1 2  51.08496  51.15625 1608 16
-1 -1 2  51.08496  51.12012 1624 16
-1 -1 9  52.00098  54.18262 1640 72
-1 -1 4  50.79297  51.26465 1712 32
-1 -1 2  50.85352  51.66895 1744 16
-1 -1 6  53.43555  54.38770 1760 48
-1 -1 3  54.64551  55.36719 1808 24
-1 -1 4  53.34570  54.47559 1832 32
-1 -1 2  54.39062  54.64258 1864 16
-1 -1 2  54.39062  54.64258 1880 16
-1 -1 3  54.19336  55.29688 1896 24
-1 -1 2  55.29688  55.36816 1920 16
-1 -1 2  51.62012  52.00098 1936 16
-1 -1 3  53.43555  54.11133 1952 24
-1 -1 2  51.66895  53.34570 1976 16
-1 -1 2  54.19824  54.39258 1992 16
-1 -1 2  51.42773  51.62012 2008 16
-1 -1 2  54.18262  54.19727 2024 16
-1 -1 2  51.26660  51.42969 2040 16
-1 -1 5  50.00000  50.87500 2056 40
-1 -1 5  50.00000  52.14355 2096 40
-1 -1 3  50.00000  51.00293 2136 24
-1 -1 4  50.73633  51.31445 2160 32
-1 -1 3  50.00000  50.28418 2192 24
-1 -1 6  50.00000  51.87988 2216 48
-1 -1 2  50.00000  51.12988 2264 16
-1 -1 7  50.20801  53.55371 2280 56
-1 -1 2  50.00000  50.20312 2336 16
-1 -1 3  60.30762  69.64551 2352 24
-1 -1 9  54.70801  60.35254 2376 72
-1 -1 3  54.09961  55.07031 2448 24
-1 -1 4  49.23242  50.00000 2472 32
-1 -1 5  45.76758  46.87109 2504 40
-1 -1 4  47.58496  50.00000 2544 32
-1 -1 6  30.00000  33.17285 2576 48
-1 -1 14  43.78906  47.54102 2624 112
-1 -1 10  47.27441  50.00000 2736 80
-1 -1 6  46.86914  48.15430 2816 48
-1 -1 6  45.93262  47.80664 2864 48
-1 -1 2  39.80664  39.84473 2912 16
-1 -1 3  41.85059  42.62598 2928 24
-1 -1 2  48.61719  49.51855 2952 16
-1 -1 3  49.45996  50.00000 2968 24
-1 -1 3  49.98047  50.00000 2992 24
-1 -1 6  45.59766  47.09473 3016 48
-1 -1 7  30.23340  36.94336 3064 56
-1 -1 5  48.14453  49.01855 3120 40
-1 -1 2  42.60254  42.70898 3160 16
-1 -1 2  49.54492  50.00000 3176 16
-1 -1 2  42.43457  42.50684 3192 16
-1 -1 3  42.50684  42.56543 3208 24
-1 -1 2  42.95312  43.18262 3232 16
-1 -1 2  39.87012  39.93066 3248 16
-1 -1 2  43.91309  43.91602 3264 16
-1 -1 2  47.06445  47.27441 3280 16
-1 -1 2  48.01270  48.14355 3296 16
-1 -1 2  42.46094  42.46191 3312 16
-1 -1 2  42.48633  42.66309 3328 16
-1 -1 2  41.34180  41.41113 3344 16
-1 -1 2  43.72949  43.75781 3360 16
-1 -1 2  47.69336  47.69336 3376 16
-1 -1 10  42.54590  45.18652 3392 80
-1 -1 2  43.12305  43.53418 3472 16
-1 -1 3  44.85352  45.90723 3488 24
-1 -1 4  45.45898  46.48340 3512 32
-1 -1 4  49.07812  49.43652 3544 32
-1 -1 9  43.62500  46.15137 3576 72
-1 -1 8  30.00000  33.37793 3648 64
-1 -1 3  30.00000  31.64746 3712 24
-1 -1 9  45.21191  48.26367 3736 72
-1 -1 4  48.41211  50.00000 3808 32
-1 -1 3  47.95312  48.57617 3840 24
-1 -1 6  40.73535  41.75000 3864 48
-1 -1 5  35.92676  36.83398 3912 40
-1 -1 5  39.66895  42.54004 3952 40
-1 -1 2  30.00000  31.32227 3992 16
-1 -1 6  41.34180  44.22656 4008 48
-1 -1 5  30.00000  31.83301 4056 40
-1 -1 2  49.90332  50.00000 4096 16
-1 -1 2  31.98633  32.75000 4112 16
-1 -1 2  46.55078  48.00977 4128 16
-1 -1 2  49.62305  49.90430 4144 16
-1 -1 3  41.71289  42.08789 4160 24
-1 -1 2  33.37500  33.94434 4184 16
-1 -1 2  31.93848  32.23633 4200 16
-1 -1 3  47.83105  48.36719 4216 24
-1 -1 3  47.10938  47.86816 4240 24
-1 -1 2  48.58789  49.06543 4264 16
-1 -1 2  48.07129  48.46484 4280 16
-1 -1 2  48.25879  48.46484 4296 16
-1 -1 2  33.09375  33.24902 4312 16
-1 -1 2  36.03027  36.20508 4328 16
-1 -1 2  31.21777  31.59668 4344 16
-1 -1 2  48.00977  48.07129 4360 16
-1 -1 2  48.36719  48.58789 4376 16
-1 -1 2  37.64844  37.83984 4392 16
-1 -1 2  36.46875  36.49121 4408 16
-1 -1 2  45.13770  45.43164 4424 16
-1 -1 2  46.41602  46.55078 4440 16
-1 -1 2  36.56250  36.76660 4456 16
-1 -1 2  37.25195  37.50488 4472 16
-1 -1 2  38.11230  38.32422 4488 16
-1 -1 2  39.38770  39.39844 4504 16
-1 -1 2  36.92969  37.06445 4520 16
-1 -1 2  39.81445  40.03613 4536 16
-1 -1 2  36.62988  36.64160 4552 16
-1 -1 2  38.48438  38.70117 4568 16
-1 -1 2  40.25488  40.40332 4584 16
-1 -1 2  38.88086  39.07520 4600 16
-1 -1 2  31.80762  31.80859 4616 16
-1 -1 2  33.20703  33.25195 4632 16
-1 -1 2  43.90430  43.92871 4648 16
-1 -1 2  41.94238  42.32617 4664 16
-1 -1 3  42.56348  43.12305 4680 24
-1 -1 4  33.09473  34.65625 4704 32
-1 -1 14  30.00000  39.64844 4736 112
-1 -1 2  36.83398  37.32129 4848 16
-1 -1 7  36.95215  38.28223 4864 56
-1 -1 8  41.26270  42.79785 4920 64
-1 -1 5  39.63281  41.58301 4984 40
-1 -1 6  38.44531  39.71973 5024 48
-1 -1 3  49.94238  50.00000 5072 24
-1 -1 5  38.87793  41.29883 5096 40
-1 -1 5  36.97070  37.38477 5136 40
-1 -1 4  41.89648  42.89941 5176 32
-1 -1 4  41.89648  42.89941 5208 32
-1 -1 4  41.89648  42.89941 5240 32
-1 -1 6  46.34570  48.24902 5272 48
-1 -1 4  41.28711  42.33691 5320 32
-1 -1 2  49.60547  49.62305 5352 16
-1 -1 3  42.89941  43.54590 5368 24
-1 -1 3  42.89941  43.54590 5392 24
-1 -1 3  41.04980  41.89551 5416 24
-1 -1 3  41.19629  41.89746 5440 24
-1 -1 4  33.94434  37.06152 5464 32
-1 -1 3  30.00000  31.93848 5496 24
-1 -1 3  38.84180  39.70605 5520 24
-1 -1 3  48.24902  50.00000 5544 24
-1 -1 2  49.06543  49.18359 5568 16
-1 -1 3  30.00000  30.01562 5584 24
-1 -1 2  41.11035  41.29785 5608 16
-1 -1 2  41.11035  41.29785 5624 16
-1 -1 2  41.32617  45.00293 5640 16
-1 -1 3  45.00195  45.57129 5656 24
-1 -1 2  37.05957  37.31934 5680 16
-1 -1 2  49.18359  49.60059 5696 16
-1 -1 2  40.66504  40.66504 5712 16
-1 -1 2  30.00000  30.00781 5728 16
-1 -1 2  41.00391  41.00586 5744 16
-1 -1 17  33.40723  41.93164 5760 136
-1 -1 3  44.86230  44.92969 5896 24
-1 -1 23  30.00000  38.47168 5920 184
-1 -1 12  30.00000  37.02539 6104 96
-1 -1 7  30.86523  33.40527 6200 56
-1 -1 3  30.00000  31.59668 6256 24
-1 -1 4  35.60547  36.95215 6280 32
-1 -1 4  41.23438  42.22363 6312 32
-1 -1 7  32.30273  35.50000 6344 56
-1 -1 3  37.36523  40.03125 6400 24
-1 -1 3  37.36523  40.03125 6424 24
-1 -1 6  41.00391  42.25293 6448 48
-1 -1 4  40.14551  41.00586 6496 32
-1 -1 6  42.25293  43.26855 6528 48
-1 -1 3  42.33008  42.80664 6576 24
-1 -1 4  39.50781  40.24512 6600 32
-1 -1 5  40.60742  42.25293 6632 40
-1 -1 4  39.19238  39.62012 6672 32
-1 -1 4  37.18555  39.29395 6704 32
-1 -1 5  40.22461  41.05078 6736 40
-1 -1 4  39.29395  40.14941 6776 32
-1 -1 3  40.03027  41.23535 6808 24
-1 -1 5  42.42383  43.73730 6832 40
-1 -1 5  42.42383  43.73730 6872 40
-1 -1 2  31.59863  32.30371 6912 16
-1 -1 2  42.80664  43.26855 6928 16
-1 -1 3  39.89355  40.16309 6944 24
-1 -1 2  43.48633  44.60547 6968 16
-1 -1 4  41.14355  42.42383 6984 32
-1 -1 2  41.14355  41.19434 7016 16
-1 -1 2  39.88770  39.88867 7032 16
-1 -1 2  40.42969  40.72461 7048 16
-1 -1 2  40.18457  40.22461 7064 16
-1 -1 2  41.05176  41.19434 7080 16
-1 -1 2  40.99902  41.00098 7096 16
-1 -1 2  40.14160  40.14941 7112 16
-1 -1 6  41.93164  44.86230 7128 48
-1 -1 19  42.68750  49.17285 7176 152
-1 -1 2  49.17090  50.00000 7328 16
-1 -1 3  49.73438  50.00000 7344 24
-1 -1 3  30.00000  30.86523 7368 24
-1 -1 5  49.09180  50.00000 7392 40
-1 -1 2  42.19629  42.33008 7432 16
-1 -1 3  30.00000  30.34180 7448 24
-1 -1 19  41.58105  50.00000 7472 152
-1 -1 5  49.14258  50.00000 7624 40
-1 -1 2  49.94336  50.00000 7664 16
-1 -1 2  49.99023  50.00000 7680 16
-1 -1 3  49.50781  49.98926 7696 24
-1 -1 8  40.09277  43.00586 7720 64
-1 -1 8  42.29492  48.26758 7784 64
-1 -1 6  47.68555  50.00000 7848 48
-1 -1 2  38.22461  38.30664 7896 16
-1 -1 2  38.30664  38.62109 7912 16
-1 -1 2  39.82910  40.09570 7928 16
-1 -1 2  38.00098  38.22461 7944 16
-1 -1 2  37.69531  37.83301 7960 16
-1 -1 2  37.83203  38.00098 7976 16
-1 -1 2  37.75879  38.02539 7992 16
-1 -1 2  37.75879  37.99707 8008 16
-1 -1 2  37.65723  37.66406 8024 16
-1 -1 2  37.99707  38.02539 8040 16
-1 -1 4  48.27832  49.00000 8056 32
-1 -1 9  30.00000  32.71777 8088 72
-1 -1 3  49.00000  49.00000 8160 24
-1 -1 5  48.09570  49.37695 8184 40
-1 -1 4  41.67578  42.54980 8224 32
-1 -1 8  43.01660  48.31250 8256 64
-1 -1 2  42.55469  43.01367 8320 16
-1 -1 8  42.48242  46.12207 8336 64
-1 -1 5  45.59277  47.36426 8400 40
-1 -1 3  46.11914  47.47168 8440 24
-1 -1 2  45.18359  45.59473 8464 16
-1 -1 7  30.00000  35.08594 8480 56
-1 -1 8  37.18848  41.99805 8536 64
-1 -1 2  42.70996  43.39746 8600 16
-1 -1 2  35.27344  35.32910 8616 16
-1 -1 2  35.84180  35.91602 8632 16
-1 -1 2  36.15137  36.15137 8648 16
-1 -1 13  10.00000  13.89062 8664 104
-1 -1 11  21.49805  30.00000 8768 88
-1 -1 7  15.35742  21.81543 8856 56
-1 -1 2  10.00000  10.27344 8912 16
-1 -1 4  10.00000  12.39355 8928 32
-1 -1 6  13.71680  23.00098 8960 48
-1 -1 4  10.00000  12.83008 9008 32
-1 -1 3  10.00000  10.99609 9040 24
-1 -1 7  11.89551  15.00195 9064 56
-1 -1 4  11.02441  11.67871 9120 32
-1 -1 2  20.84668  23.52148 9152 16
-1 -1 3  11.67871  12.39648 9168 24
-1 -1 2  14.99219  15.35938 9192 16
-1 -1 3  11.69336  13.89160 9208 24
-1 -1 3  19.14648  20.85254 9232 24
-1 -1 2  10.27344  10.60449 9256 16
-1 -1 2  12.82812  13.08203 9272 16
-1 -1 2  10.96387  11.09668 9288 16
-1 -1 2  10.00000  10.92188 9304 16
-1 -1 10  10.00000  17.99316 9320 80
-1 -1 4  29.18848  30.00000 9400 32
-1 -1 6  19.50000  30.00000 9432 48
-1 -1 8  10.00000  19.50000 9480 64
-1 -1 2  29.48535  30.00000 9544 16
-1 -1 5  21.99805  22.23242 9560 40
-1 -1 2  29.55078  30.00000 9600 16
-1 -1 3  21.76855  23.12598 9616 24
-1 -1 2  29.54590  29.57617 9640 16
-1 -1 3  10.00000  11.47754 9656 24
-1 -1 2  29.85352  30.00000 9680 16
-1 -1 5  22.70020  24.97949 9696 40
-1 -1 4  28.54492  29.47461 9736 32
-1 -1 3  29.45996  30.00000 9768 24
-1 -1 5  10.98242  12.70898 9792 40
-1 -1 3  25.77539  26.72559 9832 24
-1 -1 2  29.10449  30.00000 9856 16
-1 -1 2  27.17773  28.69824 9872 16
-1 -1 2  27.17773  28.69824 9888 16
-1 -1 3  28.77441  29.20508 9904 24
-1 -1 6  18.99902  25.47949 9928 48
-1 -1 2  25.63574  26.06543 9976 16
-1 -1 2  25.63574  26.06543 9992 16
-1 -1 2  25.63770  25.79004 10008 16
-1 -1 2  29.90137  30.00000 10024 16
-1 -1 2  24.55566  24.62012 10040 16
-1 -1 8  16.37793  18.99902 10056 64
-1 -1 9  25.19336  30.00000 10120 72
-1 -1 4  29.38867  30.00000 10192 32
-1 -1 11  24.26855  30.00000 10224 88
-1 -1 3  23.64844  24.32129 10312 24
-1 -1 19  21.14062  26.63184 10336 152
-1 -1 12  10.34473  20.38867 10488 96
-1 -1 7  26.53320  30.00000 10584 56
-1 -1 17  21.98242  29.46777 10640 136
-1 -1 14  22.04883  28.54883 10776 112
-1 -1 9  26.37305  28.32520 10888 72
-1 -1 4  27.76465  29.32715 10960 32
-1 -1 4  27.86426  30.00000 10992 32
-1 -1 2  21.96973  22.05078 11024 16
-1 -1 2  10.00000  10.35156 11040 16
-1 -1 14  21.14258  23.37793 11056 112
-1 -1 2  20.34668  20.35254 11168 16
-1 -1 10  13.92090  18.42090 11184 80
-1 -1 12  19.61230  22.39746 11264 96
-1 -1 4  11.63574  14.35059 11360 32
-1 -1 4  16.62695  19.69238 11392 32
-1 -1 5  17.52734  20.15527 11424 40
-1 -1 5  10.42285  11.66992 11464 40
-1 -1 5  14.70508  16.62891 11504 40
-1 -1 4  20.15723  21.68262 11544 32
-1 -1 3  11.86914  13.79590 11576 24
-1 -1 4  17.53027  18.21387 11600 32
-1 -1 3  14.32422  14.70703 11632 24
-1 -1 4  10.03223  10.42383 11656 32
-1 -1 5  22.14355  22.60938 11688 40
-1 -1 2  13.92969  14.70801 11728 16
-1 -1 2  21.43262  21.96973 11744 16
-1 -1 2  21.43457  21.68555 11760 16
-1 -1 2  22.20312  22.20410 11776 16
-1 -1 2  21.44922  21.66699 11792 16
-1 -1 2  11.66504  11.87109 11808 16
-1 -1 2  13.79590  13.93359 11824 16
-1 -1 6  28.14453  30.00000 11840 48
-1 -1 10  14.54883  17.82031 11888 80
-1 -1 4  25.96680  28.14453 11968 32
-1 -1 8  13.00000  14.99316 12000 64
-1 -1 3  10.70801  11.06250 12064 24
-1 -1 3  13.81836  14.43164 12088 24
-1 -1 2  14.27441  15.07324 12112 16
-1 -1 3  17.81934  18.48730 12128 24
-1 -1 2  13.74609  14.22754 12152 16
-1 -1 2  15.07324  15.72461 12168 16
-1 -1 2  13.40527  13.81836 12184 16
-1 -1 2  12.98633  13.00000 12200 16
-1 -1 3  10.00000  11.85352 12216 24
-1 -1 2  18.04199  19.70605 12240 16
-1 -1 9  20.76465  30.00000 12256 72
-1 -1 7  10.00000  13.50391 12328 56
-1 -1 4  14.72461  16.63867 12384 32
-1 -1 5  12.32324  13.70801 12416 40
-1 -1 6  10.00000  12.00781 12456 48
-1 -1 6  13.06055  13.82617 12504 48
-1 -1 7  14.72559  15.70508 12552 56
-1 -1 6  15.49805  27.29004 12608 48
-1 -1 2  10.00000  11.00391 12656 16
-1 -1 4  10.95801  12.15527 12672 32
-1 -1 4  10.15137  10.66504 12704 32
-1 -1 6  13.27637  15.08984 12736 48
-1 -1 3  11.89551  12.25195 12784 24
-1 -1 4  11.89355  12.40820 12808 32
-1 -1 2  11.00098  11.10938 12840 16
-1 -1 2  21.82520  25.00000 12856 16
-1 -1 2  13.70898  14.76465 12872 16
-1 -1 3  10.25684  10.72168 12888 24
-1 -1 2  12.00781  12.50293 12912 16
-1 -1 2  10.25781  10.43359 12928 16
-1 -1 2  27.66699  27.66699 12944 16
-1 -1 2  12.15430  12.29297 12960 16
-1 -1 2  12.25000  12.50391 12976 16
-1 -1 2  12.29395  12.67578 12992 16
-1 -1 2  10.60840  10.91797 13008 16
-1 -1 2  11.09863  11.13965 13024 16
-1 -1 2  10.92871  10.96094 13040 16
-1 -1 7  -8.09766  -5.85645 13056 56
-1 -1 7   4.68164  10.00000 13112 56
-1 -1 18  -3.92285   2.26660 13168 144
-1 -1 5   7.98535   9.08594 13312 40
-1 -1 4   3.47852   5.13574 13352 32
-1 -1 9  -5.01465   2.42383 13384 72
-1 -1 7   1.72168   7.52930 13456 56
-1 -1 4   6.58887  10.00000 13512 32
-1 -1 7   7.52637   9.99023 13544 56
-1 -1 4   7.89355  10.00000 13600 32
-1 -1 4   2.22168   3.64160 13632 32
-1 -1 2   9.99219  10.00000 13664 16
-1 -1 4   0.97559   2.34473 13680 32
-1 -1 4   6.28125  10.00000 13712 32
-1 -1 4  -5.77930  -4.63379 13744 32
-1 -1 2   6.36426   7.89551 13776 16
-1 -1 2   7.54590   7.98633 13792 16
-1 -1 2  -6.05273  -5.85645 13808 16
-1 -1 2   2.42773   3.07422 13824 16
-1 -1 2   6.10059   6.59277 13840 16
-1 -1 2   6.21777   6.28027 13856 16
-1 -1 3 -10.00000  -8.48145 13872 24
-1 -1 4 -10.00000  -7.05566 13896 32
-1 -1 23  -4.67090  10.00000 13928 184
-1 -1 13   3.40625  10.00000 14112 104
-1 -1 4 -10.00000  -9.39648 14216 32
-1 -1 3   9.08594  10.00000 14248 24
-1 -1 9   4.12695   5.38184 14272 72
-1 -1 10  -4.46094  -2.30957 14344 80
-1 -1 4  -8.47949  -4.44922 14424 32
-1 -1 6   3.49121   4.61914 14456 48
-1 -1 4   1.11230   4.22266 14504 32
-1 -1 2  -9.40625  -8.19336 14536 16
-1 -1 3  -2.39844  -1.06152 14552 24
-1 -1 3   4.60059   5.02344 14576 24
-1 -1 2  -2.73828  -1.69238 14600 16
-1 -1 2   0.23438   1.11328 14616 16
-1 -1 2  -1.00098   0.23633 14632 16
-1 -1 2  -1.69238  -1.38477 14648 16
-1 -1 9   3.72363  10.00000 14664 72
-1 -1 3  -1.67188   2.82129 14736 24
-1 -1 2   2.83301   3.99023 14760 16
-1 -1 2   6.41992   6.42188 14776 16
-1 -1 2   9.52832  10.00000 14792 16
-1 -1 9   0.85352   4.36133 14808 72
-1 -1 7   5.63086   6.71094 14880 56
-1 -1 3   4.01855   4.89551 14936 24
-1 -1 3   4.31445   4.90234 14960 24
-1 -1 2   1.27832   1.31152 14984 16
-1 -1 2  -9.10156  -2.60547 15000 16
-1 -1 2  -4.37109  -4.28320 15016 16
-1 -1 3   8.02930   9.56836 15032 24
-1 -1 4  -4.42773  -3.36914 15056 32
-1 -1 13  -4.22461   1.43750 15088 104
-1 -1 4 -10.00000  -9.69238 15192 32
-1 -1 9 -10.00000  -4.14648 15224 72
-1 -1 4 -10.00000  -9.42969 15296 32
-1 -1 3   4.38281   5.23242 15328 24
-1 -1 9   6.11914  10.00000 15352 72
-1 -1 8  -4.99609  -0.10742 15424 64
-1 -1 8   0.64941   4.22168 15488 64
-1 -1 6   3.56055   5.20605 15552 48
-1 -1 5   7.22852   8.67480 15600 40
-1 -1 7   5.20312   7.84668 15640 56
-1 -1 4   2.79199   6.19336 15696 32
-1 -1 6   1.22461   2.14355 15728 48
-1 -1 3   1.22168   2.79004 15776 24
-1 -1 4   0.61914   1.71387 15800 32
-1 -1 2   7.84570   8.11621 15832 16
-1 -1 11   1.18555   5.48535 15848 88
-1 -1 8   1.89355   4.03516 15936 64
-1 -1 4   2.33008   5.76465 16000 32
-1 -1 3   8.11621   8.53516 16032 24
-1 -1 4   9.48145  10.00000 16056 32
-1 -1 4   8.37793  10.00000 16088 32
-1 -1 5   4.35352   7.56055 16120 40
-1 -1 5   8.27539   9.99805 16160 40
-1 -1 7   7.19434   8.44629 16200 56
-1 -1 3   7.41797   8.56836 16256 24
-1 -1 2   8.78125  10.00000 16280 16
-1 -1 2   6.92676   8.48828 16296 16
-1 -1 4   5.58984   8.78027 16312 32
-1 -1 2   5.10059   5.58887 16344 16
-1 -1 2   5.08594   5.11426 16360 16
-1 -1 6 -17.90332 -16.96875 16376 48
-1 -1 3 -23.97559 -22.00098 16424 24
-1 -1 6 -28.96094 -28.02832 16448 48
-1 -1 2 -28.42578 -26.45508 16496 16
-1 -1 3 -23.23926 -22.68555 16512 24
-1 -1 17 -13.45410 -10.00000 16536 136
-1 -1 20 -17.13574 -10.00000 16672 160
-1 -1 2 -11.56543 -10.00000 16832 16
-1 -1 8 -17.95898 -14.01270 16848 64
-1 -1 2 -18.01465 -17.90332 16912 16
-1 -1 5 -26.89551 -25.29980 16928 40
-1 -1 5 -17.62598 -10.87109 16968 40
-1 -1 4 -22.00098 -17.99902 17008 32
-1 -1 4 -26.89648 -23.97559 17040 32
-1 -1 4 -20.50977 -17.47852 17072 32
-1 -1 3 -24.63184 -22.19238 17104 24
-1 -1 4 -30.00000 -28.61328 17128 32
-1 -1 10 -27.31641 -22.41797 17160 80
-1 -1 5 -21.34473 -18.40430 17240 40
-1 -1 4 -17.34570 -15.63379 17280 32
-1 -1 3 -18.48535 -17.79785 17312 24
-1 -1 3 -22.06543 -20.50781 17336 24
-1 -1 3 -22.41602 -21.34766 17360 24
-1 -1 2 -11.41602 -10.68945 17384 16
-1 -1 3 -29.64160 -28.61426 17400 24
-1 -1 2 -26.45508 -24.76660 17424 16
-1 -1 2 -18.41113 -17.35742 17440 16
-1 -1 2 -18.01660 -17.47949 17456 16
-1 -1 2 -30.00000 -29.64258 17472 16
-1 -1 2 -25.62402 -24.73926 17488 16
-1 -1 2 -26.83984 -25.95801 17504 16
-1 -1 2 -24.74414 -24.63086 17520 16
-1 -1 2 -22.19238 -22.06348 17536 16
-1 -1 2 -10.68945 -10.47949 17552 16
-1 -1 13 -30.00000 -17.50488 17568 104
-1 -1 2 -10.69141 -10.00000 17672 16
-1 -1 10 -16.26465 -10.00000 17688 80
-1 -1 3 -10.00391 -10.00000 17768 24
-1 -1 4 -11.13477 -10.00000 17792 32
-1 -1 7 -18.34766 -10.95117 17824 56
-1 -1 8 -24.16602 -21.78809 17880 64
-1 -1 3 -22.23926 -19.29883 17944 24
-1 -1 5 -20.16895 -16.26465 17968 40
-1 -1 3 -30.00000 -27.17188 18008 24
-1 -1 6 -27.43359 -22.08594 18032 48
-1 -1 2 -24.34863 -24.16602 18080 16
-1 -1 3 -27.29492 -24.24902 18096 24
-1 -1 5 -22.08984 -19.29688 18120 40
-1 -1 3 -27.17188 -25.57324 18160 24
-1 -1 2 -27.43262 -27.29688 18184 16
-1 -1 2 -22.08887 -22.08203 18200 16
-1 -1 4 -30.65918 -30.00000 18216 32
-1 -1 2 -30.31738 -30.00000 18248 16
-1 -1 2 -30.40430 -30.31738 18264 16
-1 -1 21 -50.00000 -30.00000 18280 168
-1 -1 3 -32.45020 -30.00000 18448 24
-1 -1 8 -33.74609 -30.11035 18472 64
-1 -1 2 -34.17383 -32.45410 18536 16
-1 -1 5 -51.99805 -50.00000 18552 40
-1 -1 2 -54.88574 -52.64355 18592 16
-1 -1 2 -52.37793 -51.99512 18608 16
