1 79793839.9 1240 -34.83044  77.71625 0 9920
1 37652047.2 969 -53.90044  71.99419 9920 7752
1 2048494.1 292  59.99500  83.53036 17672 2336
1 13842748.8 196 -90.00000 -63.22003 20008 1568
1 7617253.0 170 -39.00000 -10.68872 21576 1360
1 451511.8 152  61.86272  73.73694 22936 1216
1 183210.4 93  76.13153  83.12947 24152 744
1 783252.7 75 -10.70461  -0.33856 24896 600
2 40202.0 70  -4.47972  -0.24056 25496 560
1 722715.2 60  -4.18547   7.03456 26056 480
1 207067.3 57  50.06167  58.64333 26536 456
2 212827.5 49  41.63722  48.99750 26992 392
1 103138.3 48  46.61097  51.63125 27384 384
2 28989.5 48  59.23056  71.40139 27768 384
1 242463.2 48  33.43539  41.54628 28152 384
2 402457.5 46  36.58000  47.11528 28536 368
1 212409.3 41  68.46114  73.37764 28904 328
1 172403.6 40  -5.70711   1.75622 29232 320
1 431788.2 36  -5.94544   5.66122 29552 288
1 596161.4 35 -25.60711 -11.95125 29840 280
1 108548.7 35 -41.61544 -34.39628 30120 280
2 21119.0 35  56.28222  66.80694 30400 280
1 98149.5 34  63.39036  66.54042 30680 272
1 105054.5 33  12.53542  18.65292 30952 264
1 95076.4 30   5.55539   9.82789 31216 240
2 15120.5 29  10.00167  18.42778 31456 232
2 15075.9 28  46.82694  53.10500 31688 224
1 77230.7 28  51.44458  55.38206 31912 224
1 142845.7 28 -46.67881 -40.49875 32136 224
1 49752.6 28  74.45514  77.06953 32360 224
1 35177.5 26  74.40206  76.83717 32584 208
1 39914.6 26  78.13464  81.37969 32792 208
1 34381.8 26  76.55622  80.05875 33000 208
1 42816.7 24  73.24372  77.00625 33208 192
2 5986.9 24  62.36250  69.81194 33400 192
2 71727.0 23  -3.01389   0.49194 33592 184
1 99980.1 23  19.82625  23.20622 33776 184
2 7115.5 21  53.26278  55.86250 33960 168
1 78478.3 20  17.60125  19.95250 34128 160
1 79242.8 20  41.39622  45.52289 34288 160
2 37288.8 20  64.80472  67.04694 34448 160
2 9077.7 19  53.10222  56.23278 34608 152
1 46269.2 19 -55.05461 -52.46950 34760 152
2 27334.3 19  60.88194  62.92056 34912 152
2 64382.6 19  43.39056  46.87333 35064 152
1 134400.0 19  -8.78211  -5.87461 35216 152
2 5620.2 18  53.42556  55.05583 35368 144
2 9320.4 18   6.11833   9.11278 35512 144
2 10792.6 18  61.05306  63.59250 35656 144
1 70250.8 18  45.89292  54.42875 35800 144
1 31859.3 17  71.27936  73.95258 35944 136
2 6312.1 17  28.77361  32.21500 36080 136
1 37888.1 16  30.99911  33.84607 36216 128
2 8370.4 16   6.19306   9.74583 36344 128
2 4888.1 16  60.92889  63.10139 36472 128
2 19042.1 16  -3.06250   2.43000 36600 128
1 39554.7 16  63.09794  65.92425 36728 128
2 27660.1 15  50.39750  54.41444 36856 120
1 61452.7 15 -43.64547 -40.64456 36976 120
2 6483.9 15  64.42472  68.69333 37096 120
1 28319.3 15  70.71250  73.25650 37216 120
1 32319.3 15  -6.31794  -4.13461 37336 120
1 8976.0 15  56.74328  57.99942 37456 120
2 7654.6 14 -33.18917 -27.22972 37576 112
1 12817.5 14  79.18119  80.50542 37688 112
2 4498.1 14  57.67611  59.91722 37800 112
1 13578.2 14  74.97350  76.68747 37912 112
2 6037.3 14  73.83806  75.15417 38024 112
2 3434.1 14  61.55861  64.85472 38136 112
1 19295.9 14  -0.91542   2.22708 38248 112
2 28649.1 14  51.46472  55.78889 38360 112
2 12161.4 13  60.85333  62.86056 38472 104
2 24730.8 13  41.49694  43.04944 38576 104
1 20490.8 13  32.71789  34.40042 38680 104
1 70894.7 13  71.07903  74.56006 38784 104
2 5885.3 13  47.72792  49.74194 38888 104
2 5584.7 12  46.64556  49.82750 38992 96
1 61089.5 12   5.91456   9.83208 39088 96
2 1256.9 12  65.38722  68.15466 39184 96
1 4544.3 12 -49.73461 -48.65542 39280 96
1 28500.9 12  48.30783  50.87661 39376 96
2 1346.0 12  23.92778  28.26667 39472 96
2 6645.3 12  47.52667  49.50611 39568 96
2 1424.9 12  32.00306  34.07444 39664 96
2 2148.3 12 -21.55833 -20.57389 39760 96
1 4402.4 11 -52.36042 -51.23506 39856 88
2 32622.5 11  -8.75167  -3.34583 39944 88
1 6484.4 11  54.69036  56.35956 40032 88
2 33892.0 11 -14.40611  -9.48278 40120 88
2 13540.1 11  44.95917  46.84417 40208 88
1 6779.1 11  52.11706  54.18508 40296 88
1 22502.4 11  74.63206  76.21042 40384 88
2 19094.9 11  43.18806  44.50250 40472 88
2 645.6 10  62.00139  64.56306 40560 80
1 15717.7 10  -3.87211  -2.76878 40640 80
2 3275.7 10  48.51917  51.87583 40720 80
1 8449.3 10  45.54789  47.03928 40800 80
1 2669.1 10 -55.67500 -54.93300 40880 80
1 7203.1 10   8.33292  11.42625 40960 80
2 870.4 10  55.47890  56.66690 41040 80
1 12025.7 10  -3.11494  -1.50128 41120 80
2 2302.6 10  67.49333  68.80972 41200 80
2 5536.7 10  58.00944  59.21722 41280 80
2 2129.7 10  47.53111  48.18750 41360 80
1 13515.1 10  75.81000  77.55992 41440 80
1 32520.7 10  71.21529  73.85725 41520 80
2 3307.6 9  59.57889  60.87417 41600 72
2 1705.7 9  32.89861  33.65917 41672 72
1 11325.4 9   9.03958  11.00453 41744 72
2 4579.5 9  48.85083  49.99778 41816 72
1 11088.9 9  -8.91378  -8.06878 41888 72
1 8041.4 9  54.55706  56.13042 41960 72
1 13149.0 9  78.75372  80.16961 42032 72
2 1809.4 9  44.48778  46.75667 42104 72
1 9084.2 9  77.78333  79.37428 42176 72
1 4021.9 9 -50.06461 -48.67039 42248 72
1 3110.6 9  57.36539  58.28875 42320 72
1 34557.4 9  18.16039  20.16458 42392 72
1 13439.9 9  -9.11878  -8.08125 42464 72
2 8800.3 9 -16.60056 -15.24306 42536 72
2 6592.6 9  56.26250  58.15694 42608 72
1 4326.2 9 -52.26047 -51.33633 42680 72
2 11033.1 9  12.44500  13.99417 42752 72
2 2856.0 8  53.35611  53.86278 42824 64
2 2447.6 8  53.04750  54.25444 42888 64
2 3471.3 8  15.14750  16.64333 42952 64
1 20238.4 8  71.96975  74.17844 43016 64
1 5067.0 8  77.23708  78.25375 43080 64
2 4355.8 8  51.57139  53.17722 43144 64
2 5986.1 8  21.50694  23.98583 43208 64
2 1536.9 8  56.47194  57.11361 43272 64
2 3062.8 8 -19.05333 -18.19944 43336 64
2 1880.1 8  59.40500  60.55389 43400 64
2 2771.8 8  -2.50583  -1.79778 43464 64
1 1712.1 8  55.84989  56.63061 43528 64
2 4821.9 8  53.73194  55.49667 43592 64
1 8685.7 8  10.00456  11.56542 43656 64
1 6721.6 8  69.23289  70.33125 43720 64
2 1492.3 8  35.82389  36.57056 43784 64
1 7788.3 8  34.91956  35.69622 43848 64
2 5630.2 8  58.35111  59.40694 43912 64
1 4347.5 8  -1.05214   0.16672 43976 64
1 3809.7 8 -54.13464 -53.38042 44040 64
1 10187.6 8 -43.44797 -41.76794 44104 64
2 2021.0 8  55.51833  56.81056 44168 64
2 1703.7 8   6.93194   8.10667 44232 64
1 12554.5 7  11.01914  12.58542 44296 56
1 1403.5 7  55.27917  55.83602 44352 56
2 1354.1 7  48.25611  48.80583 44408 56
2 958.5 7   5.42944   8.65917 44464 56
2 341.8 7  22.56667  23.48250 44520 56
1 3006.8 7 -53.47824 -52.72961 44576 56
1 11970.2 7  10.41456  11.94122 44632 56
1 2821.1 7  -5.70797  -4.36625 44688 56
1 10103.1 7 -10.31794  -9.27461 44744 56
1 7336.4 7  77.91956  79.41456 44800 56
1 30173.2 7 -10.37292  -8.32958 44856 56
1 9532.8 7  79.99122  81.28050 44912 56
1 8008.3 7  12.20956  13.53208 44968 56
1 32581.8 7  21.89958  25.30292 45024 56
1 3247.2 7 -11.93714 -11.16208 45080 56
1 1568.9 7  25.84458  26.92294 45136 56
2 2511.7 7   9.84000  11.41111 45192 56
1 4352.1 7 -17.01964 -16.12961 45248 56
1 25788.3 7  38.86292  41.25958 45304 56
2 1027.6 7  55.15722  56.75139 45360 56
1 5180.3 7  45.94792  47.05831 45416 56
2 2381.9 7  47.35222  47.82778 45472 56
1 5661.9 7  -6.94131  -5.41711 45528 56
2 10282.9 7  58.47000  59.61806 45584 56
1 9482.1 7  -8.42128  -7.37372 45640 56
1 9654.2 7  17.70539  18.52547 45696 56
1 1279.1 7  53.23817  54.01911 45752 56
1 10158.2 7  34.56203  35.69708 45808 56
1 5174.0 7  10.04114  10.84125 45864 56
2 846.7 7  65.99806  66.54472 45920 56
1 627.6 7  23.79458  24.30125 45976 56
2 3930.3 7 -33.59639 -32.17333 46032 56
1 4122.4 7   0.54422   1.54206 46088 56
1 3176.1 7  -5.44294  -4.61044 46144 56
1 10762.3 7  72.73856  73.76911 46200 56
2 789.3 7  32.65917  33.22611 46256 56
1 3414.3 7   9.58956  10.17461 46312 56
2 1412.5 7 -27.90333 -27.38194 46368 56
2 2373.3 7 -49.16611 -48.39278 46424 56
2 2220.4 7  71.44556  72.78389 46480 56
2 2425.7 6  61.23667  62.21694 46536 48
2 2095.4 6  50.17083  50.70722 46584 48
2 3557.9 6  -2.68722  -1.57639 46632 48
1 3568.3 6  68.68869  69.50625 46680 48
1 5619.7 6  -6.88294  -5.40878 46728 48
2 2733.7 6 -17.98889 -16.47861 46776 48
2 2326.8 6  30.92167  31.54139 46824 48
1 4632.6 6  49.06122  49.95206 46872 48
1 1469.7 6  38.96125  39.38875 46920 48
1 618.8 6  24.60872  25.56292 46968 48
1 4690.8 6  -8.84628  -8.13721 47016 48
2 245.1 6 -27.19444 -26.90722 47064 48
1 2212.1 6  -9.94714  -9.24958 47112 48
1 6368.5 6  62.93706  63.78792 47160 48
1 2509.1 6  56.43581  57.00000 47208 48
1 3026.2 6   9.41453  11.28706 47256 48
1 1779.8 6  11.72125  12.60378 47304 48
1 7011.9 6  17.92375  18.51292 47352 48
2 413.6 6  62.09667  62.82222 47400 48
1 3497.1 6 -15.67794 -14.63625 47448 48
2 1275.2 6  62.88500  63.87778 47496 48
1 3865.0 6  -3.26628  -2.52625 47544 48
2 2953.7 6  57.66444  58.57056 47592 48
1 2356.2 6  55.02536  55.62533 47640 48
1 5429.0 6  37.94956  39.03961 47688 48
1 1426.7 6  57.72708  58.51711 47736 48
1 770.9 6  68.30456  68.95375 47784 48
1 8051.2 6 -18.27711 -17.31044 47832 48
2 916.9 6  50.65222  51.25917 47880 48
1 3635.1 6  24.23456  25.20708 47928 48
1 2714.4 6  72.11456  72.87961 47976 48
2 445.0 6  64.86194  65.20389 48024 48
2 3904.3 6  -9.53278  -8.48556 48072 48
1 6261.5 6  -3.84464  -3.05544 48120 48
1 3502.9 6  -4.85381  -2.55544 48168 48
1 625.6 6  52.43083  53.30953 48216 48
1 1798.5 6  21.43956  21.94706 48264 48
1 1375.7 6  73.00539  73.48958 48312 48
1 3491.8 6  72.85236  73.77300 48360 48
1 5774.6 6  74.74039  75.58708 48408 48
1 2654.1 6 -14.31125 -13.64878 48456 48
1 4710.6 6  73.18456  73.90872 48504 48
1 3356.6 6  39.26458  39.96375 48552 48
1 2346.5 6 -64.44847 -63.82365 48600 48
2 320.5 6  53.41694  54.05444 48648 48
1 2288.9 6  43.65703  44.51792 48696 48
1 7646.3 6  41.36289  43.01956 48744 48
1 12323.4 6  68.45167  69.90406 48792 48
1 5043.2 6  57.01539  58.41042 48840 48
1 28034.8 6  36.64956  38.30292 48888 48
1 3918.1 6  59.74492  60.44306 48936 48
2 1986.3 6  54.59139  55.06306 48984 48
2 642.4 6  61.01306  61.73611 49032 48
2 478.2 6  55.18917  55.92556 49080 48
1 788.2 6   0.80706   1.23547 49128 48
2 4817.1 6  37.11361  38.27389 49176 48
1 2558.6 6  54.54164  55.03665 49224 48
1 6216.8 6  67.21144  68.34533 49272 48
2 1689.1 6 -47.03167 -46.27972 49320 48
2 924.3 6  24.00139  26.23389 49368 48
2 4067.9 6  49.36111  50.29556 49416 48
1 3298.1 6  62.13636  62.99311 49464 48
2 1231.1 6  49.32111  49.91167 49512 48
2 1408.8 6  18.23917  18.91417 49560 48
1 2003.4 6  15.94956  16.51869 49608 48
2 308.2 6 -17.98917 -16.65222 49656 48
2 1320.7 6   1.21583   1.77528 49704 48
2 1544.4 6 -32.98861 -32.41250 49752 48
2 1834.9 6 -50.67389 -49.96972 49800 48
1 1867.3 6 -16.59628 -15.88956 49848 48
2 3537.0 6  44.43417  46.68750 49896 48
2 4907.2 6  42.15194  42.74667 49944 48
1 1496.4 6  21.25569  21.71472 49992 48
2 879.1 6  57.06944  57.52917 50040 48
1 1413.7 6   0.68456   1.14292 50088 48
1 3367.6 6  77.32939  78.11867 50136 48
1 2179.8 6  -0.88464  -0.30461 50184 48
1 1566.8 6  79.62539  80.07794 50232 48
1 1756.6 6  -1.74047  -1.32708 50280 48
2 872.5 6  60.29944  61.03639 50328 48
1 1890.6 6  -8.46461  -8.12211 50376 48
2 835.5 6  56.76972  57.87361 50424 48
1 4408.4 6  77.78686  78.81925 50472 48
1 1132.3 6  -6.48042  -5.72544 50520 48
2 1188.6 6  50.17778  51.80806 50568 48
2 827.8 6  69.01806  71.22056 50616 48
1 1475.7 6   3.63703   4.24042 50664 48
1 2465.7 5  69.71786  70.42792 50712 40
1 3611.7 5  -8.89956  -8.24792 50752 40
2 456.2 5  71.03528  72.87083 50792 40
2 1559.5 5  40.68750  41.66000 50832 40
2 1442.2 5  56.75722  57.66611 50872 40
2 379.2 5  50.24806  50.63333 50912 40
2 3392.9 5  49.99000  50.68500 50952 40
1 984.8 5  58.70122  58.99914 50992 40
1 3284.9 5 -74.40327 -73.41536 51032 40
2 16590.7 5  59.89917  61.72917 51072 40
2 5701.2 5   1.00944   2.40028 51112 40
1 1583.9 5  60.38945  60.85195 51152 40
2 1611.8 5  57.84806  58.94306 51192 40
2 764.0 5  15.22083  15.66667 51232 40
2 327.9 5  61.86417  62.95306 51272 40
1 1478.5 5  -1.21714  -0.62128 51312 40
1 575.4 5  56.26375  56.65628 51352 40
1 778.0 5 -25.73560 -24.69708 51392 40
1 1682.6 5  78.26931  78.76539 51432 40
1 1420.3 5 -54.27625 -53.56622 51472 40
1 1355.3 5  73.02206  73.43378 51512 40
1 672.3 5  26.53789  26.99889 51552 40
1 726.0 5  15.56122  15.88792 51592 40
1 96.2 5  44.28956  44.70542 51632 40
2 1686.4 5  15.81944  16.42056 51672 40
1 1953.4 5  -8.02131  -7.55961 51712 40
1 1126.7 5  20.57744  21.03364 51752 40
2 280.6 5  27.18277  28.40956 51792 40
1 584.7 5 -40.27628 -39.71956 51832 40
1 489.1 5  45.57119  46.23042 51872 40
1 511.5 5   1.69744   2.05333 51912 40
1 672.6 5  -2.25544  -1.95297 51952 40
1 549.1 5  28.76486  29.20605 51992 40
1 1711.7 5 -11.83461 -11.31711 52032 40
1 2074.6 5  -1.80794  -0.90708 52072 40
1 413.2 5   1.85149   2.04789 52112 40
2 522.1 5  55.72639  56.02917 52152 40
1 564.8 5  57.01956  57.70958 52192 40
1 2049.2 5  -7.42961  -6.58961 52232 40
1 292.1 5  11.47289  12.23956 52272 40
1 388.5 5  56.19456  57.36872 52312 40
1 1272.5 5 -10.85292 -10.17461 52352 40
1 1252.6 5  -2.06378  -1.66878 52392 40
2 1631.0 5  64.94972  65.67417 52432 40
1 653.3 5  68.57706  69.02122 52472 40
1 1051.0 5 -63.44108 -63.11414 52512 40
1 1334.6 5  -1.91292  -1.59378 52552 40
2 3840.7 5  50.03417  51.39917 52592 40
1 1945.0 5 -36.07544 -35.56372 52632 40
1 816.1 5  28.10878  28.53122 52672 40
1 777.1 5  12.29450  12.92369 52712 40
1 2240.1 5  -7.25631  -6.86294 52752 40
1 381.6 5  78.20703  78.90456 52792 40
1 759.0 5  38.05619  38.47622 52832 40
1 1520.3 5  -8.63711  -7.95711 52872 40
1 1202.6 5  -9.63628  -8.30961 52912 40
1 955.5 5 -44.93711 -44.36375 52952 40
1 704.5 5 -54.40128 -53.93628 52992 40
1 219.1 5  -1.95378  -1.77622 53032 40
1 1282.0 5  -8.57547  -7.51547 53072 40
1 279.2 5  22.16458  22.72958 53112 40
1 441.2 5  59.76672  60.38125 53152 40
1 1750.2 5  80.04792  80.95039 53192 40
1 7496.5 5  18.91236  20.27281 53232 40
1 506.6 5  -3.34878  -2.78042 53272 40
1 382.5 5  54.66917  55.19344 53312 40
1 462.0 5 -51.12458 -50.70964 53352 40
1 2625.6 5  57.90125  58.63789 53392 40
1 612.9 5 -50.45797 -50.00128 53432 40
1 835.1 5   2.33372   2.93292 53472 40
1 1039.8 5 -48.71131 -48.13711 53512 40
1 1134.5 5 -47.29458 -46.68208 53552 40
1 1207.2 5  57.98983  58.48289 53592 40
1 1294.2 5  -1.64794  -1.15708 53632 40
1 4278.1 5  70.77706  71.60375 53672 40
1 1794.8 5  27.99619  28.58708 53712 40
1 846.8 5  69.00625  69.60128 53752 40
1 1619.4 5  -0.06294   0.36706 53792 40
1 551.7 5  61.30622  61.69203 53832 40
1 3663.2 5  44.42531  45.55625 53872 40
1 926.9 5  69.55706  70.00203 53912 40
1 39.3 5 -10.19378  -9.71375 53952 40
1 550.0 5 -53.38628 -52.73042 53992 40
1 2148.2 5  40.54456  41.16167 54032 40
1 1130.3 5  -0.45128  -0.00792 54072 40
1 3236.8 5 -54.88714 -53.96875 54112 40
1 4215.5 5  74.62711  75.64383 54152 40
1 727.3 5  56.00203  56.93789 54192 40
1 697.9 5 -44.13050 -43.69294 54232 40
1 90.3 5  56.16039  57.56375 54272 40
1 418.9 5  54.69536  55.36039 54312 40
1 51.1 5  26.07375  26.87631 54352 40
1 9594.3 5 -22.40044 -20.07958 54392 40
2 4352.0 5  11.02500  12.11917 54432 40
2 527.8 5  51.51444  51.89389 54472 40
1 1675.9 5  12.30289  12.71125 54512 40
1 1399.9 5  28.04206  28.75458 54552 40
2 759.6 5  54.35528  54.74389 54592 40
2 722.1 5  66.21194  66.64750 54632 40
2 1316.4 5  62.40333  62.97500 54672 40
2 1711.6 5 -19.19222 -18.02778 54712 40
2 810.1 5  50.12250  50.58389 54752 40
2 748.8 5  12.15556  12.50000 54792 40
2 773.0 5  40.76639  41.06056 54832 40
2 1506.5 5 -16.79750 -16.06972 54872 40
1 232.4 5   5.04786   5.35208 54912 40
2 704.2 5  53.68694  53.99944 54952 40
2 1350.0 5  54.38306  54.87111 54992 40
1 949.8 5 -20.52872 -19.98044 55032 40
2 1096.4 5  64.10111  64.56111 55072 40
2 970.8 5  63.08694  63.58250 55112 40
1 319.3 5  67.72361  68.30300 55152 40
2 1166.2 5  53.18139  53.74778 55192 40
1 432.4 5  -5.83381  -5.45875 55232 40
1 766.4 5  65.61606  66.14439 55272 40
1 2047.0 5  52.66600  53.21775 55312 40
2 1207.5 5  -8.99056  -8.45389 55352 40
2 995.0 5  55.61389  56.13722 55392 40
1 237.2 5   8.56128   8.79208 55432 40
2 693.0 5  46.12528  46.37333 55472 40
1 863.8 5  -0.34211   0.03125 55512 40
1 544.5 5 -12.38294 -12.06461 55552 40
1 14.3 5  30.31394  30.40544 55592 40
2 2268.1 5  -2.48111  -1.58667 55632 40
1 776.5 5  35.87625  36.46042 55672 40
1 823.2 5  75.50147  76.12889 55712 40
2 1785.7 5  11.61333  12.30583 55752 40
1 548.7 5 -18.99925 -18.62961 55792 40
1 26.5 5  -2.48958  -1.97292 55832 40
2 1247.8 5  61.24278  61.92417 55872 40
2 581.1 5  65.88528  66.28333 55912 40
1 1115.4 5  50.00375  50.76792 55952 40
1 1081.2 5   3.20792   3.78706 55992 40
2 1101.6 5  59.91056  60.65667 56032 40
1 951.8 5  74.93239  75.43375 56072 40
1 1374.1 5 -64.85606 -64.24714 56112 40
2 438.2 5  34.77944  35.09000 56152 40
2 23.2 5  15.80833  16.26528 56192 40
1 656.7 5   0.91456   1.42619 56232 40
2 1823.8 5   6.80500   7.76806 56272 40
3 2490.4 5  45.52056  45.99361 56312 40
1 734.1 5  80.08453  80.47119 56352 40
2 496.4 5  48.42639  48.77528 56392 40
2 1022.2 5 -11.43361 -10.86889 56432 40
2 450.4 5  54.61306  54.91333 56472 40
2 1194.3 5   2.32944   2.89222 56512 40
2 7483.7 5   2.39417   4.66139 56552 40
1 991.8 5   1.98122   2.64372 56592 40
1 528.0 5  -3.03711  -2.67125 56632 40
2 1222.1 5  28.75333  29.08083 56672 40
1 1111.3 5  20.91206  21.33875 56712 40
1 30.3 5  10.86289  11.18425 56752 40
1 755.7 5  74.07789  74.55292 56792 40
2 603.0 5  63.75972  64.09361 56832 40
2 444.9 5  47.31639  47.63417 56872 40
1 504.1 5  28.83375  29.23789 56912 40
2 853.2 5  64.07972  64.36750 56952 40
1 777.0 5  63.08933  63.48842 56992 40
2 2486.2 5  23.91667  25.06083 57032 40
1 508.5 5  13.24453  13.65294 57072 40
2 800.3 5  55.92250  56.34667 57112 40
2 609.9 5 -44.70500 -44.23917 57152 40
2 1203.5 5  57.20750  57.72361 57192 40
1 222.6 5   6.22542   6.60833 57232 40
2 431.9 5  34.34722  34.61389 57272 40
2 3007.0 5  38.30917  38.99917 57312 40
2 644.1 5  52.46722  52.90861 57352 40
1 576.6 5  14.89622  15.33622 57392 40
1 967.4 5  82.05719  82.68033 57432 40
2 919.8 5  48.95139  49.33000 57472 40
1 310.8 5  18.69108  18.96792 57512 40
1 283.2 5 -14.05208 -13.78964 57552 40
2 620.7 5  33.76444  34.09250 57592 40
1 251.1 5 -62.25928 -61.90181 57632 40
2 1180.2 5 -30.94556 -30.50583 57672 40
1 140.9 5  30.34367  30.84042 57712 40
3 624.5 5  61.74917  62.14306 57752 40
1 659.1 5  78.20039  78.63372 57792 40
2 1040.8 5  38.47639  39.14611 57832 40
2 451.7 5  61.52556  61.85222 57872 40
1 560.8 5  69.48783  69.81925 57912 40
2 884.4 5  61.00167  61.63389 57952 40
1 1059.6 5 -21.37881 -20.85875 57992 40
2 1543.6 5  61.41639  62.28889 58032 40
2 1230.8 5   4.45250   4.99972 58072 40
2 696.2 5  62.90833  63.25139 58112 40
2 2507.9 5  36.93167  37.91222 58152 40
2 1904.5 5  49.70472  50.73639 58192 40
1 388.0 5  -8.73214  -8.40125 58232 40
1 194.3 5  21.04683  21.22658 58272 40
2 1730.8 5  45.74417  46.48111 58312 40
1 1065.1 5  61.57181  62.42061 58352 40
2 3104.0 5  63.72944  64.42306 58392 40
1 705.7 5   6.40953   6.75375 58432 40
3 830.8 5  51.14306  51.65278 58472 40
1 117.3 5  12.03789  12.39786 58512 40
1 576.7 5  27.73125  28.17789 58552 40
1 194.0 5  -6.50042  -5.77044 58592 40
2 1372.5 5  68.19583  68.53833 58632 40
2 2321.9 5  65.72583  66.18972 58672 40
2 1335.3 5  48.32222  48.95667 58712 40
2 1239.0 5  47.75139  48.37139 58752 40
2 2626.0 5  36.53861  37.22472 58792 40
1 1050.6 5  54.61539  55.19625 58832 40
1 2152.4 5 -67.77197 -66.62119 58872 40
2 1071.4 5  64.34250  64.73167 58912 40
2 1047.0 5  51.68639  52.20500 58952 40
1 188.0 5  65.42539  65.49414 58992 40
1 768.8 5 -64.52542 -64.00036 59032 40
2 1001.6 5  47.03000  47.71444 59072 40
2 2831.0 5  62.64167  63.58417 59112 40
2 1709.9 5  50.45222  51.61389 59152 40
2 1013.3 5 -41.14972 -40.72250 59192 40
2 911.9 5  56.10889  56.55806 59232 40
2 487.9 5  70.45750  70.74556 59272 40
1 240.8 5  77.11378  77.76772 59312 40
1 209.5 5  12.69542  13.16208 59352 40
2 3375.1 5  64.36028  64.80528 59392 40
1 946.2 5  80.35872  80.86708 59432 40
2 860.7 5  58.11194  58.51583 59472 40
2 1022.7 5  59.81444  60.32222 59512 40
1 59.6 5  51.34956  51.66375 59552 40
2 652.5 5  31.43417  31.72028 59592 40
2 593.4 5  20.10389  20.34000 59632 40
2 1147.2 5  67.81194  68.18083 59672 40
2 702.9 5  41.82167  42.13111 59712 40
2 959.8 5  26.68250  27.19778 59752 40
1 898.1 5  -1.36294  -0.89131 59792 40
2 1301.5 5  49.71167  50.33250 59832 40
2 1765.4 5  68.69694  69.44000 59872 40
1 794.8 5 -11.93711 -11.36208 59912 40
2 1528.9 5  61.20556  61.57278 59952 40
2 461.6 5  14.17694  14.52528 59992 40
2 605.8 5  63.16278  63.52389 60032 40
2 931.1 5  69.43583  70.08889 60072 40
2 949.2 5  62.08556  62.66944 60112 40
2 2924.4 5  64.56389  65.42917 60152 40
2 809.1 5  59.25861  59.60028 60192 40
1 1015.1 5  77.43517  77.81578 60232 40
2 446.4 5  30.05139  30.37472 60272 40
1 534.4 5  67.75758  68.18675 60312 40
2 522.5 5  55.80833  56.15417 60352 40
1 559.1 5   6.75292   7.24456 60392 40
2 574.7 5  33.63222  34.01944 60432 40
1 429.6 5   0.02125   0.41539 60472 40
1 529.6 5  -8.55211  -8.17625 60512 40
2 989.9 5  29.39556  29.81472 60552 40
2 1514.7 5  67.40361  68.35111 60592 40
1 696.2 5  74.18747  74.44326 60632 40
2 5043.6 5  50.67972  51.98889 60672 40
1 598.1 5  77.19583  77.66058 60712 40
2 549.0 4  60.07278  60.31000 60752 32
1 535.8 4  54.27208  54.56828 60784 32
2 2830.5 4  56.59417  57.72361 60816 32
1 1736.7 4  58.44958  59.03747 60848 32
2 1409.9 4  -1.78083  -1.30972 60880 32
2 1572.1 4  -8.12000  -7.56917 60912 32
2 880.8 4  28.90444  29.35139 60944 32
1 1980.2 4  -2.00256  -1.62544 60976 32
2 2225.5 4  64.82306  65.93444 61008 32
2 1044.6 4  28.77028  29.18056 61040 32
2 1660.6 4  43.05667  43.95722 61072 32
2 599.7 4  -1.12889  -0.78889 61104 32
1 2394.7 4  70.47930  71.09083 61136 32
2 1058.5 4 -23.53222 -23.23583 61168 32
2 1406.4 4  30.52139  30.88944 61200 32
2 1334.5 4  69.31500  69.56500 61232 32
1 917.7 4  72.71914  73.00956 61264 32
2 648.6 4  62.09306  62.47556 61296 32
2 576.5 4 -46.64139 -46.25194 61328 32
2 2377.1 4  44.54028  45.23833 61360 32
1 383.1 4  51.71958  51.90956 61392 32
2 1637.7 4  48.54500  49.27306 61424 32
1 1724.7 4  56.99667  57.92289 61456 32
2 294.5 4  24.74489  25.27583 61488 32
2 1635.7 4  60.40833  60.75694 61520 32
2 575.6 4 -41.31861 -40.95278 61552 32
2 406.6 4  -2.93083  -2.64944 61584 32
1 189.0 4  53.20875  53.91292 61616 32
2 919.2 4  50.70639  51.03500 61648 32
2 1182.6 4  -0.65278  -0.14389 61680 32
1 10.7 4  34.18789  34.61042 61712 32
1 3.8 4  22.24458  22.43792 61744 32
1 1.2 4 -47.85381 -47.67208 61776 32
1 1.3 4  68.87125  69.32622 61808 32
1 2.4 4  68.70169  69.05108 61840 32
1 2.2 4  -9.79211  -9.33625 61872 32
1 7.1 4  55.57875  55.93872 61904 32
1 1.7 4  -5.49958  -5.05625 61936 32
1 8.9 4  29.00075  29.57244 61968 32
1 4.5 4  32.37622  32.62544 62000 32
1 2.8 4  37.70372  37.90958 62032 32
1 5.5 4  11.43286  11.80458 62064 32
1 3.7 4  43.25539  43.39375 62096 32
2 3.2 4  31.08917  31.77583 62128 32
1 0.3 4 -52.41542 -52.18792 62160 32
1 2.3 4  23.43456  23.69125 62192 32
1 1.7 4  14.62706  15.06044 62224 32
1 6.1 4  51.65372  51.94536 62256 32
1 0.8 4 -36.34878 -36.03961 62288 32
2 79.0 4  23.35694  23.59556 62320 32
1 2.1 4  -7.95294  -7.55706 62352 32
1 0.9 4 -11.46128 -11.01714 62384 32
1 1.4 4  62.05706  62.34289 62416 32
1 5.6 4  -0.68292  -0.33711 62448 32
1 0.8 4 -12.99794 -12.64878 62480 32
1 0.7 4  70.93122  71.18375 62512 32
1 0.6 4  -2.85547  -2.49958 62544 32
1 4.0 4  80.61786  81.19456 62576 32
1 0.6 4   7.75706   8.19869 62608 32
1 1.2 4 -45.78547 -45.44211 62640 32
1 0.3 4  28.03331  28.37914 62672 32
1 13.6 4  -2.68378  -2.35958 62704 32
1 0.5 4  80.44206  80.85789 62736 32
1 0.4 4   0.15903   0.61669 62768 32
1 0.8 4   0.97703   1.20039 62800 32
1 7.6 4  21.86892  22.23875 62832 32
1 2.6 4  60.28372  60.50628 62864 32
1 1.0 4 -44.80711 -44.59125 62896 32
1 1.3 4 -48.71036 -48.42456 62928 32
1 1.0 4  63.26958  63.67372 62960 32
1 1.0 4  69.78619  70.08961 62992 32
1 1.0 4  55.11875  55.40961 63024 32
1 1.2 4 -54.95544 -54.81208 63056 32
1 4.3 4  62.36203  62.56542 63088 32
1 18.2 4  -9.72464  -9.32958 63120 32
1 3.1 4 -19.16628 -18.93206 63152 32
1 0.5 4  39.81039  40.09039 63184 32
1 0.8 4  51.78653  52.07669 63216 32
1 1.5 4  60.19664  60.59758 63248 32
1 0.8 4  68.16958  68.47539 63280 32
1 0.7 4   7.31808   7.65100 63312 32
1 5.0 4 -49.30211 -49.00625 63344 32
1 8.6 4 -17.83211 -17.52792 63376 32
1 1.9 4  63.36275  63.68822 63408 32
1 4.7 4 -21.18547 -20.67708 63440 32
1 3.0 4  12.10122  12.67789 63472 32
1 1.0 4  58.73122  59.15458 63504 32
1 0.9 4  56.43122  56.55792 63536 32
1 0.9 4 -52.12211 -51.62542 63568 32
1 1.7 4  63.19119  63.48703 63600 32
1 0.3 4 -47.99044 -47.80794 63632 32
1 11.2 4  13.70475  14.10842 63664 32
1 0.8 4   7.32211   7.72953 63696 32
1 2.7 4   3.37206   3.73875 63728 32
1 0.2 4  42.89289  42.99619 63760 32
1 7.7 4 -17.88042 -17.49289 63792 32
1 11.3 4  20.15872  20.69706 63824 32
1 1.0 4  76.90703  77.19039 63856 32
1 1.2 4  -8.77214  -8.51378 63888 32
1 11.2 4  60.00039  60.31458 63920 32
1 2.6 4   9.85456  10.47208 63952 32
1 1.4 4  -3.79292  -3.49294 63984 32
1 1.4 4  -0.39628   0.01039 64016 32
1 10.0 4  10.68711  10.98964 64048 32
1 5.2 4 -51.99047 -51.70958 64080 32
1 0.1 4  46.76789  47.16961 64112 32
1 3.2 4  80.66206  81.10956 64144 32
1 0.1 4   3.99289   4.54625 64176 32
1 1.0 4  -8.80800  -8.59881 64208 32
1 0.3 4 -48.35958 -48.12125 64240 32
1 2.8 4  33.16875  33.41042 64272 32
1 0.8 4  81.15458  81.40708 64304 32
1 6.2 4 -21.27294 -21.05711 64336 32
1 1.3 4  60.76456  60.94289 64368 32
1 6.3 4  31.46039  31.85208 64400 32
1 2.2 4  60.48369  60.73792 64432 32
1 0.7 4  -8.13797  -7.84208 64464 32
2 22.4 4  65.59139  66.45056 64496 32
1 2.7 4   9.74625  10.06208 64528 32
1 2.5 4 -40.15958 -39.58044 64560 32
1 0.7 4 -27.84044 -27.38208 64592 32
1 1.0 4  16.27103  16.44350 64624 32
1 0.8 4  -0.60464  -0.24208 64656 32
3 9.7 4  10.54583  11.54639 64688 32
1 1.7 4  -0.77631  -0.48128 64720 32
1 0.6 4  72.26622  72.60458 64752 32
1 0.8 4  34.08372  34.33208 64784 32
1 4.8 4  75.14622  75.51458 64816 32
1 3.6 4  49.48789  49.80292 64848 32
1 2.0 4 -43.51628 -43.06297 64880 32
1 0.5 4  39.36197  39.82208 64912 32
1 1.0 4 -10.88792 -10.66208 64944 32
1 3.1 4 -13.80469 -13.43878 64976 32
2 82.3 4   8.99722   9.32806 65008 32
1 0.8 4  20.26747  20.60161 65040 32
1 0.7 4  38.56042  38.85289 65072 32
1 1.9 4 -26.15711 -25.48464 65104 32
1 2.5 4  43.70289  43.89044 65136 32
1 1.6 4  60.29792  60.50789 65168 32
1 0.0 4  61.93789  62.31208 65200 32
1 1.2 4  24.32369  24.60625 65232 32
1 0.1 4  55.79122  56.15042 65264 32
1 6.1 4  68.83708  69.39783 65296 32
1 7.3 4  66.59289  66.86044 65328 32
1 3.3 4  17.24539  17.54875 65360 32
1 1.0 4  29.08981  29.33953 65392 32
1 3.0 4  60.23258  60.48589 65424 32
1 2.3 4  56.98881  57.34378 65456 32
1 4.7 4 -49.02128 -48.78797 65488 32
2 32.0 4  16.57444  17.04889 65520 32
1 2.3 4 -45.30381 -44.98125 65552 32
1 2.3 4  37.85706  38.32625 65584 32
1 2.1 4  11.51375  11.80958 65616 32
1 7.3 4  15.20456  15.63792 65648 32
1 5.0 4  22.66206  22.83958 65680 32
1 1.1 4  -0.53797  -0.25128 65712 32
1 7.3 4  -8.58711  -8.17375 65744 32
1 2.6 4  60.29372  60.60292 65776 32
1 2.6 4  -5.95625  -5.59375 65808 32
1 0.0 4  61.39206  61.65292 65840 32
1 1.3 4  75.93042  76.72622 65872 32
1 6.6 4 -19.65294 -19.31206 65904 32
1 6.2 4  16.48039  16.68208 65936 32
1 1.2 4  54.85367  55.08461 65968 32
1 2.1 4  54.76136  54.94083 66000 32
1 1.0 4  55.91372  56.35292 66032 32
1 2.2 4  25.79122  26.24122 66064 32
1 0.9 4  33.95964  34.07844 66096 32
1 3.0 4  70.27125  70.62794 66128 32
1 1.4 4  44.60456  45.17542 66160 32
1 2.5 4  66.01372  66.22878 66192 32
1 1.2 4  39.90958  40.19872 66224 32
1 6.2 4  37.68208  37.99875 66256 32
1 0.8 4  74.70619  75.04042 66288 32
1 3.5 4  -2.40375  -2.01711 66320 32
1 1.4 4 -49.09461 -48.82536 66352 32
1 2.0 4  28.06208  28.39956 66384 32
1 2.6 4 -21.65881 -21.34458 66416 32
1 1.3 4 -44.54794 -44.39292 66448 32
1 3.9 4  24.24789  24.43044 66480 32
1 0.3 4  56.99278  57.21594 66512 32
1 1.5 4  37.64372  37.93542 66544 32
1 7.2 4 -16.84378 -16.56456 66576 32
1 0.9 4  29.94206  30.18783 66608 32
2 102.2 4  53.87889  54.84944 66640 32
1 0.0 4  54.99578  55.28542 66672 32
1 5.5 4  14.39075  14.87681 66704 32
1 2.5 4  10.50622  10.89789 66736 32
1 2.5 4  24.52125  24.97375 66768 32
1 8.4 4  70.82706  71.15542 66800 32
1 6.6 4  -6.00714  -5.27628 66832 32
1 0.5 4 -46.21544 -45.99622 66864 32
1 6.6 4 -51.65125 -51.25125 66896 32
1 1.2 4  -0.54458  -0.40214 66928 32
1 4.8 4  11.13411  11.34853 66960 32
1 6.5 4   0.33578   0.63953 66992 32
2 16.5 4 -15.81306 -15.52833 67024 32
1 0.1 4  -8.34878  -8.07628 67056 32
1 4.4 4  -8.71961  -8.40542 67088 32
1 0.7 4  22.85453  23.67792 67120 32
1 2.2 4  16.58703  16.90042 67152 32
1 4.0 4 -10.93878 -10.42961 67184 32
1 1.3 4  24.30133  24.53186 67216 32
2 9.1 4  20.27833  21.29528 67248 32
1 1.0 4 -12.07211 -11.75878 67280 32
1 4.8 4  38.14542  38.60375 67312 32
1 5.9 4  54.52292  54.86958 67344 32
1 1.4 4  57.50706  57.69794 67376 32
1 0.4 4  40.83956  41.08728 67408 32
1 0.5 4  70.81400  71.07472 67440 32
1 2.0 4  22.41872  22.55872 67472 32
1 1.4 4  -7.01211  -6.82542 67504 32
1 1.4 4 -20.71625 -20.38794 67536 32
1 2.9 4  63.66039  63.80708 67568 32
1 0.5 4  -0.14122   0.08208 67600 32
1 0.5 4  38.83042  39.11956 67632 32
1 0.8 4  66.48622  66.67458 67664 32
1 0.8 4 -45.77131 -45.43294 67696 32
1 0.0 4  57.97733  58.14828 67728 32
1 1.0 4  12.33956  12.69539 67760 32
1 3.9 4  54.05200  54.41619 67792 32
1 0.8 4 -17.10464 -16.70292 67824 32
1 3.4 4  28.45122  28.85378 67856 32
1 0.5 4  34.70036  35.04206 67888 32
1 6.8 4  25.35208  25.57792 67920 32
1 11.1 4 -16.73878 -16.39125 67952 32
1 7.1 4 -55.04794 -54.86292 67984 32
1 3.5 4 -16.00622 -15.46292 68016 32
1 2.3 4  -9.26544  -8.98542 68048 32
1 4.8 4  24.11708  24.27208 68080 32
1 1.5 4  54.86208  55.29067 68112 32
1 1.9 4  49.57906  49.88661 68144 32
1 3.4 4  52.02372  52.15461 68176 32
1 13.5 4  35.18864  35.77925 68208 32
1 3.5 4  16.90789  17.21042 68240 32
1 11.4 4   6.25792   6.48122 68272 32
1 0.3 4  13.51792  14.10458 68304 32
1 0.7 4  62.59717  62.73947 68336 32
2 1.5 4  22.60703  22.81122 68368 32
1 4.9 4  10.40375  10.75372 68400 32
1 1.1 4  -0.28125   0.00425 68432 32
1 0.9 4  -5.47542  -4.86456 68464 32
1 0.8 4  48.71283  48.94617 68496 32
1 1.1 4  -3.05042  -2.72961 68528 32
1 1.2 4  11.98472  12.23372 68560 32
1 1.6 4  29.47156  29.64336 68592 32
1 0.7 4  63.42456  63.66622 68624 32
2 7.3 4  29.86694  30.26861 68656 32
1 0.4 4  55.12878  55.42961 68688 32
1 7.0 4   6.78456   6.98706 68720 32
1 8.7 4  77.70706  78.07847 68752 32
2 23.2 4  13.08944  14.28194 68784 32
1 3.5 4   0.01706   0.24789 68816 32
1 1.9 4  35.80617  35.99872 68848 32
1 9.5 4 -23.22794 -23.08628 68880 32
1 0.1 4 -40.49458 -40.29292 68912 32
1 2.5 4  80.13206  80.39211 68944 32
1 3.8 4  49.47789  49.67042 68976 32
1 0.9 4  -0.57378  -0.26211 69008 32
1 2.9 4  65.54022  66.03281 69040 32
1 1.4 4 -14.37794 -14.24458 69072 32
1 2.7 4  12.05867  12.30867 69104 32
1 1.4 4   7.80383   8.08456 69136 32
2 1.0 4  62.77417  63.24778 69168 32
1 2.2 4 -50.87297 -50.51542 69200 32
1 3.3 4  56.11622  56.49044 69232 32
1 1.6 4  -9.49125  -9.37042 69264 32
1 1.2 4  13.20036  13.57208 69296 32
1 1.4 4  36.66956  36.91792 69328 32
2 49.4 4  63.68194  64.23278 69360 32
1 0.4 4  12.31119  12.68539 69392 32
1 2.6 4  19.78789  20.13372 69424 32
1 1.1 4  37.63625  37.81372 69456 32
1 1.1 4 -23.96378 -23.72042 69488 32
1 1.2 4  68.56206  68.71378 69520 32
1 0.4 4  36.76456  36.93794 69552 32
1 2.1 4 -11.69544 -11.55044 69584 32
1 3.8 4  78.79456  78.97125 69616 32
1 9.2 4   7.09789   7.35958 69648 32
2 12.3 4  11.60278  12.71639 69680 32
1 2.4 4  18.66625  18.91956 69712 32
1 3.5 4  52.82206  53.56686 69744 32
1 9.4 4 -53.19794 -52.96042 69776 32
1 1.1 4  73.89208  74.26789 69808 32
2 8.0 4  61.54806  62.05111 69840 32
1 17.5 4   3.43372   3.59289 69872 32
1 1.5 4  35.39628  35.83211 69904 32
2 0.8 4  34.34658  34.54589 69936 32
1 7.7 4  59.90619  60.15958 69968 32
1 8.2 4 -44.74881 -44.52708 70000 32
1 3.6 4  11.96122  12.33292 70032 32
1 26.1 4  -0.46625  -0.14294 70064 32
1 2.0 4  26.49042  26.79875 70096 32
1 1.0 4  12.88033  13.57456 70128 32
1 0.6 4  -4.26542  -3.97875 70160 32
1 3.4 4  53.12542  53.43044 70192 32
2 0.0 4  52.95944  53.49028 70224 32
1 0.7 4 -40.94628 -40.69125 70256 32
1 0.0 4  54.87706  55.05789 70288 32
1 3.2 4  15.96872  16.23208 70320 32
1 0.1 4  66.99794  67.19711 70352 32
2 5.2 4  54.43500  55.31806 70384 32
2 13.6 4  54.90611  55.29972 70416 32
1 4.6 4  18.07958  18.16294 70448 32
1 1.6 4  27.20539  27.84208 70480 32
1 4.3 4  -9.19464  -8.98461 70512 32
1 4.8 4  37.80289  38.33289 70544 32
1 1.9 4  56.23203  56.45878 70576 32
1 0.7 4  10.44375  10.65539 70608 32
1 1.6 4  -8.80131  -8.40294 70640 32
1 2.4 4  -0.22544   0.04292 70672 32
1 10.3 4  75.36872  75.85708 70704 32
1 2.3 4 -54.89381 -54.68544 70736 32
1 2.8 4  -0.93628  -0.75711 70768 32
1 0.9 4  37.50872  37.69122 70800 32
1 0.5 4  54.88119  55.11539 70832 32
1 10.1 4  -0.37292  -0.14461 70864 32
1 5.0 4 -52.42458 -52.13208 70896 32
1 3.6 4 -50.85297 -50.41625 70928 32
1 1.7 4  50.57289  50.76708 70960 32
2 7.6 4  48.44083  48.95222 70992 32
1 1.5 4 -52.97714 -52.84039 71024 32
1 10.4 4  -8.41714  -8.22878 71056 32
1 0.4 4  70.23622  70.39125 71088 32
2 21.8 4  66.99556  67.79583 71120 32
1 10.9 4  76.30867  76.67933 71152 32
1 0.2 4  46.17289  46.37372 71184 32
1 2.7 4  38.53372  38.75628 71216 32
2 4.7 4   1.55028   1.92417 71248 32
1 2.5 4  72.85539  73.11125 71280 32
1 30.0 4  38.63789  38.80372 71312 32
2 5.6 4  32.50167  33.11472 71344 32
1 2.5 4  -4.08794  -3.21128 71376 32
2 25.3 4  59.31556  59.80639 71408 32
2 3.4 4  52.57583  53.07611 71440 32
1 2.7 4  -1.52544  -1.46128 71472 32
2 5.3 4  67.78639  68.47806 71504 32
1 13.1 4  52.00289  52.42208 71536 32
1 0.3 4 -15.40794 -14.92042 71568 32
1 0.9 4 -27.74208 -27.38961 71600 32
1 11.3 4  56.49456  56.82381 71632 32
2 13.2 4  59.78250  60.24944 71664 32
2 6.5 4  22.50278  23.05556 71696 32
1 4.8 4  21.49600  21.60183 71728 32
1 11.2 4  24.11125  24.69456 71760 32
1 4.1 4 -16.36794 -16.09042 71792 32
1 3.5 4  52.52289  52.84458 71824 32
1 0.8 4  53.80375  54.02708 71856 32
1 4.5 4  -5.51375  -5.27792 71888 32
1 1.8 4  13.04483  13.33600 71920 32
1 1.1 4  49.25789  49.63706 71952 32
1 6.1 4  -8.03294  -7.11297 71984 32
2 7.1 4  53.15278  53.44361 72016 32
1 2.0 4  76.03733  76.32203 72048 32
1 3.1 4  53.56292  53.80042 72080 32
2 8.7 4  60.67972  61.25361 72112 32
1 5.7 4  -8.39378  -8.12958 72144 32
1 2.9 4  12.02872  12.31708 72176 32
1 1.4 4  27.84039  28.13292 72208 32
1 2.8 4  60.15289  60.51456 72240 32
1 1.3 4  75.35536  75.65761 72272 32
1 1.8 4  52.45289  52.82839 72304 32
1 1.3 4 -51.35297 -51.24883 72336 32
1 4.6 4  34.58122  34.88211 72368 32
1 2.4 4 -12.38794 -12.24208 72400 32
1 0.9 4  79.90042  80.10208 72432 32
1 1.1 4 -46.98214 -46.82292 72464 32
1 4.8 4  -4.31872  -4.09625 72496 32
2 4.4 4  29.59111  30.43722 72528 32
1 3.1 4 -11.65797 -11.32625 72560 32
1 2.5 4  51.59125  52.00292 72592 32
1 3.6 4 -10.72128 -10.61128 72624 32
1 1.9 4  -2.77375  -2.41292 72656 32
1 0.4 4  32.62872  32.86708 72688 32
1 16.4 4  -8.96544  -8.78456 72720 32
1 3.3 4  -7.99628  -7.63792 72752 32
1 2.6 4  33.29956  33.47961 72784 32
1 4.4 4  -0.38461  -0.19961 72816 32
1 2.0 4   7.99789   8.23706 72848 32
1 0.0 4  73.87708  74.23375 72880 32
1 1.9 4  69.50622  69.93042 72912 32
1 1.1 4  -2.99464  -2.90458 72944 32
1 6.7 4  69.34914  69.59081 72976 32
1 12.0 4   0.06792   0.17706 73008 32
1 5.8 4 -48.46794 -48.08203 73040 32
1 1.2 4 -15.49461 -15.28292 73072 32
1 0.7 4  40.08872  40.24125 73104 32
1 0.8 4  68.05872  68.34792 73136 32
1 5.4 4  21.89206  22.31042 73168 32
1 0.7 4  37.58867  37.83117 73200 32
1 1.1 4  46.14375  46.25875 73232 32
1 1.4 4  46.00708  46.06619 73264 32
2 22.3 4  56.35306  56.66917 73296 32
2 4.1 4  50.55444  50.97861 73328 32
2 103.5 4  63.93278  64.31306 73360 32
1 3.8 4  -1.54294  -1.31544 73392 32
1 0.4 4  14.00289  14.23872 73424 32
1 1.3 4  52.35536  52.51292 73456 32
1 2.0 4  34.29625  34.70792 73488 32
1 1.7 4  29.21611  29.37869 73520 32
1 2.4 4  79.66881  80.15303 73552 32
2 0.4 4  21.47500  21.78083 73584 32
1 3.4 4  17.67286  17.78456 73616 32
2 14.3 4 -20.62389 -20.25556 73648 32
1 2.6 4  -5.46294  -5.00544 73680 32
2 3.1 4  61.06389  61.83000 73712 32
1 0.7 4  80.06206  80.24208 73744 32
2 2.4 4  58.46389  58.81167 73776 32
1 1.9 4  -0.95294  -0.68208 73808 32
1 1.6 4  12.15286  12.24875 73840 32
1 0.4 4  48.85867  49.01456 73872 32
1 2.0 4 -16.30961 -16.05044 73904 32
1 0.2 4  11.94956  12.15625 73936 32
1 3.1 4  54.98703  55.30039 73968 32
1 3.6 4  70.46956  70.86875 74000 32
2 1.4 4  30.17472  30.42250 74032 32
1 7.1 4  68.32456  68.72989 74064 32
1 0.5 4  16.58453  16.85625 74096 32
1 4.4 4  13.67206  13.86708 74128 32
1 2.0 4  -3.41631  -3.20464 74160 32
1 4.3 4  -8.05964  -7.79378 74192 32
1 3.2 4   7.05536   7.17036 74224 32
2 7.8 4  62.51333  62.99472 74256 32
1 0.4 4  17.87400  18.19511 74288 32
1 1.4 4   4.59289   4.70289 74320 32
1 8.3 4  51.82619  52.13622 74352 32
1 0.6 4  26.51869  26.70453 74384 32
2 5.3 4  50.69306  51.25194 74416 32
2 7.2 4  57.78139  58.87667 74448 32
1 16.9 4  33.19458  33.56708 74480 32
1 2.3 4  19.73206  19.96789 74512 32
2 6.6 4  58.26806  58.84833 74544 32
1 5.9 4 -54.91044 -54.81375 74576 32
1 0.3 4  70.47258  70.70611 74608 32
1 2.6 4  69.97569  70.15722 74640 32
1 2.5 4   9.09792   9.30539 74672 32
1 12.3 4  73.81317  74.12503 74704 32
2 15.1 4  61.33861  61.89000 74736 32
2 9.1 4  54.99583  55.48722 74768 32
1 4.5 4 -54.34547 -53.84208 74800 32
1 0.7 4 -20.89464 -20.66461 74832 32
2 5.1 4 -22.76583 -22.50944 74864 32
1 14.3 4  -0.50378  -0.25958 74896 32
2 7.1 4  62.02167  62.38306 74928 32
1 9.2 4  12.27039  12.50794 74960 32
1 5.1 4  -1.25631  -1.14794 74992 32
2 43.4 4  10.67639  11.07389 75024 32
1 1.2 4  -7.66381  -7.55878 75056 32
1 0.8 4  26.86125  26.92208 75088 32
1 3.0 4  80.89039  81.11625 75120 32
1 1.4 4  50.51208  50.61208 75152 32
1 1.6 4 -10.62047 -10.42544 75184 32
2 14.7 4  50.59528  51.21583 75216 32
1 3.3 4  24.14089  24.38086 75248 32
1 1.8 4  32.57458  32.79789 75280 32
2 10.5 4  54.89722  55.32472 75312 32
2 4.1 4  61.08111  61.69111 75344 32
2 6.0 4  64.76639  65.30778 75376 32
1 5.0 4  21.77822  22.00506 75408 32
1 0.6 4 -27.36544 -27.02292 75440 32
2 16.2 4  46.71028  47.06222 75472 32
1 5.0 4  50.62706  50.87119 75504 32
1 0.9 4 -14.34631 -14.16378 75536 32
1 2.7 4  47.21236  47.63586 75568 32
2 12.4 4  54.54500  54.94667 75600 32
2 32.1 4  48.63806  49.37278 75632 32
1 2.1 4  16.22539  16.51206 75664 32
1 3.3 4  65.56039  65.89708 75696 32
1 1.3 4  -1.36378  -1.11792 75728 32
1 1.4 4  47.38992  47.67850 75760 32
2 3.8 4  49.16583  50.16861 75792 32
1 0.2 4 -11.42711 -11.29292 75824 32
2 7.3 4  58.90194  59.47889 75856 32
2 43.4 4  26.55806  27.05472 75888 32
1 1.6 4 -55.20292 -54.88544 75920 32
1 4.9 4   9.51789   9.76208 75952 32
1 2.5 4  40.57789  40.65208 75984 32
1 3.4 4  25.55456  25.65625 76016 32
1 1.1 4  -8.26625  -8.10542 76048 32
2 13.9 4  52.45472  52.77389 76080 32
1 3.3 4  52.74456  53.01208 76112 32
1 3.0 4  44.47369  44.71542 76144 32
1 2.3 4   5.26203   5.48789 76176 32
1 4.0 4  -0.58128  -0.36375 76208 32
2 21.8 4  63.73694  64.65306 76240 32
2 0.7 4  59.11472  60.03722 76272 32
1 12.9 4  55.43206  55.72042 76304 32
1 1.2 4  45.80206  46.04958 76336 32
1 0.4 4  59.96792  60.42961 76368 32
1 0.7 4  -5.44375  -5.20628 76400 32
1 4.4 4  -8.39461  -8.14708 76432 32
2 5.0 4  62.78306  63.33139 76464 32
1 1.6 4  71.15289  71.38461 76496 32
1 2.4 4  17.21122  17.41625 76528 32
1 5.2 4  23.56292  23.78208 76560 32
2 5.3 4  59.58194  60.45556 76592 32
2 60.9 4  -3.81889  -2.67139 76624 32
2 6.5 4  66.02278  66.34056 76656 32
2 4.5 4  55.30278  55.59444 76688 32
2 4.1 4  61.18417  61.64833 76720 32
2 20.3 4  62.61250  63.19250 76752 32
1 3.0 4  75.79750  76.12136 76784 32
2 9.1 4  50.89083  51.22750 76816 32
1 5.0 4  64.67789  64.83875 76848 32
2 5.2 4  39.77167  39.89944 76880 32
2 0.3 4  50.59694  50.95167 76912 32
1 5.7 4  -7.25544  -7.10042 76944 32
1 3.6 4   2.03786   2.24706 76976 32
1 6.4 4  19.98908  20.08839 77008 32
1 2.2 4  22.09203  22.46706 77040 32
1 0.2 4  31.14372  31.23458 77072 32
1 9.0 4 -16.80211 -16.51039 77104 32
1 2.3 4  33.63039  33.90294 77136 32
2 0.3 4  52.51556  52.92000 77168 32
2 2.4 4  70.46167  70.75778 77200 32
2 2.4 4  55.05056  55.71278 77232 32
1 4.1 4  10.00372  10.45128 77264 32
2 3.8 4  66.29667  66.81111 77296 32
1 2.6 4  60.14122  60.36622 77328 32
1 1.7 4  54.81536  54.97206 77360 32
1 0.3 4   5.85706   6.09542 77392 32
2 6.9 4  23.72139  24.08944 77424 32
1 0.5 4   1.25125   1.62542 77456 32
1 6.6 4  30.22622  30.47042 77488 32
2 0.7 4  57.98139  58.45917 77520 32
1 3.4 4   1.71292   1.96036 77552 32
2 2.2 4  56.01861  56.46083 77584 32
2 4.5 4  60.39778  61.11833 77616 32
1 0.1 4  59.79672  60.00872 77648 32
1 0.9 4  77.66456  77.91708 77680 32
1 9.0 4  42.70956  42.87539 77712 32
1 4.8 4  -8.44297  -8.34878 77744 32
1 3.0 4  -0.54878  -0.26875 77776 32
1 0.3 4  62.52153  62.89728 77808 32
2 16.6 4  43.74583  45.08333 77840 32
2 0.4 4  64.74778  65.06139 77872 32
2 1.9 4  47.57139  48.21944 77904 32
2 39.1 4   8.73250   9.37528 77936 32
1 20.3 4  75.02250  75.44472 77968 32
2 1.2 4  58.49694  58.73611 78000 32
2 37.8 4   5.99750   6.62028 78032 32
1 7.6 4 -50.81128 -50.46044 78064 32
1 1.7 4  -0.04461   0.05089 78096 32
2 0.1 4   8.03472   8.51167 78128 32
1 2.4 4  56.17003  56.53961 78160 32
2 30.4 4  52.07083  52.73306 78192 32
2 9.1 4  49.49167  50.34639 78224 32
2 10.4 4  31.55611  31.93556 78256 32
2 12.6 4  62.71167  63.59806 78288 32
2 8.8 4  39.15917  39.42139 78320 32
2 9.4 4  46.75944  47.17833 78352 32
2 6.9 4  54.55639  54.97861 78384 32
2 3.5 4  31.16056  31.99944 78416 32
2 16.9 4  46.20028  46.51972 78448 32
2 1.3 4  52.35250  53.00694 78480 32
1 15.4 4  69.46019  69.75878 78512 32
1 6.9 4  77.67258  77.90731 78544 32
1 5.7 4  53.82458  54.10450 78576 32
1 0.9 4   4.64542   4.91708 78608 32
2 5.0 4  54.93944  55.23361 78640 32
1 3.6 4 -52.23544 -52.09456 78672 32
2 4.6 4  41.25611  41.42056 78704 32
2 26.2 4  55.82056  56.12917 78736 32
2 11.2 4  63.98333  64.17333 78768 32
2 6.2 4  -6.38278  -6.12944 78800 32
2 28.4 4  47.09472  47.25139 78832 32
1 0.5 4  76.70047  76.89758 78864 32
2 3.5 4  47.48528  47.81833 78896 32
2 2.6 4  52.93944  53.14972 78928 32
2 21.1 4  46.34139  47.03333 78960 32
2 2.2 4  61.83167  62.31472 78992 32
2 6.7 4  60.31083  60.92528 79024 32
1 8.1 4  19.26292  19.39786 79056 32
2 8.8 4  45.72222  46.17611 79088 32
1 3.5 4  -8.80378  -8.69125 79120 32
1 2.5 4 -25.27292 -24.98958 79152 32
2 7.3 4  64.35417  64.73306 79184 32
2 3.3 4  64.02361  64.40250 79216 32
2 1.6 4 -25.06889 -24.89211 79248 32
2 9.8 4  63.32472  63.73417 79280 32
2 45.2 4 -33.51444 -32.79083 79312 32
2 2.4 4  36.42583  36.79528 79344 32
1 1.2 4  11.65869  11.97958 79376 32
2 0.3 4  45.44556  45.88861 79408 32
2 24.8 4  46.81583  47.57750 79440 32
1 1.6 4 -49.90628 -49.59458 79472 32
1 2.5 4   9.15375   9.32792 79504 32
1 17.5 4  71.40125  71.58297 79536 32
1 1.1 4  55.76533  56.00539 79568 32
1 3.1 4  39.78286  40.03875 79600 32
2 12.1 4  53.96222  54.06361 79632 32
1 0.6 4   1.26869   1.47622 79664 32
2 7.3 4  66.63333  66.93583 79696 32
1 1.8 4 -11.35797 -10.97542 79728 32
2 2.9 4  29.44000  29.64694 79760 32
1 2.4 4  54.72119  55.16375 79792 32
2 2.9 4  57.60389  58.10306 79824 32
2 0.4 4  60.02861  60.44639 79856 32
2 44.5 4  62.85500  63.45444 79888 32
2 12.8 4  62.93444  63.37833 79920 32
2 20.6 4  64.13583  64.44417 79952 32
2 5.6 4  65.36806  65.89889 79984 32
1 1.0 4  72.14792  72.38958 80016 32
1 4.4 4  77.36792  77.46625 80048 32
2 18.1 4  33.44639  33.76778 80080 32
2 1.4 4   6.28472   6.53528 80112 32
2 0.1 4  16.56694  16.85972 80144 32
2 0.8 4  31.21361  31.60000 80176 32
1 4.1 4  38.38206  38.56206 80208 32
2 2.6 4 -49.79722 -49.40000 80240 32
1 5.2 4  75.74686  75.99925 80272 32
2 1.2 4  34.56806  34.84806 80304 32
2 11.1 4  59.14028  59.32500 80336 32
2 7.5 4  56.16778  56.49222 80368 32
2 0.2 4  30.74167  31.07917 80400 32
2 10.6 4  66.46028  66.76389 80432 32
1 6.2 4  68.39669  68.59767 80464 32
2 6.2 4  52.82222  53.02333 80496 32
2 5.1 4  54.71472  54.97278 80528 32
2 22.9 4  40.13444  40.62167 80560 32
2 11.5 4  44.33944  44.60111 80592 32
2 9.5 4   1.58833   1.89417 80624 32
1 6.4 4  72.69789  73.09625 80656 32
2 10.1 4  37.84306  38.28361 80688 32
1 7.3 4  -1.29044  -1.16881 80720 32
2 1.0 4  66.42417  66.89889 80752 32
1 1.3 4  10.21367  10.30369 80784 32
2 1.9 4  56.56528  57.27389 80816 32
2 2.8 4  61.11750  61.40639 80848 32
1 4.0 4  -8.44044  -8.32958 80880 32
2 0.1 4  21.71333  21.94333 80912 32
2 9.4 4  64.80694  65.21139 80944 32
1 9.1 4  53.34203  53.45375 80976 32
2 174.2 4  46.07806  46.61139 81008 32
2 5.7 4  42.05972  42.33611 81040 32
2 14.0 4  53.66500  53.89417 81072 32
2 4.7 4 -54.59833 -54.48917 81104 32
2 13.8 4  22.03833  22.72750 81136 32
2 10.9 4  60.13528  60.51778 81168 32
2 15.0 4  67.71944  68.47861 81200 32
1 3.1 4  36.12953  36.38628 81232 32
2 13.6 4 -44.45639 -43.49778 81264 32
2 10.3 4  49.56750  50.04222 81296 32
2 6.7 4  48.77750  48.98278 81328 32
1 0.2 4 -24.98461 -24.75542 81360 32
2 6.6 4  43.73417  43.94806 81392 32
2 8.6 4  47.18972  47.53528 81424 32
2 4.8 4  47.42083  47.83583 81456 32
1 1.0 4 -13.42458 -13.19794 81488 32
2 215.4 4  -3.79750  -3.34194 81520 32
2 3.3 4  54.66250  54.85222 81552 32
2 2.2 4  -7.17750  -6.80139 81584 32
2 2.6 4  46.69167  47.15028 81616 32
2 12.4 4  60.87944  61.07194 81648 32
2 9.5 4  68.22778  68.75972 81680 32
1 26.1 4  76.47028  76.84200 81712 32
2 9.0 4  63.61222  63.89500 81744 32
2 4.8 4  60.78028  61.15806 81776 32
2 0.5 4  41.55194  41.81778 81808 32
2 9.7 4  49.88306  50.13556 81840 32
2 0.5 4  44.20917  44.74917 81872 32
3 4.8 4  47.82667  48.18583 81904 32
2 2.9 4  34.15750  34.46583 81936 32
1 3.8 4  -9.52461  -9.19792 81968 32
2 16.2 4  53.05139  53.31611 82000 32
1 10.3 4 -17.01128 -16.68625 82032 32
1 1.6 4 -18.21961 -18.06294 82064 32
2 144.6 4  57.37389  57.52194 82096 32
2 3.0 4  62.85722  63.36222 82128 32
2 20.3 4  48.17167  48.38667 82160 32
2 13.5 4  50.76806  51.41861 82192 32
2 19.4 4  47.87528  48.20806 82224 32
2 11.8 4  53.00556  53.24667 82256 32
1 0.9 4  -4.80544  -4.55872 82288 32
2 13.5 4  67.30694  67.58028 82320 32
2 24.5 4  69.30472  69.48167 82352 32
2 7.8 4  16.07694  16.42917 82384 32
2 2.7 4  52.12917  52.34000 82416 32
2 5.4 4  65.04972  65.43000 82448 32
1 2.8 4  22.28453  22.45872 82480 32
2 1.9 4  68.54778  68.90833 82512 32
2 4.6 4  64.47611  64.93722 82544 32
2 2.3 4  -1.00750  -0.63139 82576 32
1 3.3 4 -55.31381 -54.89292 82608 32
2 7.7 4  59.40778  59.68167 82640 32
1 3.2 4  64.41706  64.92878 82672 32
1 0.4 4 -51.48964 -51.19128 82704 32
2 6.0 4  47.11222  47.41750 82736 32
2 2.6 4  63.68944  64.07306 82768 32
2 11.3 4  40.16917  40.83861 82800 32
2 11.8 4  11.36139  11.80250 82832 32
2 0.6 4  45.25500  45.68083 82864 32
1 0.7 4  75.89256  76.09758 82896 32
2 3.0 4  63.76250  64.15917 82928 32
2 1.2 4  55.93778  56.37111 82960 32
2 27.2 4  15.36361  15.78694 82992 32
2 2.2 4  70.81056  71.29056 83024 32
2 10.9 4 -45.67722 -45.25639 83056 32
2 2.1 4  56.02611  56.57639 83088 32
2 10.8 4  50.10000  50.75444 83120 32
3 2.7 4  -0.54444  -0.23028 83152 32
2 1.4 4 -45.33194 -44.63722 83184 32
2 7.8 4  59.90861  60.15361 83216 32
2 13.0 4  58.06667  58.20500 83248 32
2 1.9 4  18.09222  18.42139 83280 32
2 0.1 4  22.61750  22.99139 83312 32
2 2.0 4  16.58972  16.87028 83344 32
2 2.8 4  30.76417  31.37250 83376 32
2 3.6 4  54.41250  54.70278 83408 32
2 1.4 4  35.14333  35.28167 83440 32
2 2.5 4  62.67111  63.04444 83472 32
2 8.4 4  51.01972  51.30889 83504 32
2 8.9 4  64.82083  65.11972 83536 32
1 4.9 4  56.09864  56.43839 83568 32
2 2.0 4  49.65111  50.02750 83600 32
2 8.3 4  53.41389  53.76917 83632 32
2 1.2 4  63.83083  64.15639 83664 32
2 3.4 4  67.24472  67.58667 83696 32
2 2.3 4  47.83361  48.33306 83728 32
2 5.2 4  63.03389  63.24611 83760 32
2 3.0 4  34.96917  35.49583 83792 32
2 0.3 4  33.31028  33.72389 83824 32
2 6.5 4  36.59583  37.05639 83856 32
2 5.7 4  59.71528  59.89667 83888 32
2 0.8 4  55.04917  55.30333 83920 32
2 1.0 4  29.14528  29.49361 83952 32
2 17.3 4  58.89972  59.30361 83984 32
1 3.8 4  70.08706  70.26792 84016 32
2 6.5 4  68.66222  68.84222 84048 32
2 6.4 4  46.80528  47.20083 84080 32
2 1.0 4  53.05444  53.40111 84112 32
2 5.5 4  33.68639  34.34750 84144 32
2 7.1 4  56.05528  56.66111 84176 32
2 2.5 4 -13.04833 -12.76139 84208 32
2 32.4 4  54.13250  54.32667 84240 32
2 5.7 4  45.47694  45.89389 84272 32
2 3.4 4  54.13111  54.33250 84304 32
2 2.7 4  47.04472  47.30694 84336 32
2 3.5 4  -7.17250  -7.03444 84368 32
2 0.7 4  34.67556  34.90889 84400 32
2 5.3 4  61.22167  61.51639 84432 32
2 1.1 4  47.03861  47.41500 84464 32
2 7.1 4  16.40306  16.90667 84496 32
2 8.4 4  48.25139  48.50361 84528 32
2 8.9 4  57.52028  57.98111 84560 32
2 1.6 4  53.04667  53.46389 84592 32
2 2.1 4  50.63583  50.93389 84624 32
2 7.4 4  41.43500  41.58889 84656 32
2 0.2 4  34.54806  34.67278 84688 32
2 6.1 4  54.48167  54.74222 84720 32
2 4.8 4  15.08833  15.30778 84752 32
2 8.8 4  60.07556  60.60361 84784 32
2 102.1 4  -3.02750  -1.62722 84816 32
2 1.9 4  29.71889  29.98722 84848 32
2 3.0 4  31.43083  31.65333 84880 32
2 0.0 4  17.02417  17.20306 84912 32
2 0.8 4  61.84972  62.14500 84944 32
2 1.1 4  50.69389  51.29889 84976 32
2 12.1 4  60.08806  60.36750 85008 32
2 4.6 4  51.06861  51.57583 85040 32
2 4.8 4  62.21472  62.50194 85072 32
2 1.9 4  46.67667  47.03028 85104 32
2 0.8 4  52.81667  53.08056 85136 32
2 7.7 4  60.92778  61.35361 85168 32
2 8.1 4  56.06333  56.29722 85200 32
2 1.0 4  33.18028  33.44139 85232 32
2 3.6 4  40.76167  41.01611 85264 32
2 1.6 4  63.06250  63.41917 85296 32
2 5.5 4  -0.94833  -0.74389 85328 32
2 0.4 4  62.38694  62.81083 85360 32
1 1.5 4  80.04875  80.34956 85392 32
2 1.2 4  55.32000  55.59806 85424 32
2 2.8 4  47.95389  48.31306 85456 32
2 8.3 4  63.79361  64.17361 85488 32
2 4.9 4  39.04083  39.27083 85520 32
2 2.5 4  49.29917  49.74722 85552 32
2 8.2 4  62.79056  63.19500 85584 32
2 14.2 4  46.51889  46.89528 85616 32
2 0.7 4  55.80389  56.19444 85648 32
2 2.0 4 -32.91833 -32.52333 85680 32
3 0.4 4  -2.17361  -1.89833 85712 32
2 4.6 4  46.89556  47.08361 85744 32
2 0.8 4  43.50667  43.76417 85776 32
2 3.7 4  16.92389  17.02167 85808 32
2 5.0 4  59.45917  59.87139 85840 32
2 1.6 4  58.88667  59.28528 85872 32
2 2.9 4  65.87833  66.01444 85904 32
2 3.0 4  16.42250  16.96222 85936 32
2 0.1 4  49.25056  49.78750 85968 32
2 28.8 4  52.50972  52.93778 86000 32
2 7.6 4  46.45639  46.70167 86032 32
2 16.1 4  69.05083  69.43500 86064 32
2 2.3 4   5.54472   5.91000 86096 32
2 3.6 4  62.59389  62.79361 86128 32
2 3.7 4  53.70056  53.78889 86160 32
2 9.7 4  50.04333  50.41500 86192 32
1 1.1 4  68.05625  68.14958 86224 32
2 5.4 4  63.40444  63.73583 86256 32
2 14.5 4  -2.58389  -2.10722 86288 32
2 6.3 4 -21.52583 -21.26972 86320 32
2 0.1 4  52.81972  53.14667 86352 32
2 0.3 4  33.66278  33.98500 86384 32
2 9.4 4  63.56917  63.67861 86416 32
2 2.3 4  23.94500  24.20778 86448 32
2 0.4 4  51.34028  51.80083 86480 32
2 3.6 4  64.07306  64.37167 86512 32
2 8.4 4  57.42028  57.79333 86544 32
3 2.6 4  13.99444  14.28056 86576 32
2 7.1 4  59.88194  60.03528 86608 32
3 19.0 4  61.91167  62.12500 86640 32
3 7.6 4   1.94194   2.07278 86672 32
2 4.6 4 -11.04167 -10.78722 86704 32
2 1.4 4  -3.65556  -3.38389 86736 32
2 6.0 4 -47.43556 -47.17056 86768 32
2 1.5 4  61.19222  61.48500 86800 32
2 1.5 4  51.90778  52.22167 86832 32
2 0.4 4  59.96306  60.25306 86864 32
2 9.5 4  66.65694  67.00889 86896 32
2 7.0 4  59.34694  59.73167 86928 32
3 2.1 4  61.74167  61.98917 86960 32
2 1.9 4  67.56861  67.71222 86992 32
2 3.4 4  60.71889  60.99611 87024 32
2 2.1 4  43.74583  44.05306 87056 32
2 0.0 4 -42.85111 -42.58528 87088 32
2 8.2 4  52.31083  52.61806 87120 32
2 2.9 4  36.47028  36.60889 87152 32
2 0.3 4  30.98361  31.31833 87184 32
2 11.0 4  33.10778  33.52583 87216 32
2 1.6 4  -3.41028  -3.18333 87248 32
2 1.3 4  51.91417  52.24472 87280 32
2 4.9 4  47.70472  48.09028 87312 32
2 0.1 4  40.43806  40.67361 87344 32
2 0.0 4  39.56083  39.81472 87376 32
2 10.0 4  52.69111  52.88333 87408 32
2 8.0 4  35.92917  37.01639 87440 32
2 13.7 4  81.64917  81.94944 87472 32
2 0.7 4  46.85972  47.27917 87504 32
2 6.1 4  16.91333  17.06111 87536 32
2 14.3 4  60.24861  60.79444 87568 32
2 6.3 4  49.71333  49.98444 87600 32
2 0.7 4  57.88417  58.14167 87632 32
2 3.5 4  47.67167  47.93250 87664 32
2 3.0 4  63.49472  63.74667 87696 32
2 1.0 4  69.40500  69.71139 87728 32
2 21.3 4  11.06472  11.43583 87760 32
1 2.2 4  54.76711  55.03414 87792 32
2 4.3 4  44.29861  44.56944 87824 32
1 4.5 4  69.11681  69.45433 87856 32
2 7.3 4  54.04917  54.51083 87888 32
2 0.5 4  13.93194  14.17556 87920 32
2 7.1 4  51.43861  51.79250 87952 32
2 4.0 4  66.40028  67.13194 87984 32
2 1.9 4  49.52278  49.77278 88016 32
2 0.9 4  64.85528  65.20333 88048 32
3 3.4 4  62.73139  62.97722 88080 32
2 2.1 4  38.85889  39.02250 88112 32
2 10.7 4  62.98750  63.24333 88144 32
2 1.5 4  37.45694  37.62639 88176 32
2 4.8 4  16.56694  16.75806 88208 32
2 1.3 4  31.33667  31.67333 88240 32
2 8.4 4  49.53083  49.75667 88272 32
2 0.1 4  50.25444  50.39889 88304 32
2 7.0 4  63.15472  63.51306 88336 32
2 0.7 4  45.83083  46.17917 88368 32
2 8.6 4  49.33056  49.75417 88400 32
2 6.7 4  62.40222  62.75306 88432 32
2 1.2 4  62.74972  63.05556 88464 32
3 1.6 4   0.07583   0.30194 88496 32
2 4.9 4  59.65389  59.89778 88528 32
2 5.1 4  60.92528  61.07944 88560 32
2 2.8 4  48.54889  48.84139 88592 32
2 9.3 4  46.78417  47.01139 88624 32
2 0.8 4  61.18944  61.61583 88656 32
2 1.7 4  33.90778  34.12167 88688 32
2 2.6 4  51.50139  51.83917 88720 32
2 3.1 4  64.03639  64.30806 88752 32
2 9.4 4  59.63667  59.85194 88784 32
2 0.8 4  46.38694  46.67500 88816 32
2 0.9 4  41.01528  41.24944 88848 32
2 5.9 4  63.81278  64.10361 88880 32
2 20.8 4  63.09778  63.38417 88912 32
3 0.3 4  46.13806  46.29750 88944 32
2 9.9 4 -43.03194 -42.76778 88976 32
2 8.7 4  61.90556  62.26694 89008 32
2 1.8 4  48.81111  48.97750 89040 32
3 11.1 4  45.42194  45.70639 89072 32
2 3.1 4  42.24167  42.63139 89104 32
2 1.6 4  59.37250  59.59083 89136 32
2 12.0 4  56.32667  56.53889 89168 32
2 6.9 4  40.71611  40.90833 89200 32
2 3.3 4  52.80222  53.06278 89232 32
2 9.9 4  63.82528  64.19417 89264 32
2 3.5 4  61.40222  61.78361 89296 32
2 17.6 4  61.91778  62.41833 89328 32
2 2.7 4  67.21722  67.52194 89360 32
2 1.9 4  26.05778  26.29333 89392 32
2 13.7 4  37.65194  37.85556 89424 32
2 8.3 4  32.32750  32.67389 89456 32
1 6.8 4  -0.39211  -0.22042 89488 32
2 5.8 4  66.50583  66.74306 89520 32
2 4.6 4  48.42944  48.82972 89552 32
2 3.6 4  63.59417  63.92139 89584 32
2 7.4 4  58.53417  58.89278 89616 32
2 3.9 4  43.31833  43.55333 89648 32
2 1.1 4  51.48222  51.76917 89680 32
1 0.3 4  60.16206  60.46042 89712 32
2 7.8 4  42.47167  42.94722 89744 32
2 3.0 4  33.39417  33.59528 89776 32
2 15.7 4  48.83000  48.97944 89808 32
2 2.2 4  63.51306  63.80972 89840 32
2 1.2 4  -2.33556  -2.17667 89872 32
2 13.7 4  65.65194  65.90861 89904 32
2 8.0 4  65.07833  65.36056 89936 32
2 15.0 4  60.41528  60.66222 89968 32
2 8.6 4 -15.50250 -15.15250 90000 32
2 2.4 4  40.22500  40.42750 90032 32
2 8.2 4  49.32083  49.79639 90064 32
2 21.2 4  52.04278  52.86583 90096 32
2 16.5 4  53.47028  53.66389 90128 32
2 6.2 4  51.69944  52.00750 90160 32
2 0.3 4  54.76250  54.93861 90192 32
2 1.9 4  58.12667  58.54056 90224 32
2 3.2 4  45.66806  45.94306 90256 32
2 2.8 4  54.11000  54.31611 90288 32
2 3.8 4 -45.59583 -45.23444 90320 32
2 4.8 4  56.82306  57.19778 90352 32
2 4.9 4  56.08972  56.34583 90384 32
2 8.8 4  61.35083  61.60250 90416 32
2 4.2 4  38.41611  38.61806 90448 32
2 4.6 4  60.93111  61.39222 90480 32
2 2.4 4  44.59583  44.90222 90512 32
2 2.8 4  55.57167  55.74667 90544 32
2 1.9 4  -8.74611  -8.50472 90576 32
2 5.4 4  31.62667  31.85528 90608 32
2 9.1 4  49.91139  50.28139 90640 32
2 12.1 4  40.92333  41.30806 90672 32
2 1.7 4  53.83750  54.21167 90704 32
2 2.7 4  24.66917  25.02750 90736 32
2 1.3 4  43.85222  44.25139 90768 32
2 6.1 4  56.45667  56.65278 90800 32
2 3.9 4  62.13500  62.33056 90832 32
1 0.9 4  26.54678  26.77256 90864 32
2 4.2 4  61.75667  61.96194 90896 32
2 0.8 4  80.83500  81.28278 90928 32
2 12.7 4 -41.21583 -41.04889 90960 32
2 11.5 4  40.90167  41.17500 90992 32
2 0.0 4  59.14139  59.35694 91024 32
2 11.9 4  54.76194  55.02528 91056 32
2 4.8 4  42.39056  42.87528 91088 32
2 1.5 4  32.21000  32.53556 91120 32
2 6.7 4  58.66306  58.83417 91152 32
2 2.9 4  33.23611  33.52528 91184 32
2 1.4 4 -43.75083 -43.38611 91216 32
2 4.1 4  51.10806  51.45778 91248 32
2 1.6 4  64.81972  65.10333 91280 32
2 5.8 4  53.82500  54.11250 91312 32
2 5.2 4  65.29139  65.59944 91344 32
2 4.0 4  54.42667  54.76139 91376 32
2 3.2 4  14.64528  15.02167 91408 32
2 8.9 4  51.87861  52.10611 91440 32
2 2.8 4  59.11111  59.37778 91472 32
1 9.7 4  75.74958  75.98994 91504 32
2 2.7 4  53.59944  53.79556 91536 32
2 2.9 4  -8.46528  -8.17639 91568 32
2 6.4 4  57.13861  57.38806 91600 32
2 1.6 4  29.19639  29.50889 91632 32
2 1.9 4  51.89972  52.27306 91664 32
2 3.7 4  56.88111  57.18361 91696 32
2 0.5 4  29.88444  30.14750 91728 32
2 8.9 4  55.20833  55.39667 91760 32
2 3.4 4  38.87306  39.13611 91792 32
2 0.1 4  55.32083  55.49306 91824 32
2 0.9 4  55.45306  55.73222 91856 32
2 3.4 4  34.48472  34.64250 91888 32
2 2.5 4  48.22583  48.67833 91920 32
2 6.9 4  69.63639  69.86389 91952 32
2 0.1 4  66.53333  66.82333 91984 32
2 2.8 4 -11.81028 -11.52028 92016 32
2 5.6 4  61.29750  61.37389 92048 32
2 6.3 4  64.38667  64.56806 92080 32
2 7.9 4  48.96278  49.19889 92112 32
2 2.5 4 -36.25056 -35.96861 92144 32
2 5.1 4  68.36472  68.62667 92176 32
2 1.8 4  65.75111  66.04861 92208 32
2 4.3 4  27.82000  28.13250 92240 32
2 1.8 4  59.05861  59.37833 92272 32
2 0.8 4  45.91722  46.26444 92304 32
2 4.3 4  11.80611  11.97111 92336 32
2 6.2 4  66.56722  66.76083 92368 32
2 3.5 4  52.03694  52.36417 92400 32
2 2.5 4  56.07111  56.36861 92432 32
2 5.2 4  63.14111  63.31194 92464 32
2 9.2 4  60.03667  60.29806 92496 32
2 9.2 4  62.25222  62.43972 92528 32
2 15.8 4  43.79972  44.21889 92560 32
2 1.8 4  -2.51417  -2.32417 92592 32
2 1.4 4 -38.36389 -38.06639 92624 32
2 9.7 4  59.63139  59.80222 92656 32
2 1.1 4  52.32361  52.60694 92688 32
2 0.0 4 -40.88972 -40.75750 92720 32
2 1.5 4  46.54194  46.77556 92752 32
2 1.3 4  56.53583  56.75778 92784 32
2 12.1 4  67.03611  67.32667 92816 32
2 2.3 4  66.29750  66.46778 92848 32
2 3.5 4  53.71389  54.01306 92880 32
2 0.2 4  45.59222  45.76889 92912 32
2 1.3 4  35.10139  35.30667 92944 32
2 1.0 4  60.25667  60.50444 92976 32
2 3.1 4  13.49500  13.72556 93008 32
2 4.1 4  69.99667  70.11694 93040 32
2 0.6 4  45.85250  46.10444 93072 32
2 6.0 4  64.03111  64.25889 93104 32
2 1.0 4  50.16250  50.45556 93136 32
2 3.8 4  50.15417  50.28306 93168 32
2 4.7 4  70.24556  70.50750 93200 32
2 3.7 4  50.47472  50.62972 93232 32
2 4.5 4  50.33222  50.57194 93264 32
2 3.8 4  53.79611  54.05806 93296 32
1 19.1 4  81.95936  82.29397 93328 32
2 12.2 4  -3.77361  -3.40167 93360 32
2 5.5 4  43.48417  43.73250 93392 32
2 5.6 4  55.22889  55.38806 93424 32
2 5.0 4 -40.32278 -40.11139 93456 32
2 7.6 4  58.01667  58.25194 93488 32
2 1.6 4  55.08611  55.17750 93520 32
2 0.5 4  44.74472  44.99056 93552 32
2 5.0 4 -17.97139 -17.61306 93584 32
2 1.9 4  24.36444  24.64611 93616 32
2 18.9 4  47.64861  47.97639 93648 32
2 2.5 4  60.38417  60.80278 93680 32
2 1.8 4  54.84778  54.96833 93712 32
2 4.0 4  47.41722  47.68694 93744 32
2 2.8 4 -38.96083 -38.66167 93776 32
2 0.2 4  65.95639  66.20667 93808 32
2 8.4 4  59.35056  59.66667 93840 32
2 1.4 4  54.21056  54.56222 93872 32
2 7.9 4  65.44917  65.60694 93904 32
2 7.1 4  15.79056  15.91750 93936 32
2 0.1 4  44.75472  45.01917 93968 32
2 4.2 4 -37.48722 -37.20639 94000 32
2 1.8 4  43.43972  43.83194 94032 32
2 1.5 4  -2.01278  -1.72778 94064 32
2 13.8 4  58.27528  58.51278 94096 32
2 14.0 4  72.14917  72.43306 94128 32
2 0.3 4  59.76028  59.99806 94160 32
2 4.4 4  49.73472  50.07583 94192 32
3 2.8 4  -2.42389  -2.08667 94224 32
2 4.8 4  44.91361  45.27583 94256 32
2 1.4 4  55.27194  55.33194 94288 32
2 1.9 4  51.24556  51.45667 94320 32
2 3.1 4  54.08444  54.39250 94352 32
2 3.3 4  54.71917  54.85056 94384 32
2 11.1 4  48.64833  48.82583 94416 32
2 1.9 4 -13.17417 -12.93139 94448 32
2 2.0 4  39.86694  40.20944 94480 32
2 0.5 4  49.13861  49.30611 94512 32
2 0.1 4  29.73194  29.96028 94544 32
2 5.2 4  66.92167  67.19750 94576 32
2 5.5 4  55.31694  55.51444 94608 32
2 3.1 4  31.24778  31.50806 94640 32
2 0.4 4  30.89528  31.14333 94672 32
2 1.1 4  -4.36444  -4.09639 94704 32
2 0.5 4  25.60639  25.97194 94736 32
2 9.6 4  35.62750  35.83111 94768 32
2 2.6 4  53.96778  54.15750 94800 32
2 1.0 4  57.95083  58.28722 94832 32
2 4.3 4  56.76000  57.07417 94864 32
2 6.7 4  35.50500  35.64389 94896 32
2 0.4 4  16.11444  16.37472 94928 32
2 1.1 4  30.59556  30.85389 94960 32
2 1.4 4   1.59139   1.72361 94992 32
2 6.1 4  59.72306  60.00528 95024 32
2 3.6 4  58.59917  58.82000 95056 32
2 5.6 4  54.47556  54.67806 95088 32
2 0.9 4  66.44944  66.74694 95120 32
2 0.3 4  35.96028  36.21528 95152 32
2 2.3 4  67.69778  68.09917 95184 32
2 1.6 4  50.67861  50.85639 95216 32
2 5.9 4  69.96028  70.09167 95248 32
2 5.8 4  68.96500  69.33750 95280 32
2 7.1 4  62.11667  62.25333 95312 32
2 3.6 4  -3.10167  -2.97361 95344 32
3 1.7 4   8.54361   8.67667 95376 32
2 8.8 4  60.38028  60.61778 95408 32
2 1.8 4  31.05444  31.20889 95440 32
2 10.1 4  54.95472  55.22167 95472 32
2 5.4 4  42.28556  42.52833 95504 32
2 9.5 4  68.34778  68.64806 95536 32
2 8.4 4  54.75417  54.87583 95568 32
2 4.1 4  62.16333  62.47917 95600 32
2 2.2 4  64.64111  64.90750 95632 32
2 7.8 4  76.98944  77.13611 95664 32
2 6.8 4  58.74056  58.86028 95696 32
2 6.3 4 -27.52833 -27.24083 95728 32
2 5.2 4 -17.64889 -17.31222 95760 32
2 1.7 4  58.54028  58.69472 95792 32
2 2.2 4  52.34889  52.64222 95824 32
2 5.7 4  27.20722  27.42917 95856 32
2 27.2 4 -49.02278 -48.77056 95888 32
2 9.6 4  66.64500  66.90000 95920 32
2 6.1 4  54.43611  54.63694 95952 32
1 0.9 4  71.02956  71.31211 95984 32
2 1.2 4  38.18000  38.40139 96016 32
2 7.6 4  43.11028  43.39194 96048 32
2 3.2 4  61.04222  61.24250 96080 32
3 1.4 4  -2.00389  -1.82250 96112 32
2 1.1 4  49.79056  49.93500 96144 32
2 7.2 4  65.56444  65.81139 96176 32
2 1.2 4  55.36944  55.57583 96208 32
2 2.7 4  62.66972  62.99083 96240 32
2 11.7 4  41.93083  42.17556 96272 32
2 0.2 4  30.23000  30.33500 96304 32
2 1.2 4  57.10806  57.34556 96336 32
2 2.5 4  55.62250  55.83972 96368 32
2 0.9 4  -0.34667  -0.17333 96400 32
2 5.4 4  54.01861  54.29694 96432 32
2 1.9 4 -30.70750 -30.57722 96464 32
2 7.7 4  46.11611  46.36639 96496 32
2 7.1 4  67.35028  67.59056 96528 32
2 6.6 4  69.12444  69.28139 96560 32
2 1.2 4  65.05722  65.21333 96592 32
2 11.2 4   7.83389   8.09083 96624 32
2 4.0 4  44.41806  44.61694 96656 32
2 5.0 4  38.93694  39.25861 96688 32
2 15.4 4  53.73139  53.88222 96720 32
2 1.4 4  55.40500  55.62111 96752 32
1 4.0 4  -4.75797  -4.52208 96784 32
2 4.0 4  -2.06333  -1.75861 96816 32
2 1.6 4  23.59500  23.70944 96848 32
2 4.5 4  65.46889  65.65167 96880 32
2 2.0 4  40.49806  40.70194 96912 32
3 2.1 4  -2.46333  -2.18639 96944 32
2 2.0 4  57.92694  58.27972 96976 32
2 0.4 4  53.63667  53.91944 97008 32
2 3.0 4  61.36222  61.69389 97040 32
2 1.9 4  60.83694  61.09028 97072 32
2 8.9 4  41.77000  42.10917 97104 32
2 8.0 4  68.99722  69.13250 97136 32
3 4.1 4  44.81111  45.07750 97168 32
2 0.6 4  61.40750  61.66083 97200 32
2 1.2 4  67.02056  67.43139 97232 32
2 7.7 4  34.30194  34.54056 97264 32
2 1.3 4  60.27667  60.52694 97296 32
2 3.2 4  -0.07889   0.09167 97328 32
2 1.9 4  54.56083  54.74972 97360 32
2 10.6 4  54.29361  54.37722 97392 32
2 0.3 4  35.48306  35.73917 97424 32
2 12.8 4  56.04500  56.21444 97456 32
2 2.7 4 -44.18806 -43.69611 97488 32
2 0.6 4  48.16667  48.38444 97520 32
2 6.5 4  63.83000  64.08056 97552 32
2 1.3 4  -3.00389  -2.76722 97584 32
2 1.9 4  32.59639  32.75417 97616 32
2 0.6 4  54.10944  54.24806 97648 32
2 4.6 4  64.16000  64.38972 97680 32
2 10.1 4  51.01778  51.25694 97712 32
2 11.1 4  56.34167  56.56972 97744 32
2 5.0 4  66.73556  67.03194 97776 32
2 5.5 4  60.74861  61.07111 97808 32
2 4.8 4 -13.89028 -13.57722 97840 32
2 0.3 4  54.82806  55.16194 97872 32
2 6.3 4  10.10861  10.26222 97904 32
2 9.6 4  69.62750  69.87944 97936 32
2 8.7 4  63.97222  64.25000 97968 32
2 1.0 4  63.11472  63.23611 98000 32
2 2.8 4  67.52194  67.89333 98032 32
2 5.8 4  60.84250  61.02611 98064 32
2 10.2 4  11.56028  11.75694 98096 32
2 1.1 4  63.92917  64.12972 98128 32
2 4.7 4 -30.23944 -29.97556 98160 32
2 11.9 4  55.37972  55.56583 98192 32
2 7.1 4  59.40000  59.65639 98224 32
2 6.9 4  14.49361  14.75667 98256 32
2 0.9 4  30.06028  30.14778 98288 32
2 0.6 4  59.59333  59.74167 98320 32
1 0.4 4  59.85119  60.64208 98352 32
2 2.8 4  60.15194  60.44750 98384 32
2 1.2 4  -2.99694  -2.71444 98416 32
2 12.9 4   5.70222   5.96722 98448 32
2 5.9 4  48.93694  49.07639 98480 32
2 4.0 4   8.50167   8.61167 98512 32
2 0.3 4 -39.84639 -39.61444 98544 32
2 0.4 4  55.22417  55.37444 98576 32
2 7.6 4  -1.59444  -1.48750 98608 32
2 11.5 4  64.52250  64.76333 98640 32
2 2.7 4  -2.68444  -2.55972 98672 32
2 4.0 4  51.28778  51.41861 98704 32
2 2.7 4  34.47167  34.75139 98736 32
2 1.1 4  28.77528  29.02472 98768 32
2 6.0 4  18.40722  18.56500 98800 32
2 6.5 4  42.80778  43.06944 98832 32
2 9.8 4  56.16444  56.33972 98864 32
2 6.7 4  29.82389  30.08778 98896 32
2 7.0 4  62.72917  62.96472 98928 32
2 6.2 4  38.92472  39.12778 98960 32
2 10.0 4  54.58056  54.71889 98992 32
2 0.1 4  67.74417  67.84861 99024 32
2 4.7 4  51.65194  51.86556 99056 32
2 4.2 4  46.35361  46.66167 99088 32
2 0.9 4  -2.85556  -2.57417 99120 32
2 0.1 4  58.22917  58.56917 99152 32
2 6.9 4  11.10528  11.34667 99184 32
2 4.9 4  49.83000  49.97583 99216 32
2 11.1 4  64.05472  64.28278 99248 32
2 5.5 4  64.69722  64.93556 99280 32
2 0.8 4 -43.42972 -43.18972 99312 32
2 2.6 4  59.11722  59.21833 99344 32
2 0.4 4  36.96611  37.15583 99376 32
2 1.1 4  58.78778  58.90028 99408 32
2 2.0 4 -43.98667 -43.89139 99440 32
2 5.1 4  61.44361  61.62972 99472 32
2 6.4 4  59.63778  59.95694 99504 32
2 3.4 4  51.92083  52.03944 99536 32
2 3.4 4  65.38222  65.62444 99568 32
2 0.7 4  43.08694  43.32972 99600 32
2 1.0 4  45.16778  45.34250 99632 32
2 3.5 4  67.67250  67.84972 99664 32
2 1.3 4  56.76028  57.01139 99696 32
2 10.5 4  54.37056  54.46111 99728 32
2 2.4 4  50.72889  50.84472 99760 32
2 6.8 4 -20.54278 -20.37417 99792 32
2 5.0 4  16.74806  16.92528 99824 32
3 0.5 4  52.29472  52.54889 99856 32
2 1.8 4  59.21583  59.36472 99888 32
2 4.6 4  65.87028  66.15361 99920 32
2 1.1 4  64.09944  64.37250 99952 32
2 6.0 4  48.65806  48.89667 99984 32
2 1.2 4  48.71972  49.01806 100016 32
2 7.8 4  -1.51639  -1.36000 100048 32
2 0.4 4  81.08361  81.34472 100080 32
2 9.7 4  72.51667  72.68806 100112 32
2 8.2 4  60.00278  60.08000 100144 32
2 5.5 4  52.49333  52.81139 100176 32
2 8.2 4 -14.75750 -14.50417 100208 32
2 16.2 4  70.59250  70.81806 100240 32
2 2.9 4  62.06083  62.21639 100272 32
2 0.6 4  -3.73611  -3.55861 100304 32
2 2.1 4  53.44306  53.55583 100336 32
2 3.5 4  56.04944  56.38250 100368 32
3 8.3 4  48.70167  48.87000 100400 32
2 11.0 4  43.07861  43.36278 100432 32
2 0.7 4  30.56250  30.78778 100464 32
2 0.6 4  63.66417  63.90167 100496 32
2 2.6 4  35.14889  35.26056 100528 32
2 2.2 4  42.41333  42.65611 100560 32
2 2.0 4  60.52889  60.79806 100592 32
2 5.3 4  56.84806  57.08556 100624 32
2 9.2 4  15.04833  15.35028 100656 32
2 11.2 4 -28.53083 -28.34667 100688 32
2 1.4 4  67.85556  68.07722 100720 32
2 4.3 4  59.27583  59.46667 100752 32
2 5.9 4  63.96611  64.04389 100784 32
2 2.0 4  46.13028  46.32250 100816 32
2 6.2 4  -3.42611  -3.11139 100848 32
2 1.7 4  24.84528  25.05417 100880 32
2 13.0 4  66.43167  66.62139 100912 32
2 4.3 4 -27.60139 -27.42750 100944 32
2 24.4 4 -29.60111 -29.37417 100976 32
2 4.1 4  59.52722  59.82028 101008 32
2 0.5 4 -13.86111 -13.63389 101040 32
2 7.4 4  62.76639  62.88306 101072 32
2 2.8 4  68.41083  68.68833 101104 32
2 4.3 4  54.30861  54.42139 101136 32
2 1.3 4  34.96306  35.08361 101168 32
2 6.9 4  27.49889  27.58000 101200 32
2 6.5 4  59.59389  59.71694 101232 32
3 7.8 4  45.56889  45.69083 101264 32
2 1.1 4  24.35750  24.63111 101296 32
2 3.8 4  58.25472  58.48444 101328 32
2 4.9 4  45.59556  45.82389 101360 32
2 4.6 4  51.43639  51.62750 101392 32
2 6.0 4  53.90083  54.14556 101424 32
2 2.9 4  65.96611  66.13194 101456 32
2 1.0 4  61.75917  62.01417 101488 32
2 1.3 4  61.84472  61.88250 101520 32
2 4.4 4  66.83667  66.90833 101552 32
2 0.6 4  54.20417  54.34194 101584 32
2 1.2 4  35.68889  35.80306 101616 32
2 12.2 4  66.62000  66.98917 101648 32
2 8.1 4  59.01194  59.31806 101680 32
2 4.3 4  59.73111  59.97278 101712 32
2 0.2 4  54.11694  54.40833 101744 32
2 10.6 4  18.93389  19.04611 101776 32
2 1.1 4  30.41167  30.52361 101808 32
2 0.5 4  37.66972  37.78000 101840 32
2 5.8 4  63.70917  63.91667 101872 32
2 2.9 4  44.10306  44.28750 101904 32
2 1.9 4  35.34250  35.62333 101936 32
2 4.2 4  -2.56472  -2.42361 101968 32
2 3.7 4  -0.79333  -0.51167 102000 32
2 4.4 4  63.30722  63.54472 102032 32
2 0.1 4  52.68167  52.77222 102064 32
2 8.7 4 -39.81083 -39.73278 102096 32
2 1.2 4  61.17611  61.48333 102128 32
2 1.3 4  30.09639  30.36083 102160 32
2 2.8 4  54.50806  54.59389 102192 32
2 3.1 4  61.39583  61.69139 102224 32
2 9.0 4  46.14389  46.24972 102256 32
2 1.3 4  50.37750  50.59750 102288 32
2 7.0 4  77.18528  77.48139 102320 32
2 4.4 4  45.27444  45.38889 102352 32
2 5.4 4 -40.67861 -40.50917 102384 32
3 8.5 4 -30.64917 -30.36972 102416 32
2 9.4 4   8.63972   8.73972 102448 32
2 1.8 4  46.65806  46.77361 102480 32
2 7.0 4  37.58194  37.97167 102512 32
2 1.8 4  70.09056  70.22111 102544 32
2 6.5 4  63.22056  63.28444 102576 32
2 1.6 4  58.95889  59.04528 102608 32
2 3.9 4 -39.90639 -39.76944 102640 32
1 22.5 4 -62.75900 -62.46292 102672 32
2 2.6 4  45.01583  45.08917 102704 32
2 6.5 4  38.59972  38.85417 102736 32
2 19.7 4 -54.15556 -53.95167 102768 32
2 6.2 4  54.73389  54.92472 102800 32
2 3.3 4  67.40750  67.52083 102832 32
2 10.5 4  59.86944  60.12028 102864 32
2 2.6 4  -5.94833  -5.84889 102896 32
2 2.0 4 -44.89806 -44.83056 102928 32
2 3.6 4  68.77167  68.83222 102960 32
2 1.3 4  33.64583  33.77361 102992 32
2 4.8 4  58.09500  58.41472 103024 32
2 2.1 4  32.77306  33.01167 103056 32
2 6.5 4  58.60139  58.84833 103088 32
2 1.9 4  81.72528  81.97944 103120 32
2 0.7 4 -46.07306 -45.83139 103152 32
2 0.9 4  69.21250  69.36611 103184 32
2 2.7 4  45.81694  46.17417 103216 32
2 4.1 4 -44.62000 -44.34556 103248 32
2 8.5 4  67.02528  67.13639 103280 32
3 1.4 4  61.83639  62.09500 103312 32
2 1.4 4  67.06278  67.37000 103344 32
2 3.4 4  58.42694  58.67278 103376 32
3 0.8 4  66.91139  67.15944 103408 32
1 164.2 4 -60.77200 -60.51278 103440 32
1 9.4 4 -65.87822 -65.51475 103472 32
3 8.8 4  61.23167  61.29083 103504 32
1 0.1 4  83.12028  83.36428 103536 32
1 8.4 4  82.98467  83.18386 103568 32
1 9.0 4 -63.18364 -62.97411 103600 32
1 11.6 4 -73.35519 -73.10997 103632 32
1 0.9 4 -66.54986 -66.22583 103664 32
1 8.9 4 -64.54928 -64.35533 103696 32
