-1 -1 16  67.00391  68.90039 0 128
-1 -1 16  67.00391  68.90039 128 128
-1 -1 67  65.00000  67.00391 256 536
-1 -1 67  65.00000  67.00391 792 536
-1 -1 5  63.22559  63.35156 1328 40
-1 -1 53  63.62012  65.00000 1368 424
-1 -1 5  63.22559  63.35059 1792 40
-1 -1 54  63.62012  65.00000 1832 432
-1 -1 90  60.74316  63.22559 2264 720
-1 -1 8  63.35156  63.62012 2984 64
-1 -1 90  60.74316  63.22559 3048 720
-1 -1 8  63.35059  63.62012 3768 64
-1 -1 21  60.01074  60.97266 3832 168
-1 -1 21  60.01074  60.97266 4000 168
-1 -1 15  60.00000  60.37109 4168 120
-1 -1 15  60.00000  60.37109 4288 120
-1 -1 4  60.30566  60.39746 4408 32
-1 -1 4  60.30566  60.39746 4440 32
-1 -1 2  59.99707  59.99805 4472 16
-1 -1 2  59.99707  59.99805 4488 16
-1 -1 3  59.99805  59.99805 4504 24
-1 -1 3  59.99805  59.99805 4528 24
-1 -1 3  59.99805  59.99805 4552 24
-1 -1 3  59.99805  59.99805 4576 24
-1 -1 3  55.00000  59.99902 4600 24
-1 -1 3  55.00000  59.99902 4624 24
-1 -1 3  59.99805  59.99805 4648 24
-1 -1 3  59.99805  59.99805 4672 24
-1 -1 3  59.99805  59.99902 4696 24
-1 -1 3  59.99805  59.99902 4720 24
-1 -1 3  59.99902  59.99902 4744 24
-1 -1 3  59.99902  59.99902 4768 24
-1 -1 3  55.00000  59.99902 4792 24
-1 -1 3  55.00000  59.99902 4816 24
-1 -1 3  59.99902  59.99902 4840 24
-1 -1 3  59.99902  59.99902 4864 24
-1 -1 3  59.99902  59.99902 4888 24
-1 -1 3  59.99902  59.99902 4912 24
-1 -1 8  55.00000  59.99902 4936 64
-1 -1 8  55.00000  59.99902 5000 64
-1 -1 3  59.99902  60.00000 5064 24
-1 -1 3  59.99902  60.00000 5088 24
-1 -1 2  60.00000  60.00000 5112 16
-1 -1 2  60.00000  60.00000 5128 16
-1 -1 4  55.00000  56.20020 5144 32
-1 -1 4  55.00000  56.20020 5176 32
-1 -1 2  56.20020  56.84473 5208 16
-1 -1 2  56.20020  56.84473 5224 16
-1 -1 7  55.00000  55.08984 5240 56
-1 -1 13  55.00000  55.33691 5296 104
-1 -1 13  55.00000  55.33691 5400 104
-1 -1 7  55.00000  55.08984 5504 56
-1 -1 154  55.00000  60.00000 5560 1232
-1 -1 154  55.00000  60.00000 6792 1232
-1 -1 3  53.80566  55.00000 8024 24
-1 -1 3  53.80566  55.00000 8048 24
-1 -1 118  50.54688  53.80566 8072 944
-1 -1 116  50.54688  53.80566 9016 928
-1 -1 9  50.00000  50.56348 9944 72
-1 -1 9  50.00000  50.56348 10016 72
-1 -1 3  50.00000  55.00000 10088 24
-1 -1 3  50.00000  55.00000 10112 24
-1 -1 28  50.00000  55.00000 10136 224
-1 -1 28  50.00000  55.00000 10360 224
-1 -1 3  50.00000  52.91602 10584 24
-1 -1 3  50.00000  52.91602 10608 24
-1 -1 4  52.91602  55.00000 10632 32
-1 -1 4  52.91602  55.00000 10664 32
-1 -1 2  50.00000  51.18457 10696 16
-1 -1 2  50.00000  51.18457 10712 16
-1 -1 2  51.19141  51.45898 10728 16
-1 -1 2  51.19141  51.45898 10744 16
-1 -1 104  52.04297  55.00000 10760 832
-1 -1 13  54.73242  55.00000 11592 104
-1 -1 11  54.69531  55.00000 11696 88
-1 -1 11  54.69531  55.00000 11784 88
-1 -1 15  54.73242  55.00000 11872 120
-1 -1 104  52.04297  55.00000 11992 832
-1 -1 48  51.55957  53.11816 12824 384
-1 -1 11  54.59668  55.00000 13208 88
-1 -1 11  54.59668  55.00000 13296 88
-1 -1 49  51.55957  53.11816 13384 392
-1 -1 24  52.00000  52.77539 13776 192
-1 -1 25  52.00000  52.77539 13968 200
-1 -1 3  51.41699  52.00000 14168 24
-1 -1 3  51.41699  52.00000 14192 24
-1 -1 41  45.56641  46.31152 14216 328
-1 -1 41  45.56641  46.31152 14544 328
-1 -1 26  46.97949  48.99902 14872 208
-1 -1 26  46.97949  48.99902 15080 208
-1 -1 11  45.81738  46.00098 15288 88
-1 -1 11  45.81738  46.00098 15376 88
-1 -1 19  45.00000  49.00000 15464 152
-1 -1 19  45.00000  49.00000 15616 152
-1 -1 28  48.99805  50.00000 15768 224
-1 -1 28  48.99707  50.00000 15992 224
-1 -1 2  45.00000  45.00000 16216 16
-1 -1 2  45.00000  45.00000 16232 16
-1 -1 66  45.00000  46.97949 16248 528
-1 -1 66  45.00000  46.97949 16776 528
-1 -1 2  48.99902  50.00000 17304 16
-1 -1 2  48.99902  50.00000 17320 16
-1 -1 2  48.99707  48.99805 17336 16
-1 -1 3  45.00000  45.00195 17352 24
-1 -1 3  45.00000  45.00195 17376 24
-1 -1 3  45.00195  49.00684 17400 24
-1 -1 3  45.00195  49.00684 17424 24
-1 -1 3  45.94141  45.94238 17448 24
-1 -1 3  45.94141  45.94238 17472 24
-1 -1 8  49.00000  50.00000 17496 64
-1 -1 8  49.00000  50.00000 17560 64
-1 -1 2  49.37695  50.00000 17624 16
-1 -1 2  49.37695  50.00000 17640 16
-1 -1 33  45.00000  47.91992 17656 264
-1 -1 33  45.00000  47.91992 17920 264
-1 -1 2  45.94141  45.94141 18184 16
-1 -1 2  45.94141  45.94141 18200 16
-1 -1 11  47.91699  48.99707 18216 88
-1 -1 11  47.91699  48.99707 18304 88
-1 -1 7  46.31641  46.58203 18392 56
-1 -1 7  46.31641  46.58203 18448 56
-1 -1 28  45.00000  46.76465 18504 224
-1 -1 28  45.00000  46.76465 18728 224
-1 -1 2  47.15918  47.23535 18952 16
-1 -1 2  47.15918  47.23535 18968 16
-1 -1 3  47.25684  47.30566 18984 24
-1 -1 3  47.25684  47.30566 19008 24
-1 -1 2  46.92285  47.03027 19032 16
-1 -1 2  46.92285  47.03027 19048 16
-1 -1 2  47.29199  47.29199 19064 16
-1 -1 2  47.29199  47.29199 19080 16
-1 -1 40  45.10449  46.31641 19096 320
-1 -1 40  45.10449  46.31641 19416 320
-1 -1 9  45.07129  45.45508 19736 72
-1 -1 9  45.07129  45.45508 19808 72
-1 -1 2  45.00000  45.02344 19880 16
-1 -1 2  45.00000  45.02344 19896 16
-1 -1 2  47.23535  47.38965 19912 16
-1 -1 2  47.23535  47.38965 19928 16
-1 -1 2  47.86133  48.00391 19944 16
-1 -1 2  47.86133  48.00391 19960 16
-1 -1 2  47.29102  47.29199 19976 16
-1 -1 2  47.29102  47.29199 19992 16
-1 -1 43  45.37207  46.81250 20008 344
-1 -1 42  45.37207  46.81250 20352 336
-1 -1 10  46.81641  50.00000 20688 80
-1 -1 10  46.81641  50.00000 20768 80
-1 -1 13  45.00391  45.64355 20848 104
-1 -1 12  45.00391  45.64355 20952 96
-1 -1 2  45.00000  45.00977 21048 16
-1 -1 2  45.00000  45.00977 21064 16
-1 -1 4  45.00000  45.02246 21080 32
-1 -1 4  45.00000  45.02246 21112 32
-1 -1 2  45.00000  45.30273 21144 16
-1 -1 2  45.00000  45.30273 21160 16
-1 -1 18  47.29492  48.00195 21176 144
-1 -1 18  47.29492  48.00195 21320 144
-1 -1 3  45.00000  45.18359 21464 24
-1 -1 8  48.02246  48.09668 21488 64
-1 -1 8  48.02246  48.09668 21552 64
-1 -1 5  45.82910  45.98926 21616 40
-1 -1 5  45.82910  45.98926 21656 40
-1 -1 2  46.16797  46.25391 21696 16
-1 -1 2  46.16797  46.25391 21712 16
-1 -1 3  45.76953  45.79883 21728 24
-1 -1 3  45.76953  45.79883 21752 24
-1 -1 2  40.00000  41.99902 21776 16
-1 -1 2  40.00000  41.99902 21792 16
-1 -1 2  42.00000  42.00000 21808 16
-1 -1 2  42.00000  42.00000 21824 16
-1 -1 23  41.99902  45.00000 21840 184
-1 -1 23  41.99902  45.00000 22024 184
-1 -1 4  42.00000  42.00000 22208 32
-1 -1 4  42.00000  42.00000 22240 32
-1 -1 3  41.00000  45.00000 22272 24
-1 -1 3  41.00000  45.00000 22296 24
-1 -1 52  44.37109  45.00000 22320 416
-1 -1 52  44.37109  45.00000 22736 416
-1 -1 2  42.00000  42.00000 23152 16
-1 -1 2  42.00000  42.00000 23168 16
-1 -1 2  40.00000  42.00000 23184 16
-1 -1 2  40.00000  42.00000 23200 16
-1 -1 3  40.00000  41.00000 23216 24
-1 -1 3  40.00000  41.00000 23240 24
-1 -1 3  40.99902  41.00000 23264 24
-1 -1 3  40.99902  41.00000 23288 24
-1 -1 3  40.00000  40.99902 23312 24
-1 -1 3  40.00000  40.99902 23336 24
-1 -1 2  41.00488  45.00000 23360 16
-1 -1 2  41.00488  45.00000 23376 16
-1 -1 2  40.00000  40.00000 23392 16
-1 -1 2  40.00000  40.00000 23408 16
-1 -1 3  43.00000  43.00098 23424 24
-1 -1 3  43.00000  43.00098 23448 24
-1 -1 83  40.00000  43.00391 23472 664
-1 -1 83  40.00000  43.00391 24136 664
-1 -1 2  40.59082  40.60059 24800 16
-1 -1 2  40.59082  40.60059 24816 16
-1 -1 2  43.49902  45.00000 24832 16
-1 -1 2  43.49902  45.00000 24848 16
-1 -1 15  43.00000  43.50000 24864 120
-1 -1 15  42.99902  43.50000 24984 120
-1 -1 2  40.00000  40.00000 25104 16
-1 -1 2  40.00000  40.00000 25120 16
-1 -1 2  43.00098  43.00098 25136 16
-1 -1 2  43.00098  43.00098 25152 16
-1 -1 13  42.51270  43.00098 25168 104
-1 -1 13  42.51270  43.00098 25272 104
-1 -1 6  40.00000  40.37695 25376 48
-1 -1 6  40.00000  40.37695 25424 48
-1 -1 48  40.37695  43.07617 25472 384
-1 -1 48  40.37695  43.07617 25856 384
-1 -1 3  43.50000  43.50098 26240 24
-1 -1 3  43.50000  43.50098 26264 24
-1 -1 5  44.75391  45.00000 26288 40
-1 -1 5  44.75391  45.00000 26328 40
-1 -1 2  42.50684  42.51074 26368 16
-1 -1 2  42.50684  42.51074 26384 16
-1 -1 7  43.91797  44.41992 26400 56
-1 -1 7  43.91797  44.41992 26456 56
-1 -1 7  43.07910  43.72363 26512 56
-1 -1 7  43.07910  43.72363 26568 56
-1 -1 5  44.42090  44.61230 26624 40
-1 -1 5  44.42090  44.61230 26664 40
-1 -1 2  44.61133  44.75195 26704 16
-1 -1 2  44.61133  44.75195 26720 16
-1 -1 2  43.78418  43.91992 26736 16
-1 -1 2  43.78418  43.91992 26752 16
-1 -1 2  43.72559  43.78125 26768 16
-1 -1 2  43.72559  43.78125 26784 16
-1 -1 2  41.75879  41.75977 26800 16
-1 -1 2  41.75879  41.75977 26816 16
-1 -1 2  40.00000  41.71289 26832 16
-1 -1 2  40.00000  41.71289 26848 16
-1 -1 2  42.49121  42.50684 26864 16
-1 -1 2  42.49121  42.50684 26880 16
-1 -1 4  42.38184  42.83496 26896 32
-1 -1 4  42.38184  42.83496 26928 32
-1 -1 2  44.75586  45.00000 26960 16
-1 -1 2  44.75586  45.00000 26976 16
-1 -1 3  43.20801  43.51270 26992 24
-1 -1 3  43.20801  43.51270 27016 24
-1 -1 2  44.08984  44.29785 27040 16
-1 -1 2  44.08984  44.29785 27056 16
-1 -1 2  41.76465  41.77051 27072 16
-1 -1 2  41.76465  41.77051 27088 16
-1 -1 2  42.49023  42.49023 27104 16
-1 -1 2  42.49023  42.49023 27120 16
-1 -1 2  41.76758  41.84180 27136 16
-1 -1 3  41.74023  41.76855 27152 24
-1 -1 3  41.74023  41.76758 27176 24
-1 -1 2  41.76758  41.84180 27200 16
-1 -1 12  40.00000  40.64258 27216 96
-1 -1 12  40.00000  40.64258 27312 96
-1 -1 3  40.00000  41.75879 27408 24
-1 -1 3  40.00000  41.75879 27432 24
-1 -1 2  40.00000  41.97754 27456 16
-1 -1 2  40.00000  41.97754 27472 16
-1 -1 2  41.69922  41.73828 27488 16
-1 -1 2  41.69922  41.73828 27504 16
-1 -1 14  41.51465  42.26562 27520 112
-1 -1 10  40.68262  41.06641 27632 80
-1 -1 14  41.51465  42.26562 27712 112
-1 -1 10  40.68262  41.06641 27824 80
-1 -1 3  40.00000  40.01953 27904 24
-1 -1 7  40.40625  40.68457 27928 56
-1 -1 7  40.40625  40.68457 27984 56
-1 -1 3  40.00000  40.02051 28040 24
-1 -1 36  42.70020  45.00000 28064 288
-1 -1 36  42.70020  45.00000 28352 288
-1 -1 13  41.06641  41.51465 28640 104
-1 -1 13  41.06641  41.51465 28744 104
-1 -1 32  42.72656  45.00000 28848 256
-1 -1 32  42.72656  45.00000 29104 256
-1 -1 11  40.01953  40.40625 29360 88
-1 -1 11  40.02051  40.40625 29448 88
-1 -1 7  43.08008  45.00000 29536 56
-1 -1 7  43.08008  45.00000 29592 56
-1 -1 12  41.32129  42.05469 29648 96
-1 -1 12  41.32129  42.05469 29744 96
-1 -1 7  41.01074  42.75195 29840 56
-1 -1 7  41.01074  42.75195 29896 56
-1 -1 11  40.48145  41.35547 29952 88
-1 -1 11  40.48145  41.35547 30040 88
-1 -1 11  41.51172  42.01758 30128 88
-1 -1 11  41.51172  42.01758 30216 88
-1 -1 6  44.76953  45.00000 30304 48
-1 -1 3  39.00684  40.00000 30352 24
-1 -1 3  39.00586  40.00000 30376 24
-1 -1 5  35.29395  39.00684 30400 40
-1 -1 5  35.29395  39.00586 30440 40
-1 -1 2  37.00000  37.00000 30480 16
-1 -1 2  37.00000  37.00000 30496 16
-1 -1 2  35.00000  35.29395 30512 16
-1 -1 2  35.00000  35.29395 30528 16
-1 -1 26  35.33984  40.00000 30544 208
-1 -1 26  35.33984  40.00000 30752 208
-1 -1 6  35.00000  35.34082 30960 48
-1 -1 6  35.00000  35.34082 31008 48
-1 -1 3  35.00000  40.00000 31056 24
-1 -1 3  35.00000  40.00000 31080 24
-1 -1 3  37.00000  37.00000 31104 24
-1 -1 3  37.00000  37.00000 31128 24
-1 -1 4  35.00000  36.50000 31152 32
-1 -1 3  37.00000  37.00000 31184 24
-1 -1 3  37.00000  37.00000 31208 24
-1 -1 2  37.00293  40.00000 31232 16
-1 -1 2  37.00293  40.00000 31248 16
-1 -1 4  35.00000  36.50000 31264 32
-1 -1 2  36.50000  36.99902 31296 16
-1 -1 2  36.50000  36.99902 31312 16
-1 -1 3  37.00000  37.00000 31328 24
-1 -1 3  37.00000  37.00000 31352 24
-1 -1 8  39.86230  40.00000 31376 64
-1 -1 7  39.43262  39.67676 31440 56
-1 -1 8  39.86230  40.00000 31496 64
-1 -1 7  39.43262  39.67676 31560 56
-1 -1 2  40.00000  40.00000 31616 16
-1 -1 2  40.00000  40.00000 31632 16
-1 -1 30  37.96387  40.00000 31648 240
-1 -1 25  35.00000  35.56152 31888 200
-1 -1 29  37.96387  40.00000 32088 232
-1 -1 25  35.00000  35.56152 32320 200
-1 -1 3  37.00000  39.13379 32520 24
-1 -1 3  37.00000  39.13379 32544 24
-1 -1 8  39.67676  39.90234 32568 64
-1 -1 12  39.12012  39.43262 32632 96
-1 -1 8  39.67676  39.90234 32728 64
-1 -1 12  39.12012  39.43262 32792 96
-1 -1 16  35.00000  36.50098 32888 128
-1 -1 14  35.98535  37.00000 33016 112
-1 -1 4  35.00000  36.50098 33128 32
-1 -1 2  35.00195  35.00195 33160 16
-1 -1 2  35.00195  35.00195 33176 16
-1 -1 2  36.50000  37.00000 33192 16
-1 -1 77  35.53906  37.96387 33208 616
-1 -1 77  35.53906  37.96387 33824 616
-1 -1 2  38.68848  38.76953 34440 16
-1 -1 2  38.68848  38.76953 34456 16
-1 -1 14  36.49902  36.69043 34472 112
-1 -1 14  36.49902  36.69043 34584 112
-1 -1 90  36.98242  38.74707 34696 720
-1 -1 90  36.98242  38.74609 35416 720
-1 -1 2  35.99414  36.00000 36136 16
-1 -1 3  35.00000  35.02344 36152 24
-1 -1 3  35.00000  35.02344 36176 24
-1 -1 2  35.99414  36.00000 36200 16
-1 -1 39  37.80469  39.35645 36216 312
-1 -1 39  37.80469  39.35645 36528 312
-1 -1 2  39.35547  40.00000 36840 16
-1 -1 2  39.35547  40.00000 36856 16
-1 -1 2  35.00195  35.00293 36872 16
-1 -1 2  35.00195  35.00293 36888 16
-1 -1 2  36.50098  36.50098 36904 16
-1 -1 2  36.50098  36.50098 36920 16
-1 -1 90  38.40430  40.00000 36936 720
-1 -1 90  38.40430  40.00000 37656 720
-1 -1 60  37.20410  38.41699 38376 480
-1 -1 12  36.54980  36.62598 38856 96
-1 -1 12  36.54980  36.62598 38952 96
-1 -1 39  37.20703  38.00391 39048 312
-1 -1 52  35.00000  36.61035 39360 416
-1 -1 52  35.00000  36.61035 39776 416
-1 -1 21  35.00000  35.22070 40192 168
-1 -1 21  35.00000  35.22070 40360 168
-1 -1 37  36.60254  38.41699 40528 296
-1 -1 2  39.09961  40.00000 40824 16
-1 -1 2  39.09961  40.00000 40840 16
-1 -1 3  39.72168  40.00000 40856 24
-1 -1 3  39.72168  40.00000 40880 24
-1 -1 16  36.60254  37.53906 40904 128
-1 -1 37  38.00391  39.45605 41032 296
-1 -1 2  36.54980  36.54980 41328 16
-1 -1 2  36.54980  36.54980 41344 16
-1 -1 35  38.00391  39.45605 41360 280
-1 -1 24  37.89844  38.90820 41640 192
-1 -1 23  37.89844  38.90820 41832 184
-1 -1 37  38.90527  39.69922 42016 296
-1 -1 37  38.90527  39.69922 42312 296
-1 -1 2  39.72168  39.72168 42608 16
-1 -1 2  39.72168  39.72168 42624 16
-1 -1 15  39.45605  40.00000 42640 120
-1 -1 15  39.45605  40.00000 42760 120
-1 -1 8  38.45312  39.85059 42880 64
-1 -1 8  38.45312  39.85059 42944 64
-1 -1 19  39.20410  39.72168 43008 152
-1 -1 19  39.20410  39.72168 43160 152
-1 -1 9  37.91504  38.03906 43312 72
-1 -1 9  37.91504  38.03906 43384 72
-1 -1 4  38.79004  38.99512 43456 32
-1 -1 4  38.79004  38.99512 43488 32
-1 -1 2  32.25391  32.31543 43520 16
-1 -1 2  31.96484  32.12598 43536 16
-1 -1 2  32.13867  32.25195 43552 16
-1 -1 2  34.99512  35.00000 43568 16
-1 -1 2  34.99609  35.00000 43584 16
-1 -1 39  32.71777  34.74121 43600 312
-1 -1 39  32.71777  34.74121 43912 312
-1 -1 4  34.81055  35.00000 44224 32
-1 -1 4  34.81055  35.00000 44256 32
-1 -1 7  32.31543  32.50781 44288 56
-1 -1 3  32.12598  32.13867 44344 24
-1 -1 3  34.73633  34.80762 44368 24
-1 -1 3  34.73633  34.80762 44392 24
-1 -1 2  31.33301  35.00000 44416 16
-1 -1 2  31.33301  35.00000 44432 16
-1 -1 7  30.00000  31.33398 44448 56
-1 -1 4  31.78320  32.00098 44504 32
-1 -1 4  31.78320  32.00098 44536 32
-1 -1 3  33.00098  35.00000 44568 24
-1 -1 3  34.58105  35.00000 44592 24
-1 -1 2  34.58105  35.00000 44616 16
-1 -1 3  33.00098  35.00000 44632 24
-1 -1 3  32.00000  32.99902 44656 24
-1 -1 3  32.00000  32.99902 44680 24
-1 -1 104  33.69824  34.58105 44704 832
-1 -1 103  33.69824  34.58008 45536 824
-1 -1 2  34.58008  34.58105 46360 16
-1 -1 180  31.00000  35.00000 46376 1440
-1 -1 180  31.00000  35.00000 47816 1440
-1 -1 23  33.55371  33.86035 49256 184
-1 -1 23  33.55371  33.86035 49440 184
-1 -1 2  33.64746  35.00000 49624 16
-1 -1 42  30.00000  33.54980 49640 336
-1 -1 42  30.00000  33.54980 49976 336
-1 -1 2  33.64746  35.00000 50312 16
-1 -1 2  33.01172  33.01172 50328 16
-1 -1 2  33.01172  33.01172 50344 16
-1 -1 16  30.18652  31.00098 50360 128
-1 -1 16  30.18652  31.00098 50488 128
-1 -1 5  30.39062  35.00000 50616 40
-1 -1 5  30.39062  35.00000 50656 40
-1 -1 5  32.05371  32.18262 50696 40
-1 -1 12  32.51855  34.99902 50736 96
-1 -1 5  32.05371  32.18262 50832 40
-1 -1 12  32.51855  34.99902 50872 96
-1 -1 18  30.27539  31.00000 50968 144
-1 -1 18  30.27539  31.00000 51112 144
-1 -1 10  31.04102  31.62695 51256 80
-1 -1 3  30.98340  31.00391 51336 24
-1 -1 10  31.04102  31.62695 51360 80
-1 -1 3  30.98340  31.00391 51440 24
-1 -1 2  34.99902  35.00000 51464 16
-1 -1 2  34.99902  35.00000 51480 16
-1 -1 6  31.62891  32.05566 51496 48
-1 -1 6  31.62891  32.05566 51544 48
-1 -1 2  34.98633  35.00000 51592 16
-1 -1 2  34.98633  35.00000 51608 16
-1 -1 4  34.81250  35.00000 51624 32
-1 -1 4  34.81250  35.00000 51656 32
-1 -1 30  30.36328  30.92090 51688 240
-1 -1 30  30.36328  30.92090 51928 240
-1 -1 11  32.18262  32.51855 52168 88
-1 -1 43  32.02930  33.65625 52256 344
-1 -1 43  32.02930  33.65625 52600 344
-1 -1 11  32.18262  32.51855 52944 88
-1 -1 3  34.98633  35.00000 53032 24
-1 -1 14  34.35645  35.00000 53056 112
-1 -1 3  34.98633  35.00000 53168 24
-1 -1 14  34.35645  35.00000 53192 112
-1 -1 11  33.65918  34.35840 53304 88
-1 -1 10  33.65918  34.35840 53392 80
-1 -1 3  31.00391  31.04102 53472 24
-1 -1 3  30.91797  30.98340 53496 24
-1 -1 3  31.00391  31.04102 53520 24
-1 -1 3  30.91797  30.98340 53544 24
-1 -1 2  35.00000  35.00000 53568 16
-1 -1 2  35.00000  35.00000 53584 16
-1 -1 3  33.85840  34.81250 53600 24
-1 -1 3  33.85840  34.81250 53624 24
-1 -1 2  27.99902  28.00000 53648 16
-1 -1 23  25.00000  27.06152 53664 184
-1 -1 28  25.61133  26.83887 53848 224
-1 -1 27  26.26270  30.00000 54072 216
-1 -1 59  25.00000  27.79395 54288 472
-1 -1 29  25.00000  26.76074 54760 232
-1 -1 7  25.00000  25.15527 54992 56
-1 -1 3  26.66699  28.99414 55048 24
-1 -1 2  25.00000  25.07422 55072 16
-1 -1 3  27.63574  27.77148 55088 24
-1 -1 47  25.00000  27.66797 55112 376
-1 -1 5  29.70703  30.00000 55488 40
-1 -1 5  29.70703  30.00000 55528 40
-1 -1 41  22.46680  25.00000 55568 328
-1 -1 4  22.96289  23.06836 55896 32
-1 -1 6  20.70020  20.93750 55928 48
-1 -1 56  20.38867  25.00000 55976 448
-1 -1 3  22.80078  22.87598 56424 24
-1 -1 7  23.10254  23.41211 56448 56
-1 -1 21  20.00000  21.18457 56504 168
-1 -1 85  21.05469  22.76465 56672 680
-1 -1 4  20.00000  20.20312 57352 32
-1 -1 44  20.00000  20.40332 57384 352
-1 -1 6  24.69629  25.00000 57736 48
-1 -1 24  22.31836  25.00000 57784 192
-1 -1 38  23.19434  25.00000 57976 304
-1 -1 41  20.70801  22.96289 58280 328
-1 -1 3  20.00000  20.08984 58608 24
-1 -1 15  21.51074  21.86133 58632 120
-1 -1 22  21.72559  22.45898 58752 176
-1 -1 3  24.69629  25.00000 58928 24
-1 -1 31  20.00000  20.80273 58952 248
-1 -1 42  21.40137  22.80078 59200 336
-1 -1 5  22.87598  23.10254 59536 40
-1 -1 22  23.37207  25.00000 59576 176
-1 -1 7  21.17383  21.41406 59752 56
-1 -1 58  20.00000  21.40039 59808 464
-1 -1 11  20.00000  20.26953 60272 88
-1 -1 4  20.00000  20.04199 60360 32
-1 -1 17  21.15918  21.64355 60392 136
-1 -1 20  22.21582  22.47168 60528 160
-1 -1 14  20.27148  21.14648 60688 112
-1 -1 5  21.11230  21.18164 60800 40
-1 -1 8  20.44336  20.86426 60840 64
-1 -1 2  20.00000  20.45508 60904 16
-1 -1 4  20.00000  21.49512 60920 32
-1 -1 25  18.39453  20.00000 60952 200
-1 -1 8  19.90137  20.00000 61152 64
-1 -1 32  18.95508  20.00000 61216 256
-1 -1 52  18.23926  18.85938 61472 416
-1 -1 2  19.94238  20.00000 61888 16
-1 -1 23  18.96582  19.51855 61904 184
-1 -1 12  18.68652  18.97461 62088 96
-1 -1 7  17.92188  18.26172 62184 56
-1 -1 83  16.31934  20.00000 62240 664
-1 -1 23  17.89258  18.76465 62904 184
-1 -1 3  19.67188  20.00000 63088 24
-1 -1 45  17.33203  18.68066 63112 360
-1 -1 46  19.08984  19.71387 63472 368
-1 -1 11  19.77344  20.00000 63840 88
-1 -1 12  19.58691  20.00000 63928 96
-1 -1 29  18.66895  19.53906 64024 232
-1 -1 21  18.37109  19.47656 64256 168
-1 -1 6  19.06152  19.14355 64424 48
-1 -1 23  15.00000  16.07520 64472 184
-1 -1 2  15.00000  15.14160 64656 16
-1 -1 49  15.00000  16.07520 64672 392
-1 -1 72  17.25684  18.20703 65064 576
-1 -1 5  17.15039  17.37891 65640 40
-1 -1 7  15.99707  16.08594 65680 56
-1 -1 10  15.00000  15.21094 65736 80
-1 -1 7  15.20508  15.29785 65816 56
-1 -1 6  15.00000  15.26270 65872 48
-1 -1 18  17.81934  18.65527 65920 144
-1 -1 11  15.20996  15.43848 66064 88
-1 -1 14  16.04297  17.15039 66152 112
-1 -1 13  15.07324  15.30371 66264 104
-1 -1 54  15.00000  15.91797 66368 432
-1 -1 2  15.00000  15.00977 66800 16
-1 -1 18  15.43652  15.71484 66816 144
-1 -1 14  15.00000  15.41211 66960 112
-1 -1 22  15.83984  16.01562 67072 176
-1 -1 19  15.08691  15.77051 67248 152
-1 -1 23  16.41406  17.10547 67400 184
-1 -1 17  17.10449  17.50195 67584 136
-1 -1 4  15.00000  15.16016 67720 32
-1 -1 15  15.00000  15.53711 67752 120
-1 -1 12  15.17969  15.86035 67872 96
-1 -1 4  15.15625  15.28809 67968 32
-1 -1 9  17.46484  17.96289 68000 72
-1 -1 3  17.81934  20.00000 68072 24
-1 -1 7  15.00000  15.29492 68096 56
-1 -1 2  19.65234  20.00000 68152 16
-1 -1 8  16.52637  16.70020 68168 64
-1 -1 2  15.00000  15.01562 68232 16
-1 -1 4  17.96094  18.23535 68248 32
-1 -1 2  15.07617  15.08691 68280 16
-1 -1 2  15.00000  15.99121 68296 16
-1 -1 12  18.05664  18.24121 68312 96
-1 -1 12  17.92969  18.07422 68408 96
-1 -1 8  17.85059  18.46973 68504 64
-1 -1 7  18.14844  18.40625 68568 56
-1 -1 8  17.98242  18.16992 68624 64
-1 -1 5  18.19531  18.43555 68688 40
-1 -1 7  17.87891  18.18555 68728 56
-1 -1 6  18.07422  18.26562 68784 48
-1 -1 6  18.28906  18.33887 68832 48
-1 -1 3  17.85840  18.22070 68880 24
-1 -1 3  19.89258  19.96582 68904 24
-1 -1 4  19.90137  19.96191 68928 32
-1 -1 27  14.80762  15.00000 68960 216
-1 -1 16  14.25586  15.00000 69176 128
-1 -1 44  13.80078  14.51855 69304 352
-1 -1 23  14.12402  14.74023 69656 184
-1 -1 26  14.04395  14.49023 69840 208
-1 -1 15  14.53125  15.00000 70048 120
-1 -1 20  14.48633  14.74023 70168 160
-1 -1 10  14.74023  15.00000 70328 80
-1 -1 11  14.40332  14.77734 70408 88
-1 -1 10  14.51465  14.89062 70496 80
-1 -1 2  14.43359  14.43457 70576 16
-1 -1 4  14.53125  14.82617 70592 32
-1 -1 7  14.67383  14.79102 70624 56
-1 -1 7  14.81836  14.91016 70680 56
-1 -1 32  13.81445  15.00000 70736 256
-1 -1 39  13.50000  15.00000 70992 312
-1 -1 12  12.63867  13.88086 71304 96
-1 -1 3  14.24512  14.59863 71400 24
-1 -1 10  10.00000  10.16699 71424 80
-1 -1 30  12.39844  12.79492 71504 240
-1 -1 27  14.21875  14.94043 71744 216
-1 -1 27  13.98730  14.41113 71960 216
-1 -1 5  11.63086  11.70215 72176 40
-1 -1 13  10.66602  11.06445 72216 104
-1 -1 19  13.96973  14.78906 72320 152
-1 -1 7  14.76465  15.00000 72472 56
-1 -1 27  13.94043  14.40430 72528 216
-1 -1 18  12.96777  13.82812 72744 144
-1 -1 12  12.45801  13.20703 72888 96
-1 -1 18  14.41895  15.00000 72984 144
-1 -1 23  13.16699  13.69531 73128 184
-1 -1 4  14.92188  15.00000 73312 32
-1 -1 11  14.04395  14.39062 73344 88
-1 -1 11  12.04980  12.37305 73432 88
-1 -1 14  13.41211  14.04785 73520 112
-1 -1 16  13.25195  13.86426 73632 128
-1 -1 8  11.76367  12.31348 73760 64
-1 -1 12  13.16699  13.89551 73824 96
-1 -1 15  13.51465  13.90820 73920 120
-1 -1 14  13.37402  13.75586 74040 112
-1 -1 8  13.45508  13.62598 74152 64
-1 -1 13  12.77832  13.34082 74216 104
-1 -1 14  13.53906  13.90527 74320 112
-1 -1 7  13.20605  13.44531 74432 56
-1 -1 13  13.66406  14.04102 74488 104
-1 -1 9  14.50488  14.72852 74592 72
-1 -1 7  11.51855  12.15234 74664 56
-1 -1 10  13.25781  13.66211 74720 80
-1 -1 4  14.92188  15.00000 74800 32
-1 -1 9  13.64160  13.94336 74832 72
-1 -1 7  12.90332  13.08301 74904 56
-1 -1 10  13.70605  14.06738 74960 80
-1 -1 12  14.77832  14.95117 75040 96
-1 -1 8  11.60156  11.72266 75136 64
-1 -1 11  13.74414  13.81348 75200 88
-1 -1 9  13.67871  13.85352 75288 72
-1 -1 7  12.11816  12.54980 75360 56
-1 -1 6  14.41211  14.63281 75416 48
-1 -1 4  14.81934  15.00000 75464 32
-1 -1 9  14.43262  14.57715 75496 72
-1 -1 6  12.00098  12.30664 75568 48
-1 -1 6  14.79102  14.87598 75616 48
-1 -1 5  13.77539  14.03223 75664 40
-1 -1 5  13.48926  13.63770 75704 40
-1 -1 2  11.85645  11.94922 75744 16
-1 -1 2  13.99316  14.01465 75760 16
-1 -1 2  11.04004  11.10156 75776 16
-1 -1 6  10.00000  10.19629 75792 48
-1 -1 10  13.88086  14.24512 75840 80
-1 -1 17  10.00000  10.76953 75920 136
-1 -1 19  10.00000  10.33203 76056 152
-1 -1 3  11.86621  12.39844 76208 24
-1 -1 2  10.00000  10.13867 76232 16
-1 -1 15  10.94238  11.86816 76248 120
-1 -1 10  10.31250  10.66602 76368 80
-1 -1 2  12.37305  12.37695 76448 16
-1 -1 2  14.74219  15.00000 76464 16
-1 -1 4  10.00000  10.78418 76480 32
-1 -1 9  10.00000  10.15039 76512 72
-1 -1 9  10.34082  10.80859 76584 72
-1 -1 22  10.00000  11.85449 76656 176
-1 -1 20  10.00000  11.12500 76832 160
-1 -1 9  10.51855  10.67285 76992 72
-1 -1 24  10.00000  11.26953 77064 192
-1 -1 4  10.00000  10.30957 77256 32
-1 -1 17  10.40820  10.91797 77288 136
-1 -1 15  10.44043  10.98926 77424 120
-1 -1 2  10.25977  10.34082 77544 16
-1 -1 10  10.30859  10.52637 77560 80
-1 -1 3  10.00000  10.03809 77640 24
-1 -1 8  10.01074  10.32227 77664 64
-1 -1 4  10.00000  10.00879 77728 32
-1 -1 35  10.00000  10.76660 77760 280
-1 -1 14  10.00000  10.46289 78040 112
-1 -1 4  10.00000  10.01270 78152 32
-1 -1 7  10.00000  10.13086 78184 56
-1 -1 5  10.00000  10.13965 78240 40
-1 -1 4  10.00000  10.02051 78280 32
-1 -1 4  10.00000  10.01758 78312 32
-1 -1 20  10.00000  10.53516 78344 160
-1 -1 18  10.39453  10.62500 78504 144
-1 -1 20  10.00000  10.76074 78648 160
-1 -1 4  10.58984  10.73242 78808 32
-1 -1 4  10.00000  10.08008 78840 32
-1 -1 37  10.03418  10.32031 78872 296
-1 -1 12  10.06934  10.25195 79168 96
-1 -1 13   9.73145  10.00000 79264 104
-1 -1 54   9.06543  10.00000 79368 432
-1 -1 46   8.08984   9.02930 79800 368
-1 -1 23   9.46875  10.00000 80168 184
-1 -1 6   9.82422  10.00000 80352 48
-1 -1 23   9.06543  10.00000 80400 184
-1 -1 4   8.94043   8.98535 80584 32
-1 -1 23   8.53125   8.91016 80616 184
-1 -1 21   7.97852   8.78418 80800 168
-1 -1 25   7.23145   8.13477 80968 200
-1 -1 13   7.51953   8.00000 81168 104
-1 -1 3   9.95703  10.00000 81272 24
-1 -1 8   8.62012   8.87598 81296 64
-1 -1 78   5.50195   8.13379 81360 624
-1 -1 35   7.23926   8.90625 81984 280
-1 -1 20   8.25391   9.41992 82264 160
-1 -1 38   8.34668   9.08691 82424 304
-1 -1 32   9.08691   9.54199 82728 256
-1 -1 30   8.96387   9.48145 82984 240
-1 -1 15   9.43945  10.00000 83224 120
-1 -1 5   5.00000   5.08203 83344 40
-1 -1 30   5.00000   5.72754 83384 240
-1 -1 6   5.00000   5.29004 83624 48
-1 -1 13   5.46387   5.73047 83672 104
-1 -1 12   5.00000   5.50000 83776 96
-1 -1 104   6.82715  10.00000 83872 832
-1 -1 85   5.00000   9.17285 84704 680
-1 -1 38   5.00000   5.82617 85384 304
-1 -1 11   5.00000   5.76074 85688 88
-1 -1 33   7.28516   7.75098 85776 264
-1 -1 6   8.05859   8.25391 86040 48
-1 -1 54   5.69238   7.06055 86088 432
-1 -1 43   8.14844  10.00000 86520 344
-1 -1 22   8.97656  10.00000 86864 176
-1 -1 18   9.43066   9.84961 87040 144
-1 -1 49   6.08301   6.34082 87184 392
-1 -1 16   8.84473   9.42969 87576 128
-1 -1 14   8.19336   9.43945 87704 112
-1 -1 44   7.36426   8.61133 87816 352
-1 -1 31   7.01758   7.70410 88168 248
-1 -1 21   7.00684   8.19434 88416 168
-1 -1 31   7.68359   8.95410 88584 248
-1 -1 3   5.28613   5.31152 88832 24
-1 -1 26   8.39062   8.96582 88856 208
-1 -1 13   9.59961  10.00000 89064 104
-1 -1 7   5.68262   5.77637 89168 56
-1 -1 20   8.95508   9.35449 89224 160
-1 -1 9   6.34082   7.01074 89384 72
-1 -1 9   9.83398  10.00000 89456 72
-1 -1 4   9.89355  10.00000 89528 32
-1 -1 8   8.92480   9.17383 89560 64
-1 -1 5   9.09766   9.20898 89624 40
-1 -1 4   9.13184   9.29199 89664 32
-1 -1 63   6.08301   7.91797 89696 504
-1 -1 53   5.00000   6.19141 90200 424
-1 -1 8   5.76074   6.11816 90624 64
-1 -1 63   7.65430   8.07324 90688 504
-1 -1 4   9.85742  10.00000 91192 32
-1 -1 6   9.87598  10.00000 91224 48
-1 -1 35   9.23047  10.00000 91272 280
-1 -1 32   9.39453   9.84668 91552 256
-1 -1 5   6.03516   6.14746 91808 40
-1 -1 19   9.12109   9.95312 91848 152
-1 -1 15   7.87891   8.75879 92000 120
-1 -1 30   8.11328   8.84473 92120 240
-1 -1 17   8.93066  10.00000 92360 136
-1 -1 7   9.89551  10.00000 92496 56
-1 -1 11   9.81836  10.00000 92552 88
-1 -1 16   9.92773  10.00000 92640 128
-1 -1 7   9.96680  10.00000 92768 56
-1 -1 3   9.99902  10.00000 92824 24
-1 -1 45   7.95508   9.36914 92848 360
-1 -1 37   8.53320   9.95508 93208 296
-1 -1 2   9.99023  10.00000 93504 16
-1 -1 5   9.53809   9.69922 93520 40
-1 -1 71   7.66895   9.99805 93560 568
-1 -1 3   5.00000   5.20605 94128 24
-1 -1 11   8.73926   9.12109 94152 88
-1 -1 39   8.38086  10.00000 94240 312
-1 -1 7   7.06641   7.15527 94552 56
-1 -1 16   7.74805   8.44922 94608 128
-1 -1 7   5.00000   5.71191 94736 56
-1 -1 15   5.00000   6.26562 94792 120
-1 -1 9   5.00000   5.35645 94912 72
-1 -1 23   6.94824   7.68066 94984 184
-1 -1 29   6.26758   7.04590 95168 232
-1 -1 30   5.00195   6.52637 95400 240
-1 -1 6   5.73340   5.88477 95640 48
-1 -1 14   6.76172   7.12988 95688 112
-1 -1 19   5.83887   6.23145 95800 152
-1 -1 10   5.93457   6.54492 95952 80
-1 -1 10   5.35742   5.73730 96032 80
-1 -1 6   5.63965   5.94043 96112 48
-1 -1 2   5.00000   5.00195 96160 16
-1 -1 8   5.32715   5.92773 96176 64
-1 -1 4   6.52832   6.81250 96240 32
-1 -1 18   5.00000   5.96484 96272 144
-1 -1 8   5.00000   5.57129 96416 64
-1 -1 2   5.29883   5.33594 96480 16
-1 -1 16   5.00000   5.73340 96496 128
-1 -1 3   0.35645   0.38965 96624 24
-1 -1 21   0.00000   0.25879 96648 168
-1 -1 57   0.36621   1.43359 96816 456
-1 -1 3   0.37500   0.41797 97272 24
-1 -1 3   0.30469   0.32129 97296 24
-1 -1 56   1.53613   3.31934 97320 448
-1 -1 47   3.21289   4.98438 97768 376
-1 -1 4   2.74902   2.86719 98144 32
-1 -1 22   1.06738   2.68457 98176 176
-1 -1 23   1.31348   2.61035 98352 184
-1 -1 5   4.81445   5.00000 98536 40
-1 -1 6   4.92285   5.00000 98576 48
-1 -1 25   0.07715   0.89648 98624 200
-1 -1 18   2.99609   3.44824 98824 144
-1 -1 12   4.08105   5.00000 98968 96
-1 -1 20   0.38672   1.20215 99064 160
-1 -1 4   0.00000   0.07812 99224 32
-1 -1 2   4.98242   5.00000 99256 16
-1 -1 6   0.10254   0.55859 99272 48
-1 -1 5   4.67578   4.72852 99320 40
-1 -1 4   0.10352   0.19336 99360 32
-1 -1 58   3.69336   5.00000 99392 464
-1 -1 49   4.29102   5.00000 99856 392
-1 -1 68   0.00000   1.68359 100248 544
-1 -1 44   2.67676   3.52734 100792 352
-1 -1 3   0.41797   0.46387 101144 24
-1 -1 3   0.32129   0.37500 101168 24
-1 -1 12   0.00000   0.30469 101192 96
-1 -1 84   1.73828   4.89844 101288 672
-1 -1 9   1.74121   1.91406 101960 72
-1 -1 4   0.00000   0.32031 102032 32
-1 -1 9   2.86719   3.72852 102064 72
-1 -1 4   2.68457   2.74902 102136 32
-1 -1 31   3.73730   4.82422 102168 248
-1 -1 11   3.28516   3.83789 102416 88
-1 -1 11   1.67969   2.69238 102504 88
-1 -1 17   1.91406   2.68457 102592 136
-1 -1 4   4.69043   5.00000 102728 32
-1 -1 63   3.49902   4.04688 102760 504
-1 -1 44   1.17383   2.14355 103264 352
-1 -1 80   3.56152   5.00000 103616 640
-1 -1 10   0.00000   1.76465 104256 80
-1 -1 4   0.00000   0.05859 104336 32
-1 -1 4   0.05859   0.23047 104368 32
-1 -1 2   0.00000   1.31934 104400 16
-1 -1 77   2.52246   5.00000 104416 616
-1 -1 29   3.27051   4.18457 105032 232
-1 -1 13   3.99902   5.00000 105264 104
-1 -1 19   3.63965   5.00000 105368 152
-1 -1 74   0.00000   2.45703 105520 592
-1 -1 16   4.13867   5.00000 106112 128
-1 -1 31   2.31641   5.00000 106240 248
-1 -1 11   0.00000   0.72852 106488 88
-1 -1 6   4.88770   5.00000 106576 48
-1 -1 15  -1.75098  -1.15039 106624 120
-1 -1 2  -3.87988  -3.83594 106744 16
-1 -1 5  -4.21289  -4.05371 106760 40
-1 -1 19  -5.00000  -2.97168 106800 152
-1 -1 40  -2.14258   0.00000 106952 320
-1 -1 6  -5.00000  -4.58594 107272 48
-1 -1 41  -1.55371  -0.93164 107320 328
-1 -1 35  -2.58008  -1.30078 107648 280
-1 -1 32  -4.76172  -3.06641 107928 256
-1 -1 27  -2.80957  -2.19238 108184 216
-1 -1 6  -1.16113  -0.85742 108400 48
-1 -1 15  -2.06348  -0.91602 108448 120
-1 -1 19  -1.29883  -0.66797 108568 152
-1 -1 11  -0.91602   0.00000 108720 88
-1 -1 14  -3.84570  -3.32715 108808 112
-1 -1 14  -3.78906  -3.32031 108920 112
-1 -1 10  -3.31934  -2.62598 109032 80
-1 -1 11  -2.32129  -1.57520 109112 88
-1 -1 5  -5.00000  -4.82812 109200 40
-1 -1 6  -3.08398  -2.52539 109240 48
-1 -1 2  -1.41992  -1.16406 109288 16
-1 -1 2  -0.91504  -0.91113 109304 16
-1 -1 2  -2.19531  -2.14355 109320 16
-1 -1 25  -0.87988   0.00000 109336 200
-1 -1 14  -0.19727   0.00000 109536 112
-1 -1 38  -0.56152   0.00000 109648 304
-1 -1 3  -4.33594  -4.32812 109952 24
-1 -1 18  -1.09473  -0.81445 109976 144
-1 -1 4  -4.32812  -4.22070 110120 32
-1 -1 63  -1.42285   0.00000 110152 504
-1 -1 56  -2.58984   0.00000 110656 448
-1 -1 13  -5.00000  -2.16016 111104 104
-1 -1 33  -1.22070   0.00000 111208 264
-1 -1 15  -1.13965   0.00000 111472 120
-1 -1 93  -5.00000  -1.21094 111592 744
-1 -1 20  -5.00000  -3.02441 112336 160
-1 -1 48  -5.00000  -2.76758 112496 384
-1 -1 9  -5.00000  -4.32617 112880 72
-1 -1 10  -4.17676  -3.57812 112952 80
-1 -1 8  -3.52637  -3.29590 113032 64
-1 -1 3  -5.00000  -4.80859 113096 24
-1 -1 4  -6.37598  -5.44238 113120 32
-1 -1 15  -9.40527  -8.79785 113152 120
-1 -1 54  -8.55566  -5.00000 113272 432
-1 -1 59  -8.98340  -5.36230 113704 472
-1 -1 62  -7.77148  -5.00000 114176 496
-1 -1 18 -10.00000  -8.56348 114672 144
-1 -1 49  -9.00488  -8.01172 114816 392
-1 -1 5 -10.00000  -9.77539 115208 40
-1 -1 19  -5.98828  -5.52930 115248 152
-1 -1 30  -7.18066  -5.97656 115400 240
-1 -1 18  -7.70801  -7.01172 115640 144
-1 -1 10  -5.53027  -5.00000 115784 80
-1 -1 3  -7.12207  -7.03125 115864 24
-1 -1 24 -10.00000  -8.62500 115888 192
-1 -1 2 -10.00000  -9.94531 116080 16
-1 -1 5  -8.34863  -7.04980 116096 40
-1 -1 4  -9.79297  -9.59863 116136 32
-1 -1 21  -9.83691  -9.26660 116168 168
-1 -1 4  -9.91602  -8.34863 116336 32
-1 -1 2  -8.82617  -8.82227 116368 16
-1 -1 32  -9.26660  -8.00000 116384 256
-1 -1 8 -10.00000  -8.83203 116640 64
-1 -1 54  -9.57031  -7.33008 116704 432
-1 -1 12  -7.33008  -5.00000 117136 96
-1 -1 3  -9.84375  -9.57031 117232 24
-1 -1 11 -10.00000  -9.25000 117256 88
-1 -1 66  -9.25000  -5.35742 117344 528
-1 -1 49 -10.00000  -7.49121 117872 392
-1 -1 65 -10.00000  -7.44629 118264 520
-1 -1 2  -5.35352  -5.00000 118784 16
-1 -1 54  -7.44629  -5.16504 118800 432
-1 -1 100 -10.00000  -8.70703 119232 800
-1 -1 58  -7.49121  -6.25781 120032 464
-1 -1 21  -7.39062  -5.00000 120496 168
-1 -1 20  -6.25977  -5.00000 120664 160
-1 -1 32  -8.71191  -7.38379 120824 256
-1 -1 5  -5.38184  -5.00000 121080 40
-1 -1 63 -10.00000  -8.53125 121120 504
-1 -1 155  -8.28320  -5.00000 121624 1240
-1 -1 92  -6.98438  -6.01953 122864 736
-1 -1 56  -9.38477  -8.82812 123600 448
-1 -1 21  -7.85742  -7.34863 124048 168
-1 -1 11 -10.00000  -9.52930 124216 88
-1 -1 3  -7.54297  -7.47461 124304 24
-1 -1 2  -6.51074  -6.50488 124328 16
-1 -1 2 -15.00000 -14.88086 124344 16
-1 -1 44 -12.68652 -11.05957 124360 352
-1 -1 24 -11.06152 -10.44238 124712 192
-1 -1 14 -14.61914 -14.07715 124904 112
-1 -1 28 -10.74805 -10.00000 125016 224
-1 -1 24 -10.44531 -10.00000 125240 192
-1 -1 32 -14.13965 -12.98047 125432 256
-1 -1 5 -12.98145 -12.68164 125688 40
-1 -1 101 -14.81934 -11.98145 125728 808
-1 -1 15 -10.92969 -10.00000 126536 120
-1 -1 31 -15.00000 -13.00684 126656 248
-1 -1 65 -11.43359 -10.00000 126904 520
-1 -1 10 -15.00000 -14.55176 127424 80
-1 -1 45 -14.07715 -12.14844 127504 360
-1 -1 34 -13.13379 -11.26172 127864 272
-1 -1 9 -15.00000 -14.73047 128136 72
-1 -1 20 -15.00000 -14.66699 128208 160
-1 -1 16 -12.27637 -11.32324 128368 128
-1 -1 17 -13.77051 -13.20605 128496 136
-1 -1 127 -14.69531 -10.39355 128632 1016
-1 -1 3 -13.35254 -13.02637 129648 24
-1 -1 15 -12.49902 -11.90430 129672 120
-1 -1 5 -15.00000 -14.65723 129792 40
-1 -1 5 -15.00000 -13.54590 129832 40
-1 -1 14 -13.68457 -12.69141 129872 112
-1 -1 8 -11.85449 -11.49805 129984 64
-1 -1 19 -11.17090 -10.00000 130048 152
-1 -1 12 -12.69141 -11.85449 130200 96
-1 -1 7 -11.49805 -11.17090 130296 56
-1 -1 25 -11.75000 -10.00000 130352 200
-1 -1 6 -15.00000 -14.96289 130552 48
-1 -1 66 -15.00000 -11.75684 130600 528
-1 -1 77 -14.86621 -10.32812 131128 616
-1 -1 16 -15.00000 -14.70996 131744 128
-1 -1 6 -10.31641 -10.00000 131872 48
-1 -1 13 -10.33301 -10.00000 131920 104
-1 -1 9 -15.00000 -14.65625 132024 72
-1 -1 25 -10.87988 -10.00000 132096 200
-1 -1 20 -15.00000 -14.57422 132296 160
-1 -1 26 -14.65625 -14.23633 132456 208
-1 -1 3 -14.57324 -14.34570 132664 24
-1 -1 16 -10.49707 -10.00000 132688 128
-1 -1 38 -11.57520 -10.00000 132816 304
-1 -1 3 -20.00000 -15.00000 133120 24
-1 -1 2 -20.00000 -16.54492 133144 16
-1 -1 2 -15.44238 -15.30859 133160 16
-1 -1 37 -17.32227 -15.00000 133176 296
-1 -1 3 -15.08789 -15.00000 133472 24
-1 -1 32 -17.79883 -15.97363 133496 256
-1 -1 30 -15.61426 -15.00000 133752 240
-1 -1 22 -15.33496 -15.00000 133992 176
-1 -1 3 -17.14746 -16.97559 134168 24
-1 -1 4 -15.30859 -15.09180 134192 32
-1 -1 43 -18.68262 -17.40332 134224 344
-1 -1 16 -16.41211 -15.80176 134568 128
-1 -1 4 -20.00000 -19.94336 134696 32
-1 -1 8 -19.38281 -19.08594 134728 64
-1 -1 28 -19.84668 -17.98926 134792 224
-1 -1 20 -19.38281 -18.56836 135016 160
-1 -1 27 -17.54980 -15.91992 135176 216
-1 -1 11 -15.91797 -15.00000 135392 88
-1 -1 7 -17.29980 -17.14746 135480 56
-1 -1 11 -18.56543 -18.34277 135536 88
-1 -1 4 -20.00000 -19.30371 135624 32
-1 -1 32 -20.00000 -18.49316 135656 256
-1 -1 19 -15.86621 -15.00000 135912 152
-1 -1 64 -18.66406 -15.86621 136064 512
-1 -1 10 -19.94336 -19.35645 136576 80
-1 -1 2 -19.33594 -19.30176 136656 16
-1 -1 8 -19.71387 -19.35352 136672 64
-1 -1 7 -20.00000 -19.29688 136736 56
-1 -1 4 -20.00000 -19.33594 136792 32
-1 -1 11 -20.00000 -19.78125 136824 88
-1 -1 22 -16.00488 -15.00000 136912 176
-1 -1 4 -15.02148 -15.00000 137088 32
-1 -1 32 -20.00000 -18.59766 137120 256
-1 -1 41 -18.61816 -16.00488 137376 328
-1 -1 23 -19.45312 -18.61523 137704 184
-1 -1 4 -20.00000 -19.96582 137888 32
-1 -1 4 -20.00000 -19.97559 137920 32
-1 -1 15 -20.00000 -19.90430 137952 120
-1 -1 4 -15.24609 -15.00000 138072 32
-1 -1 139 -18.48828 -15.00000 138104 1112
-1 -1 33 -18.64453 -18.30469 139216 264
-1 -1 8 -15.21875 -15.00000 139480 64
-1 -1 39 -17.97754 -16.36133 139544 312
-1 -1 35 -15.99414 -15.00000 139856 280
-1 -1 75 -20.00000 -17.87207 140136 600
-1 -1 11 -16.36133 -15.99414 140736 88
-1 -1 2 -18.32617 -18.12500 140824 16
-1 -1 3 -25.00000 -20.00000 140840 24
-1 -1 3 -25.00000 -20.00000 140864 24
-1 -1 2 -21.42578 -21.42188 140888 16
-1 -1 54 -24.57422 -23.36719 140904 432
-1 -1 21 -23.28711 -22.09277 141336 168
-1 -1 15 -21.53320 -20.00000 141504 120
-1 -1 16 -22.09277 -20.94434 141624 128
-1 -1 21 -21.46289 -20.86230 141752 168
-1 -1 5 -22.23926 -20.00000 141920 40
-1 -1 12 -20.47559 -20.00000 141960 96
-1 -1 26 -24.61523 -23.28711 142056 208
-1 -1 22 -25.00000 -24.12012 142264 176
-1 -1 10 -23.78613 -23.29980 142440 80
-1 -1 28 -21.14551 -20.88770 142520 224
-1 -1 3 -25.00000 -22.47070 142744 24
-1 -1 114 -25.00000 -20.00000 142768 912
-1 -1 53 -23.36816 -23.01074 143680 424
-1 -1 16 -25.00000 -23.99805 144104 128
-1 -1 30 -25.00000 -23.75781 144232 240
-1 -1 4 -25.00000 -24.89355 144472 32
-1 -1 3 -25.00000 -24.96289 144504 24
-1 -1 20 -21.23535 -20.00000 144528 160
-1 -1 30 -23.50488 -22.67969 144688 240
-1 -1 23 -23.82422 -23.29297 144928 184
-1 -1 10 -22.87988 -22.24805 145112 80
-1 -1 9 -22.88965 -22.68164 145192 72
-1 -1 53 -24.05273 -20.00000 145264 424
-1 -1 45 -22.96484 -22.52344 145688 360
-1 -1 4 -20.07812 -20.00000 146048 32
-1 -1 119 -22.89844 -20.00000 146080 952
-1 -1 4 -20.03906 -20.00000 147032 32
-1 -1 41 -20.43848 -20.00000 147064 328
-1 -1 75 -25.00000 -22.90234 147392 600
-1 -1 10 -25.00000 -24.85449 147992 80
-1 -1 4 -25.00000 -24.95312 148072 32
-1 -1 31 -22.45703 -22.00195 148104 248
-1 -1 12 -20.47559 -20.00000 148352 96
-1 -1 40 -22.09961 -20.77930 148448 320
-1 -1 44 -23.35547 -22.40625 148768 352
-1 -1 30 -21.27441 -20.47266 149120 240
-1 -1 3 -30.00000 -25.00000 149360 24
-1 -1 2 -26.00098 -26.00098 149384 16
-1 -1 3 -26.00293 -26.00098 149400 24
-1 -1 3 -26.00488 -26.00293 149424 24
-1 -1 2 -26.00195 -25.00000 149448 16
-1 -1 2 -26.00586 -26.00488 149464 16
-1 -1 2 -30.00000 -26.00586 149480 16
-1 -1 3 -29.00684 -29.00488 149496 24
-1 -1 28 -29.00488 -28.57715 149520 224
-1 -1 93 -29.18457 -28.16016 149744 744
-1 -1 8 -26.08691 -25.79688 150488 64
-1 -1 18 -29.74707 -29.04785 150552 144
-1 -1 4 -27.50391 -27.40234 150696 32
-1 -1 5 -27.76270 -27.55859 150728 40
-1 -1 16 -29.35352 -27.77441 150768 128
-1 -1 34 -30.00000 -28.40137 150896 272
-1 -1 42 -28.05273 -26.07227 151168 336
-1 -1 49 -30.00000 -27.73730 151504 392
-1 -1 20 -26.38867 -25.16406 151896 160
-1 -1 14 -25.81055 -25.27148 152056 112
-1 -1 2 -29.73340 -29.71582 152168 16
-1 -1 2 -30.00000 -29.93555 152184 16
-1 -1 22 -30.00000 -25.57129 152200 176
-1 -1 4 -27.55859 -27.50391 152376 32
-1 -1 3 -27.77441 -27.76270 152408 24
-1 -1 20 -30.00000 -29.35352 152432 160
-1 -1 23 -25.73730 -25.00000 152592 184
-1 -1 6 -26.27539 -26.21289 152776 48
-1 -1 2 -25.65723 -25.00000 152824 16
-1 -1 4 -29.93555 -29.55762 152840 32
-1 -1 2 -28.00098 -28.00000 152872 16
-1 -1 7 -25.29395 -25.00000 152888 56
-1 -1 28 -30.00000 -27.31641 152944 224
-1 -1 33 -26.88379 -25.73730 153168 264
-1 -1 67 -26.77539 -25.75977 153432 536
-1 -1 7 -25.23828 -25.00000 153968 56
-1 -1 23 -26.26172 -25.24121 154024 184
-1 -1 5 -25.01465 -25.00000 154208 40
-1 -1 4 -25.01367 -25.00000 154248 32
-1 -1 21 -25.65332 -25.00977 154280 168
-1 -1 16 -26.19043 -25.55859 154448 128
-1 -1 22 -26.13867 -25.51270 154576 176
-1 -1 11 -25.98438 -25.43555 154752 88
-1 -1 2 -28.00000 -28.00000 154840 16
-1 -1 12 -27.40723 -26.50000 154856 96
-1 -1 10 -26.51953 -26.11816 154952 80
-1 -1 9 -27.37207 -26.73730 155032 72
-1 -1 8 -28.14062 -27.34473 155104 64
-1 -1 3 -25.69434 -25.65039 155168 24
-1 -1 130 -28.49121 -27.07812 155192 1040
-1 -1 15 -29.35742 -29.06055 156232 120
-1 -1 69 -26.70898 -26.00488 156352 552
-1 -1 4 -25.37012 -25.23828 156904 32
-1 -1 8 -26.25195 -26.19141 156936 64
-1 -1 6 -25.08203 -25.00000 157000 48
-1 -1 9 -25.31738 -25.00000 157048 72
-1 -1 22 -29.06055 -28.45215 157120 176
-1 -1 8 -29.32617 -29.19141 157296 64
-1 -1 30 -26.23145 -25.96777 157360 240
-1 -1 5 -25.04004 -25.00000 157600 40
-1 -1 3 -31.69043 -30.00000 157640 24
-1 -1 7 -35.00000 -30.00000 157664 56
-1 -1 115 -35.00000 -34.00000 157720 920
-1 -1 3 -32.30957 -32.27930 158640 24
-1 -1 28 -34.70410 -33.99707 158664 224
-1 -1 25 -33.48047 -32.92578 158888 200
-1 -1 4 -35.00000 -34.98926 159088 32
-1 -1 5 -35.00000 -34.97266 159120 40
-1 -1 27 -34.28809 -33.86426 159160 216
-1 -1 21 -34.99707 -34.68750 159376 168
-1 -1 18 -32.26953 -32.03125 159544 144
-1 -1 14 -32.92578 -32.58203 159688 112
-1 -1 9 -35.00000 -32.92188 159800 72
-1 -1 62 -35.00000 -31.84766 159872 496
-1 -1 25 -31.87793 -30.00000 160368 200
-1 -1 2 -30.05957 -30.00000 160568 16
-1 -1 35 -32.39258 -31.95508 160584 280
-1 -1 5 -31.88379 -30.00000 160864 40
-1 -1 30 -34.37988 -30.00000 160904 240
-1 -1 2 -30.15527 -30.00000 161144 16
-1 -1 28 -33.46680 -31.21094 161160 224
-1 -1 10 -32.92188 -32.29004 161384 80
-1 -1 17 -35.00000 -33.26953 161464 136
-1 -1 199 -33.42383 -32.41504 161600 1592
-1 -1 12 -31.21094 -30.00000 163192 96
-1 -1 21 -34.05566 -33.46680 163288 168
-1 -1 49 -34.45312 -33.12793 163456 392
-1 -1 59 -31.86816 -30.75488 163848 472
-1 -1 47 -34.42969 -33.11719 164320 376
-1 -1 6 -34.62207 -34.44727 164696 48
-1 -1 20 -30.74902 -30.15137 164744 160
-1 -1 7 -33.11914 -32.93750 164904 56
-1 -1 15 -31.84375 -31.25586 164960 120
-1 -1 22 -32.61719 -32.36133 165080 176
-1 -1 8 -32.50391 -32.44141 165256 64
-1 -1 14 -34.79590 -33.90234 165320 112
-1 -1 4 -33.38086 -33.34180 165432 32
-1 -1 10 -32.64941 -31.75098 165464 80
-1 -1 10 -33.02441 -32.49414 165544 80
-1 -1 9 -34.80762 -34.20703 165624 72
-1 -1 9 -34.89160 -34.71484 165696 72
-1 -1 29 -34.44727 -33.14258 165768 232
-1 -1 27 -32.93750 -32.70215 166000 216
-1 -1 4 -32.12109 -31.84375 166216 32
-1 -1 22 -32.44238 -31.67285 166248 176
-1 -1 13 -33.46387 -33.33398 166424 104
-1 -1 11 -34.80566 -33.92578 166528 88
-1 -1 2 -38.06055 -35.00000 166616 16
-1 -1 48 -36.12207 -35.00000 166632 384
-1 -1 41 -35.91797 -35.12695 167016 328
-1 -1 80 -37.50488 -35.83008 167344 640
-1 -1 13 -36.67871 -36.13574 167984 104
-1 -1 35 -38.29785 -37.57324 168088 280
-1 -1 39 -38.90723 -38.32129 168368 312
-1 -1 26 -36.13672 -35.12500 168680 208
-1 -1 10 -35.53809 -35.00000 168888 80
-1 -1 6 -35.10059 -35.00000 168968 48
-1 -1 5 -35.06348 -35.00000 169016 40
-1 -1 25 -37.39453 -37.16504 169056 200
-1 -1 26 -38.43066 -37.16016 169256 208
-1 -1 23 -36.27734 -35.49316 169464 184
-1 -1 20 -39.56738 -39.28906 169648 160
-1 -1 20 -37.18750 -36.37109 169808 160
-1 -1 16 -36.53418 -36.11816 169968 128
-1 -1 2 -36.00195 -35.00000 170096 16
-1 -1 12 -36.00000 -35.00000 170112 96
-1 -1 64 -38.83984 -36.67871 170208 512
-1 -1 23 -40.00000 -35.99902 170720 184
-1 -1 2 -35.00098 -35.00098 170904 16
-1 -1 2 -38.80762 -38.80664 170920 16
-1 -1 3 -40.00000 -35.00000 170936 24
-1 -1 13 -39.32617 -38.80859 170960 104
-1 -1 2 -35.00195 -35.00098 171064 16
-1 -1 25 -41.09570 -40.19531 171080 200
-1 -1 3 -40.08984 -40.03418 171280 24
-1 -1 40 -44.87305 -43.67188 171304 320
-1 -1 28 -41.14453 -40.72559 171624 224
-1 -1 16 -42.61719 -41.69043 171848 128
-1 -1 21 -40.66113 -40.20996 171976 168
-1 -1 2 -42.00000 -42.00000 172144 16
-1 -1 3 -40.19531 -40.08984 172160 24
-1 -1 2 -40.03418 -40.00000 172184 16
-1 -1 3 -42.00000 -41.99902 172200 24
-1 -1 2 -40.70703 -40.00000 172224 16
-1 -1 5 -41.04785 -40.70898 172240 40
-1 -1 6 -48.81934 -48.62109 172280 48
-1 -1 8 -49.25293 -48.62695 172328 64
-1 -1 2 -46.00000 -45.99902 172392 16
-1 -1 2 -46.00000 -46.00000 172408 16
-1 -1 7 -54.91895 -54.87598 172424 56
-1 -1 3 -55.00000 -54.91797 172480 24
-1 -1 2 -55.18945 -55.00000 172504 16
