-1 -1 5  67.00350  68.90000 0 40
-1 -1 5  67.00350  68.90000 40 40
-1 -1 19  65.00000  67.00350 80 152
-1 -1 19  65.00000  67.00350 232 152
-1 -1 3  63.22450  63.36220 384 24
-1 -1 12  63.61810  65.00000 408 96
-1 -1 3  63.22450  63.36220 504 24
-1 -1 12  63.61820  65.00000 528 96
-1 -1 26  60.75720  63.22450 624 208
-1 -1 3  63.36220  63.61810 832 24
-1 -1 26  60.75720  63.22450 856 208
-1 -1 3  63.36220  63.61820 1064 24
-1 -1 10  60.01050  60.97250 1088 80
-1 -1 10  60.01050  60.97250 1168 80
-1 -1 5  60.00000  60.37140 1248 40
-1 -1 5  60.00000  60.37140 1288 40
-1 -1 2  60.30530  60.39750 1328 16
-1 -1 2  60.30530  60.39750 1344 16
-1 -1 2  59.99750  59.99770 1360 16
-1 -1 2  59.99750  59.99770 1376 16
-1 -1 3  59.99770  59.99790 1392 24
-1 -1 3  59.99770  59.99790 1416 24
-1 -1 3  59.99790  59.99820 1440 24
-1 -1 3  59.99790  59.99820 1464 24
-1 -1 3  55.00000  59.99950 1488 24
-1 -1 3  55.00000  59.99950 1512 24
-1 -1 3  59.99820  59.99850 1536 24
-1 -1 3  59.99820  59.99850 1560 24
-1 -1 3  59.99850  59.99870 1584 24
-1 -1 3  59.99850  59.99870 1608 24
-1 -1 3  59.99870  59.99890 1632 24
-1 -1 3  59.99870  59.99890 1656 24
-1 -1 3  55.00000  59.99950 1680 24
-1 -1 3  55.00000  59.99950 1704 24
-1 -1 3  59.99890  59.99920 1728 24
-1 -1 3  59.99890  59.99920 1752 24
-1 -1 3  59.99920  59.99950 1776 24
-1 -1 3  59.99920  59.99950 1800 24
-1 -1 3  55.00000  59.99950 1824 24
-1 -1 3  55.00000  59.99950 1848 24
-1 -1 3  59.99950  59.99970 1872 24
-1 -1 3  59.99950  59.99970 1896 24
-1 -1 2  59.99970  59.99970 1920 16
-1 -1 2  59.99970  59.99970 1936 16
-1 -1 2  55.00000  56.14340 1952 16
-1 -1 2  55.00000  56.14340 1968 16
-1 -1 2  56.14340  56.84440 1984 16
-1 -1 2  56.14340  56.84440 2000 16
-1 -1 5  55.00000  55.07110 2016 40
-1 -1 6  55.00000  55.33250 2056 48
-1 -1 6  55.00000  55.33250 2104 48
-1 -1 5  55.00000  55.07080 2152 40
-1 -1 50  55.00000  60.00000 2192 400
-1 -1 50  55.00000  60.00000 2592 400
-1 -1 3  53.80570  55.00000 2992 24
-1 -1 3  53.80600  55.00000 3016 24
-1 -1 28  50.54700  53.80570 3040 224
-1 -1 28  50.54700  53.80600 3264 224
-1 -1 4  50.00000  50.56400 3488 32
-1 -1 4  50.00000  50.56400 3520 32
-1 -1 3  50.00000  55.00000 3552 24
-1 -1 3  50.00000  55.00000 3576 24
-1 -1 3  50.00000  55.00000 3600 24
-1 -1 3  50.00000  55.00000 3624 24
-1 -1 3  50.00000  52.91590 3648 24
-1 -1 3  50.00000  52.91590 3672 24
-1 -1 3  52.91590  55.00000 3696 24
-1 -1 3  52.91590  55.00000 3720 24
-1 -1 2  50.00000  51.18470 3744 16
-1 -1 2  50.00000  51.18470 3760 16
-1 -1 2  51.19170  51.45890 3776 16
-1 -1 2  51.19170  51.45890 3792 16
-1 -1 32  52.04670  55.00000 3808 256
-1 -1 5  54.73200  55.00000 4064 40
-1 -1 5  54.71340  55.00000 4104 40
-1 -1 5  54.71340  55.00000 4144 40
-1 -1 5  54.73200  55.00000 4184 40
-1 -1 32  52.04640  55.00000 4224 256
-1 -1 16  51.55970  53.11830 4480 128
-1 -1 5  54.59670  55.00000 4608 40
-1 -1 5  54.59670  55.00000 4648 40
-1 -1 16  51.55970  53.11830 4688 128
-1 -1 12  52.00000  52.77500 4816 96
-1 -1 12  52.00000  52.77500 4912 96
-1 -1 3  51.41700  52.00000 5008 24
-1 -1 3  51.41700  52.00000 5032 24
-1 -1 13  45.56660  46.28050 5056 104
-1 -1 13  45.56660  46.28050 5160 104
-1 -1 8  46.94470  48.99950 5264 64
-1 -1 8  46.94470  48.99950 5328 64
-1 -1 4  45.80960  46.00140 5392 32
-1 -1 4  45.80960  46.00140 5424 32
-1 -1 6  45.00000  49.00000 5456 48
-1 -1 6  45.00000  49.00000 5504 48
-1 -1 8  48.99810  50.00000 5552 64
-1 -1 8  48.99730  50.00000 5616 64
-1 -1 2  45.00000  45.00030 5680 16
-1 -1 2  45.00000  45.00030 5696 16
-1 -1 15  45.00000  46.94470 5712 120
-1 -1 15  45.00000  46.94470 5832 120
-1 -1 2  48.99950  50.00000 5952 16
-1 -1 2  48.99950  50.00000 5968 16
-1 -1 2  48.99730  48.99810 5984 16
-1 -1 3  45.00030  45.00190 6000 24
-1 -1 3  45.00030  45.00190 6024 24
-1 -1 3  45.00190  49.00690 6048 24
-1 -1 3  45.00190  49.00720 6072 24
-1 -1 3  45.94180  45.94190 6096 24
-1 -1 3  45.94180  45.94190 6120 24
-1 -1 2  49.00000  50.00000 6144 16
-1 -1 2  49.00000  50.00000 6160 16
-1 -1 2  49.37670  50.00000 6176 16
-1 -1 2  49.37670  50.00000 6192 16
-1 -1 8  45.00000  47.92000 6208 64
-1 -1 8  45.00000  47.92000 6272 64
-1 -1 2  45.94160  45.94180 6336 16
-1 -1 2  45.94160  45.94180 6352 16
-1 -1 4  47.91720  48.99750 6368 32
-1 -1 4  47.91720  48.99750 6400 32
-1 -1 4  46.31460  46.58220 6432 32
-1 -1 4  46.31460  46.58220 6464 32
-1 -1 12  45.00000  46.76450 6496 96
-1 -1 12  45.00000  46.76450 6592 96
-1 -1 2  47.15890  47.23540 6688 16
-1 -1 2  47.15890  47.23540 6704 16
-1 -1 2  47.25640  47.30440 6720 16
-1 -1 2  47.25640  47.30440 6736 16
-1 -1 2  46.92250  47.02980 6752 16
-1 -1 2  46.92250  47.02980 6768 16
-1 -1 2  47.29160  47.29220 6784 16
-1 -1 2  47.29160  47.29220 6800 16
-1 -1 8  45.10410  46.31460 6816 64
-1 -1 8  45.10410  46.31460 6880 64
-1 -1 6  45.07140  45.45470 6944 48
-1 -1 6  45.07140  45.45470 6992 48
-1 -1 2  45.00000  45.02300 7040 16
-1 -1 2  45.00000  45.02300 7056 16
-1 -1 2  47.23540  47.39000 7072 16
-1 -1 2  47.23540  47.39000 7088 16
-1 -1 2  47.86140  48.00420 7104 16
-1 -1 2  47.86140  48.00420 7120 16
-1 -1 2  47.29140  47.29160 7136 16
-1 -1 2  47.29140  47.29160 7152 16
-1 -1 13  45.37250  46.81250 7168 104
-1 -1 13  45.37250  46.81250 7272 104
-1 -1 4  46.81640  50.00000 7376 32
-1 -1 4  46.81640  50.00000 7408 32
-1 -1 6  45.00360  45.64330 7440 48
-1 -1 6  45.00360  45.64330 7488 48
-1 -1 2  45.00000  45.01000 7536 16
-1 -1 2  45.00000  45.00970 7552 16
-1 -1 2  45.00000  45.02050 7568 16
-1 -1 2  45.00000  45.02050 7584 16
-1 -1 2  45.00000  45.30250 7600 16
-1 -1 2  45.00000  45.30250 7616 16
-1 -1 11  47.29500  48.00190 7632 88
-1 -1 11  47.29530  48.00190 7720 88
-1 -1 2  45.00000  45.18330 7808 16
-1 -1 3  48.02200  48.09640 7824 24
-1 -1 3  48.02200  48.09640 7848 24
-1 -1 2  45.82890  45.98920 7872 16
-1 -1 2  45.82890  45.98920 7888 16
-1 -1 2  46.16810  46.25360 7904 16
-1 -1 2  46.16810  46.25360 7920 16
-1 -1 2  45.77920  45.79890 7936 16
-1 -1 2  45.77920  45.79890 7952 16
-1 -1 2  40.00000  41.99950 7968 16
-1 -1 2  40.00000  41.99950 7984 16
-1 -1 2  41.99970  41.99970 8000 16
-1 -1 2  41.99970  41.99970 8016 16
-1 -1 8  41.99950  45.00000 8032 64
-1 -1 8  41.99950  45.00000 8096 64
-1 -1 4  41.99970  41.99970 8160 32
-1 -1 4  41.99970  41.99970 8192 32
-1 -1 3  40.99970  45.00000 8224 24
-1 -1 3  40.99970  45.00000 8248 24
-1 -1 12  44.37110  45.00000 8272 96
-1 -1 12  44.37140  45.00000 8368 96
-1 -1 2  41.99970  41.99970 8464 16
-1 -1 2  41.99970  41.99970 8480 16
-1 -1 2  40.00000  41.99970 8496 16
-1 -1 2  40.00000  41.99970 8512 16
-1 -1 3  40.00000  41.00000 8528 24
-1 -1 3  40.00000  41.00000 8552 24
-1 -1 3  40.99940  40.99970 8576 24
-1 -1 3  40.99940  40.99970 8600 24
-1 -1 3  40.00000  40.99940 8624 24
-1 -1 3  40.00000  40.99940 8648 24
-1 -1 2  41.00440  45.00000 8672 16
-1 -1 2  41.00440  45.00000 8688 16
-1 -1 2  40.00010  40.00030 8704 16
-1 -1 2  40.00010  40.00030 8720 16
-1 -1 3  43.00030  43.00070 8736 24
-1 -1 3  43.00030  43.00070 8760 24
-1 -1 19  40.00000  43.00390 8784 152
-1 -1 19  40.00000  43.00390 8936 152
-1 -1 2  40.60080  40.60570 9088 16
-1 -1 2  40.60080  40.60580 9104 16
-1 -1 2  43.49940  45.00000 9120 16
-1 -1 2  43.49940  45.00000 9136 16
-1 -1 6  43.00000  43.50030 9152 48
-1 -1 6  42.99950  43.50030 9200 48
-1 -1 2  40.00000  40.00010 9248 16
-1 -1 2  40.00000  40.00010 9264 16
-1 -1 2  43.00070  43.00080 9280 16
-1 -1 2  43.00070  43.00080 9296 16
-1 -1 3  42.51310  43.00050 9312 24
-1 -1 3  42.51310  43.00050 9336 24
-1 -1 3  40.00000  40.37670 9360 24
-1 -1 3  40.00000  40.37670 9384 24
-1 -1 17  40.39110  43.07640 9408 136
-1 -1 17  40.39110  43.07640 9544 136
-1 -1 3  43.50030  43.50080 9680 24
-1 -1 3  43.50030  43.50080 9704 24
-1 -1 2  44.75390  45.00000 9728 16
-1 -1 2  44.75390  45.00000 9744 16
-1 -1 2  42.50650  42.51080 9760 16
-1 -1 2  42.50650  42.51080 9776 16
-1 -1 2  43.91810  44.42030 9792 16
-1 -1 2  43.91810  44.42030 9808 16
-1 -1 4  43.07890  43.72390 9824 32
-1 -1 4  43.07890  43.72390 9856 32
-1 -1 2  44.42080  44.61250 9888 16
-1 -1 2  44.42080  44.61250 9904 16
-1 -1 2  44.61140  44.75220 9920 16
-1 -1 2  44.61140  44.75220 9936 16
-1 -1 2  43.78420  43.92030 9952 16
-1 -1 2  43.78450  43.92030 9968 16
-1 -1 2  43.72580  43.78160 9984 16
-1 -1 2  43.72580  43.78140 10000 16
-1 -1 2  41.75900  41.75970 10016 16
-1 -1 2  41.75900  41.75970 10032 16
-1 -1 2  40.00000  41.71310 10048 16
-1 -1 2  40.00000  41.71310 10064 16
-1 -1 2  42.49160  42.50650 10080 16
-1 -1 2  42.49160  42.50650 10096 16
-1 -1 2  42.38190  42.83530 10112 16
-1 -1 2  42.38220  42.83530 10128 16
-1 -1 2  44.75560  45.00000 10144 16
-1 -1 2  44.75560  45.00000 10160 16
-1 -1 2  43.20810  43.51250 10176 16
-1 -1 2  43.20810  43.51250 10192 16
-1 -1 2  44.08940  44.29830 10208 16
-1 -1 2  44.08940  44.29830 10224 16
-1 -1 2  41.76420  41.77030 10240 16
-1 -1 2  41.76420  41.77030 10256 16
-1 -1 2  42.49000  42.49060 10272 16
-1 -1 2  42.49000  42.49060 10288 16
-1 -1 2  41.76780  41.84220 10304 16
-1 -1 2  41.74000  41.76810 10320 16
-1 -1 2  41.74000  41.76780 10336 16
-1 -1 2  41.76780  41.84220 10352 16
-1 -1 4  40.00000  40.64280 10368 32
-1 -1 4  40.00000  40.64280 10400 32
-1 -1 3  40.00000  41.75900 10432 24
-1 -1 3  40.00000  41.75900 10456 24
-1 -1 2  40.00000  41.97750 10480 16
-1 -1 2  40.00000  41.97750 10496 16
-1 -1 2  41.69920  41.73830 10512 16
-1 -1 2  41.69920  41.73830 10528 16
-1 -1 6  41.55430  42.26560 10544 48
-1 -1 4  40.68280  41.10380 10592 32
-1 -1 6  41.55430  42.26560 10624 48
-1 -1 4  40.68280  41.10400 10672 32
-1 -1 3  40.00000  40.02780 10704 24
-1 -1 5  40.38200  40.68470 10728 40
-1 -1 5  40.38200  40.68470 10768 40
-1 -1 3  40.00000  40.02780 10808 24
-1 -1 12  42.70030  45.00000 10832 96
-1 -1 12  42.70030  45.00000 10928 96
-1 -1 4  41.10380  41.55430 11024 32
-1 -1 4  41.10400  41.55430 11056 32
-1 -1 8  42.72610  45.00000 11088 64
-1 -1 8  42.72610  45.00000 11152 64
-1 -1 3  40.02780  40.38200 11216 24
-1 -1 3  40.02780  40.38200 11240 24
-1 -1 3  43.07970  45.00000 11264 24
-1 -1 3  43.07970  45.00000 11288 24
-1 -1 3  41.32140  42.05500 11312 24
-1 -1 3  41.32140  42.05500 11336 24
-1 -1 6  41.01050  42.75220 11360 48
-1 -1 6  41.01050  42.75220 11408 48
-1 -1 6  40.49500  41.35500 11456 48
-1 -1 6  40.49470  41.35500 11504 48
-1 -1 5  41.51220  42.01720 11552 40
-1 -1 5  41.51220  42.01720 11592 40
-1 -1 2  44.76910  45.00000 11632 16
-1 -1 3  39.00640  40.00000 11648 24
-1 -1 3  39.00590  40.00000 11672 24
-1 -1 3  35.27520  39.00640 11696 24
-1 -1 3  35.27530  39.00590 11720 24
-1 -1 2  37.00020  37.00030 11744 16
-1 -1 2  37.00020  37.00030 11760 16
-1 -1 2  35.00000  35.27520 11776 16
-1 -1 2  35.00000  35.27530 11792 16
-1 -1 7  35.34030  40.00000 11808 56
-1 -1 7  35.34030  40.00000 11864 56
-1 -1 3  35.00000  35.34110 11920 24
-1 -1 3  35.00000  35.34110 11944 24
-1 -1 3  35.00000  40.00000 11968 24
-1 -1 3  35.00000  40.00000 11992 24
-1 -1 3  37.00000  37.00020 12016 24
-1 -1 3  37.00000  37.00020 12040 24
-1 -1 4  35.00000  36.50000 12064 32
-1 -1 3  36.99980  37.00000 12096 24
-1 -1 3  36.99980  37.00000 12120 24
-1 -1 2  37.00270  40.00000 12144 16
-1 -1 2  37.00270  40.00000 12160 16
-1 -1 4  35.00000  36.50000 12176 32
-1 -1 2  36.50000  36.99950 12208 16
-1 -1 2  36.50000  36.99950 12224 16
-1 -1 3  36.99970  36.99980 12240 24
-1 -1 3  36.99970  36.99980 12264 24
-1 -1 3  39.86270  40.00000 12288 24
-1 -1 3  39.41940  39.68980 12312 24
-1 -1 3  39.86270  40.00000 12336 24
-1 -1 3  39.41940  39.68980 12360 24
-1 -1 2  39.99970  40.00000 12384 16
-1 -1 2  39.99970  40.00000 12400 16
-1 -1 8  37.98830  40.00000 12416 64
-1 -1 11  35.00000  35.54970 12480 88
-1 -1 8  37.98830  40.00000 12568 64
-1 -1 11  35.00000  35.54970 12632 88
-1 -1 3  36.99970  39.13340 12720 24
-1 -1 3  36.99970  39.13340 12744 24
-1 -1 6  39.68980  39.89970 12768 48
-1 -1 3  39.12020  39.41940 12816 24
-1 -1 6  39.68980  39.89970 12840 48
-1 -1 3  39.12020  39.41940 12888 24
-1 -1 7  35.00000  36.50060 12912 56
-1 -1 6  35.98560  36.99970 12968 48
-1 -1 3  35.00000  36.50060 13016 24
-1 -1 2  35.00170  35.00180 13040 16
-1 -1 2  35.00170  35.00180 13056 16
-1 -1 2  36.49970  36.99970 13072 16
-1 -1 29  35.53890  37.98830 13088 232
-1 -1 29  35.53890  37.98830 13320 232
-1 -1 2  38.68860  38.73460 13552 16
-1 -1 2  38.68860  38.73460 13568 16
-1 -1 5  36.49860  36.69050 13584 40
-1 -1 5  36.49860  36.69050 13624 40
-1 -1 30  36.98280  38.72610 13664 240
-1 -1 30  36.98280  38.72610 13904 240
-1 -1 2  35.99400  36.00000 14144 16
-1 -1 3  35.00000  35.02360 14160 24
-1 -1 3  35.00000  35.02360 14184 24
-1 -1 2  35.99400  36.00000 14208 16
-1 -1 14  37.80500  39.35690 14224 112
-1 -1 14  37.80500  39.35690 14336 112
-1 -1 2  39.35500  40.00000 14448 16
-1 -1 2  39.35500  40.00000 14464 16
-1 -1 2  35.00180  35.00250 14480 16
-1 -1 2  35.00180  35.00250 14496 16
-1 -1 2  36.50080  36.50140 14512 16
-1 -1 2  36.50080  36.50140 14528 16
-1 -1 30  38.41000  40.00000 14544 240
-1 -1 30  38.41000  40.00000 14784 240
-1 -1 15  37.20450  38.41730 15024 120
-1 -1 3  36.56690  36.60000 15144 24
-1 -1 3  36.56690  36.60000 15168 24
-1 -1 14  37.20690  38.02620 15192 112
-1 -1 16  35.00000  36.61060 15304 128
-1 -1 16  35.00000  36.61060 15432 128
-1 -1 7  35.00000  35.22080 15560 56
-1 -1 7  35.00000  35.22080 15616 56
-1 -1 10  36.60250  38.41730 15672 80
-1 -1 2  39.09940  40.00000 15752 16
-1 -1 2  39.09940  40.00000 15768 16
-1 -1 3  39.72140  40.00000 15784 24
-1 -1 3  39.72140  40.00000 15808 24
-1 -1 6  36.60250  37.53940 15832 48
-1 -1 10  38.02600  39.44950 15880 80
-1 -1 3  36.54950  36.56690 15960 24
-1 -1 3  36.54950  36.56690 15984 24
-1 -1 10  38.02620  39.45590 16008 80
-1 -1 10  37.91940  38.90780 16088 80
-1 -1 10  37.91940  38.90780 16168 80
-1 -1 9  38.90500  39.69890 16248 72
-1 -1 9  38.90500  39.69890 16320 72
-1 -1 2  39.72140  39.72170 16392 16
-1 -1 2  39.72140  39.72170 16408 16
-1 -1 5  39.45640  40.00000 16424 40
-1 -1 5  39.45640  40.00000 16464 40
-1 -1 5  38.45280  39.84360 16504 40
-1 -1 5  38.45280  39.84360 16544 40
-1 -1 6  39.20390  39.72140 16584 48
-1 -1 6  39.20390  39.72140 16632 48
-1 -1 3  37.92060  38.03910 16680 24
-1 -1 3  37.92060  38.03910 16704 24
-1 -1 4  38.79000  38.99470 16728 32
-1 -1 4  38.79000  38.99500 16760 32
-1 -1 2  32.25390  32.34090 16792 16
-1 -1 2  31.96500  32.25170 16808 16
-1 -1 2  34.99560  35.00000 16824 16
-1 -1 2  34.99610  35.00000 16840 16
-1 -1 12  32.71810  34.74140 16856 96
-1 -1 12  32.71810  34.74140 16952 96
-1 -1 2  34.81060  35.00000 17048 16
-1 -1 2  34.81060  35.00000 17064 16
-1 -1 3  32.34090  32.50800 17080 24
-1 -1 2  34.73640  34.80800 17104 16
-1 -1 2  34.73640  34.80800 17120 16
-1 -1 2  31.33330  35.00000 17136 16
-1 -1 2  31.33330  35.00000 17152 16
-1 -1 4  30.00000  31.33360 17168 32
-1 -1 3  31.78310  32.00050 17200 24
-1 -1 3  31.78310  32.00050 17224 24
-1 -1 2  33.00110  35.00000 17248 16
-1 -1 3  34.58020  35.00000 17264 24
-1 -1 2  34.58080  35.00000 17288 16
-1 -1 2  33.00110  35.00000 17304 16
-1 -1 3  32.00000  32.99950 17320 24
-1 -1 3  32.00000  32.99950 17344 24
-1 -1 26  33.69830  34.58020 17368 208
-1 -1 25  33.69830  34.57970 17576 200
-1 -1 2  34.57970  34.58080 17776 16
-1 -1 70  30.99970  35.00000 17792 560
-1 -1 69  30.99970  35.00000 18352 552
-1 -1 3  33.55340  33.85490 18904 24
-1 -1 3  33.55340  33.85490 18928 24
-1 -1 2  33.64750  35.00000 18952 16
-1 -1 9  30.00000  33.54970 18968 72
-1 -1 9  30.00000  33.54970 19040 72
-1 -1 2  33.64750  35.00000 19112 16
-1 -1 2  33.01170  33.01220 19128 16
-1 -1 2  33.01170  33.01220 19144 16
-1 -1 4  30.18690  31.00080 19160 32
-1 -1 4  30.18690  31.00080 19192 32
-1 -1 4  30.39020  35.00000 19224 32
-1 -1 4  30.39020  35.00000 19256 32
-1 -1 2  32.05360  32.13190 19288 16
-1 -1 3  32.52390  34.99920 19304 24
-1 -1 2  32.05360  32.13170 19328 16
-1 -1 3  32.52390  34.99920 19344 24
-1 -1 7  30.27530  30.99970 19368 56
-1 -1 7  30.27530  30.99970 19424 56
-1 -1 3  30.99240  31.62720 19480 24
-1 -1 3  30.99240  31.62720 19504 24
-1 -1 2  34.99950  34.99990 19528 16
-1 -1 2  34.99950  34.99990 19544 16
-1 -1 3  31.62890  32.05580 19560 24
-1 -1 3  31.62890  32.05580 19584 24
-1 -1 2  34.98610  35.00000 19608 16
-1 -1 2  34.98610  35.00000 19624 16
-1 -1 4  34.81250  35.00000 19640 32
-1 -1 4  34.81250  35.00000 19672 32
-1 -1 8  30.36310  30.92060 19704 64
-1 -1 8  30.36310  30.92060 19768 64
-1 -1 5  32.13190  32.52390 19832 40
-1 -1 10  32.02890  33.65640 19872 80
-1 -1 10  32.02890  33.65640 19952 80
-1 -1 5  32.13170  32.52390 20032 40
-1 -1 2  34.99730  35.00000 20072 16
-1 -1 5  34.35610  35.00000 20088 40
-1 -1 2  34.99730  35.00000 20128 16
-1 -1 5  34.35610  35.00000 20144 40
-1 -1 4  33.65890  34.35840 20184 32
-1 -1 4  33.65890  34.35840 20216 32
-1 -1 2  30.91780  30.99240 20248 16
-1 -1 2  30.91780  30.99240 20264 16
-1 -1 2  34.99990  35.00000 20280 16
-1 -1 2  34.99990  35.00000 20296 16
-1 -1 3  33.85860  34.81250 20312 24
-1 -1 3  33.85860  34.81250 20336 24
-1 -1 2  27.99950  28.00030 20360 16
-1 -1 10  25.00000  27.06140 20376 80
-1 -1 14  25.61170  26.83860 20456 112
-1 -1 15  26.26310  30.00000 20568 120
-1 -1 25  25.00000  27.79420 20688 200
-1 -1 13  25.00000  26.74560 20888 104
-1 -1 5  25.00000  25.15560 20992 40
-1 -1 3  26.66700  28.99390 21032 24
-1 -1 2  25.00000  25.07390 21056 16
-1 -1 3  27.63530  27.77140 21072 24
-1 -1 24  25.00000  27.66750 21096 192
-1 -1 3  29.70700  30.00000 21288 24
-1 -1 3  29.70700  30.00000 21312 24
-1 -1 16  22.46690  25.00000 21336 128
-1 -1 2  22.94990  23.06860 21464 16
-1 -1 3  20.70000  20.95060 21480 24
-1 -1 23  20.38860  25.00000 21504 184
-1 -1 3  22.81350  22.88750 21688 24
-1 -1 5  23.05670  23.41250 21712 40
-1 -1 8  20.00000  21.18200 21752 64
-1 -1 33  21.05450  22.76470 21816 264
-1 -1 2  20.00000  20.20360 22080 16
-1 -1 16  20.00000  20.40310 22096 128
-1 -1 3  24.69670  25.00000 22224 24
-1 -1 10  22.31810  25.00000 22248 80
-1 -1 12  23.21640  25.00000 22328 96
-1 -1 20  20.70800  22.94990 22424 160
-1 -1 2  20.00000  20.15480 22584 16
-1 -1 6  21.51030  21.85730 22600 48
-1 -1 9  21.72560  22.45890 22648 72
-1 -1 3  24.69640  25.00000 22720 24
-1 -1 14  20.00000  20.80280 22744 112
-1 -1 16  21.40170  22.81350 22856 128
-1 -1 3  22.88750  23.05670 22984 24
-1 -1 13  23.37250  25.00000 23008 104
-1 -1 3  21.18200  21.41390 23112 24
-1 -1 22  20.00000  21.40050 23136 176
-1 -1 5  20.00000  20.26830 23312 40
-1 -1 3  20.00000  20.03050 23352 24
-1 -1 7  21.15920  21.64390 23376 56
-1 -1 7  22.21860  22.47140 23432 56
-1 -1 5  20.27190  21.14640 23488 40
-1 -1 2  21.14580  21.15780 23528 16
-1 -1 7  20.44300  20.86390 23544 56
-1 -1 2  20.00000  20.45530 23600 16
-1 -1 4  20.00000  21.49530 23616 32
-1 -1 12  18.39500  20.00000 23648 96
-1 -1 5  19.90140  20.00000 23744 40
-1 -1 14  18.95500  20.00000 23784 112
-1 -1 13  18.26390  18.85970 23896 104
-1 -1 2  19.94250  20.00000 24000 16
-1 -1 9  18.96610  19.51830 24016 72
-1 -1 3  18.68700  18.97440 24088 24
-1 -1 3  17.92160  18.26140 24112 24
-1 -1 36  16.31980  20.00000 24136 288
-1 -1 10  17.89280  18.76500 24424 80
-1 -1 3  19.67170  20.00000 24504 24
-1 -1 13  17.26540  18.68110 24528 104
-1 -1 18  19.09360  19.71390 24632 144
-1 -1 6  19.77610  20.00000 24776 48
-1 -1 5  19.58690  20.00000 24824 40
-1 -1 9  18.66940  19.53940 24864 72
-1 -1 8  18.37090  19.47690 24936 64
-1 -1 2  19.08830  19.14170 25000 16
-1 -1 6  15.00000  16.07500 25016 48
-1 -1 2  15.00000  15.13760 25064 16
-1 -1 14  15.00000  16.07530 25080 112
-1 -1 20  17.25700  18.20750 25192 160
-1 -1 4  17.15000  17.37860 25352 32
-1 -1 2  16.01920  16.08550 25384 16
-1 -1 4  15.00000  15.21110 25400 32
-1 -1 4  15.20530  15.29750 25432 32
-1 -1 3  15.00000  15.26250 25464 24
-1 -1 11  17.81970  18.65530 25488 88
-1 -1 4  15.20970  15.43810 25576 32
-1 -1 6  16.04280  17.15000 25608 48
-1 -1 6  15.07360  15.30360 25656 48
-1 -1 10  15.00000  15.91780 25704 80
-1 -1 2  15.00000  15.00950 25784 16
-1 -1 6  15.43640  15.71530 25800 48
-1 -1 6  15.00000  15.41190 25848 48
-1 -1 7  15.84000  16.01920 25896 56
-1 -1 11  15.08660  15.77080 25952 88
-1 -1 4  16.41440  17.10560 26040 32
-1 -1 4  17.10720  17.50190 26072 32
-1 -1 2  15.00000  15.16030 26104 16
-1 -1 4  15.00000  15.50470 26120 32
-1 -1 5  15.18000  15.86080 26152 40
-1 -1 3  15.15660  15.28950 26192 24
-1 -1 3  17.46520  17.95110 26216 24
-1 -1 3  17.81940  20.00000 26240 24
-1 -1 3  15.00000  15.29530 26264 24
-1 -1 2  19.65190  20.00000 26288 16
-1 -1 4  16.52610  16.70000 26304 32
-1 -1 2  15.00000  15.01610 26336 16
-1 -1 3  17.96090  18.23580 26352 24
-1 -1 2  15.07640  15.08660 26376 16
-1 -1 2  15.00000  15.99110 26392 16
-1 -1 5  18.05670  18.24140 26408 40
-1 -1 3  17.92970  18.07390 26448 24
-1 -1 4  17.85080  18.46970 26472 32
-1 -1 3  18.14860  18.40640 26504 24
-1 -1 3  17.98250  18.14830 26528 24
-1 -1 2  18.19500  18.43580 26552 16
-1 -1 2  17.87890  18.18550 26568 16
-1 -1 3  18.07450  18.26580 26584 24
-1 -1 2  18.29660  18.29860 26608 16
-1 -1 2  17.85830  18.22110 26624 16
-1 -1 2  19.89250  19.96280 26640 16
-1 -1 2  19.90110  19.96220 26656 16
-1 -1 5  14.80800  15.00000 26672 40
-1 -1 6  14.25580  15.00000 26712 48
-1 -1 14  13.80090  14.51890 26760 112
-1 -1 8  14.12440  14.74050 26872 64
-1 -1 7  14.04390  14.49030 26936 56
-1 -1 5  14.53140  15.00000 26992 40
-1 -1 5  14.48640  14.73980 27032 40
-1 -1 3  14.73980  15.00000 27072 24
-1 -1 4  14.40360  14.77720 27096 32
-1 -1 4  14.51470  14.89030 27128 32
-1 -1 2  14.43440  14.43500 27160 16
-1 -1 2  14.53090  14.82580 27176 16
-1 -1 2  14.67410  14.78680 27192 16
-1 -1 2  14.81800  14.91060 27208 16
-1 -1 9  13.81480  15.00000 27224 72
-1 -1 15  13.49970  15.00000 27296 120
-1 -1 6  12.63860  13.85750 27416 48
-1 -1 3  14.24550  14.59890 27464 24
-1 -1 4  10.00000  10.13560 27488 32
-1 -1 10  12.39510  12.79500 27520 80
-1 -1 11  14.21860  14.94000 27600 88
-1 -1 8  13.98750  14.41080 27688 64
-1 -1 2  11.63080  11.71250 27752 16
-1 -1 5  10.67780  11.06450 27768 40
-1 -1 7  13.97000  14.78920 27808 56
-1 -1 3  14.76420  15.00000 27864 24
-1 -1 6  13.95140  14.40410 27888 48
-1 -1 6  12.96750  13.82800 27936 48
-1 -1 6  12.45830  13.20670 27984 48
-1 -1 7  14.41920  15.00000 28032 56
-1 -1 4  13.16670  13.68390 28088 32
-1 -1 2  14.92230  15.00000 28120 16
-1 -1 5  14.04420  14.39060 28136 40
-1 -1 4  12.04970  12.36930 28176 32
-1 -1 4  13.41220  14.04780 28208 32
-1 -1 4  13.25220  13.86420 28240 32
-1 -1 2  11.76390  12.31330 28272 16
-1 -1 3  13.16670  13.89590 28288 24
-1 -1 3  13.51450  13.90840 28312 24
-1 -1 4  13.37390  13.73890 28336 32
-1 -1 4  13.46440  13.62610 28368 32
-1 -1 4  12.77860  13.34060 28400 32
-1 -1 3  13.55050  13.90500 28432 24
-1 -1 4  13.20610  13.44560 28456 32
-1 -1 4  13.66410  14.04140 28488 32
-1 -1 4  14.51720  14.72890 28520 32
-1 -1 3  11.51890  12.15270 28552 24
-1 -1 3  13.25800  13.66250 28576 24
-1 -1 3  14.92160  15.00000 28600 24
-1 -1 5  13.65890  13.94310 28624 40
-1 -1 3  12.90360  13.06140 28664 24
-1 -1 3  13.70610  14.06690 28688 24
-1 -1 3  14.77860  14.90690 28712 24
-1 -1 2  11.60980  11.72270 28736 16
-1 -1 3  13.74390  13.81390 28752 24
-1 -1 4  13.67940  13.82950 28776 32
-1 -1 2  12.11800  12.54970 28808 16
-1 -1 3  14.41170  14.62910 28824 24
-1 -1 3  14.81970  15.00000 28848 24
-1 -1 3  14.43500  14.57750 28872 24
-1 -1 3  12.00080  12.30640 28896 24
-1 -1 2  14.78680  14.87590 28920 16
-1 -1 2  13.77580  14.03250 28936 16
-1 -1 2  13.48920  13.63780 28952 16
-1 -1 2  11.85640  11.94920 28968 16
-1 -1 2  13.99340  14.01420 28984 16
-1 -1 2  11.04000  11.10140 29000 16
-1 -1 4  10.00000  10.19420 29016 32
-1 -1 4  13.85750  14.24550 29048 32
-1 -1 6  10.00000  10.77000 29080 48
-1 -1 6  10.00000  10.33250 29128 48
-1 -1 2  11.86610  12.39510 29176 16
-1 -1 2  10.00000  10.13890 29192 16
-1 -1 6  10.94280  11.86830 29208 48
-1 -1 3  10.31280  10.67780 29256 24
-1 -1 2  12.36930  12.37700 29280 16
-1 -1 2  14.74170  15.00000 29296 16
-1 -1 2  10.00000  10.78390 29312 16
-1 -1 4  10.00000  10.14050 29328 32
-1 -1 3  10.32680  10.80890 29360 24
-1 -1 6  10.00000  11.85310 29384 48
-1 -1 6  10.00000  11.12530 29432 48
-1 -1 3  10.51830  10.68950 29480 24
-1 -1 8  10.00000  11.27000 29504 64
-1 -1 3  10.00000  10.30910 29568 24
-1 -1 7  10.42730  10.91810 29592 56
-1 -1 5  10.45560  10.98920 29648 40
-1 -1 2  10.25950  10.32680 29688 16
-1 -1 4  10.30830  10.52610 29704 32
-1 -1 3  10.00000  10.03780 29736 24
-1 -1 3  10.01030  10.32250 29760 24
-1 -1 3  10.00000  10.00580 29784 24
-1 -1 10  10.00000  10.76690 29808 80
-1 -1 5  10.00000  10.46330 29888 40
-1 -1 3  10.00000  10.01270 29928 24
-1 -1 3  10.00000  10.13110 29952 24
-1 -1 2  10.00000  10.14000 29976 16
-1 -1 3  10.00000  10.02030 29992 24
-1 -1 7  10.00000  10.53500 30016 56
-1 -1 5  10.41220  10.62470 30072 40
-1 -1 8  10.00000  10.76080 30112 64
-1 -1 3  10.58970  10.73250 30176 24
-1 -1 3  10.00000  10.07970 30200 24
-1 -1 8  10.03390  10.32060 30224 64
-1 -1 4  10.08250  10.25170 30288 32
-1 -1 4   9.73861  10.00000 30320 32
-1 -1 9   9.06554  10.00000 30352 72
-1 -1 11   8.09026   9.02945 30424 88
-1 -1 8   9.46830  10.00000 30512 64
-1 -1 4   9.82391  10.00000 30576 32
-1 -1 10   9.06500  10.00000 30608 80
-1 -1 2   8.94079   8.97055 30688 16
-1 -1 6   8.53330   8.91058 30704 48
-1 -1 4   7.97833   8.78386 30752 32
-1 -1 5   7.23110   8.13497 30784 40
-1 -1 4   7.51942   8.00000 30824 32
-1 -1 2   9.95697  10.00000 30856 16
-1 -1 3   8.62058   8.87610 30872 24
-1 -1 19   5.50225   8.13359 30896 152
-1 -1 11   7.23941   8.90608 31048 88
-1 -1 8   8.27054   9.42031 31136 64
-1 -1 9   8.34691   9.08698 31200 72
-1 -1 9   9.08721   9.54170 31272 72
-1 -1 10   8.97055   9.48112 31344 80
-1 -1 7   9.43664  10.00000 31424 56
-1 -1 3   5.00000   5.08194 31480 24
-1 -1 11   5.00000   5.72747 31504 88
-1 -1 5   5.00000   5.28946 31592 40
-1 -1 5   5.46387   5.73030 31632 40
-1 -1 6   5.00000   5.49531 31672 48
-1 -1 23   6.82742  10.00000 31720 184
-1 -1 22   5.00000   9.17281 31904 176
-1 -1 8   5.00000   5.82582 32080 64
-1 -1 4   5.00000   5.79278 32144 32
-1 -1 10   7.28557   7.75494 32176 80
-1 -1 3   8.05951   8.27054 32256 24
-1 -1 16   5.69276   7.06058 32280 128
-1 -1 12   8.14885  10.00000 32408 96
-1 -1 8   8.97612  10.00000 32504 64
-1 -1 9   9.43030   9.84970 32568 72
-1 -1 10   6.08278   6.34112 32640 80
-1 -1 6   8.87282   9.42969 32720 48
-1 -1 7   8.19364   9.43664 32768 56
-1 -1 11   7.36469   8.61135 32824 88
-1 -1 10   7.02693   7.70390 32912 80
-1 -1 11   7.00664   8.19448 32992 88
-1 -1 9   7.68391   8.95415 33080 72
-1 -1 2   5.28641   5.28939 33152 16
-1 -1 7   8.39086   8.96559 33168 56
-1 -1 5   9.59945  10.00000 33224 40
-1 -1 3   5.68223   5.77638 33264 24
-1 -1 8   8.95476   9.35447 33288 64
-1 -1 4   6.34058   7.01053 33352 32
-1 -1 3   9.83413  10.00000 33384 24
-1 -1 2   9.89334  10.00000 33408 16
-1 -1 4   8.92500   9.17334 33424 32
-1 -1 3   9.09781   9.20890 33456 24
-1 -1 2   9.13222   9.29198 33480 16
-1 -1 20   6.08278   7.91775 33496 160
-1 -1 22   5.00000   6.19165 33656 176
-1 -1 3   5.79278   6.11864 33832 24
-1 -1 13   7.65446   8.07279 33856 104
-1 -1 3   9.85725  10.00000 33960 24
-1 -1 4   9.87556  10.00000 33984 32
-1 -1 9   9.23087  10.00000 34016 72
-1 -1 11   9.39498   9.84527 34088 88
-1 -1 2   6.03525   6.12291 34176 16
-1 -1 8   9.12680   9.95277 34192 64
-1 -1 6   7.87861   8.73442 34256 48
-1 -1 13   8.11917   8.87282 34304 104
-1 -1 7   8.93027  10.00000 34408 56
-1 -1 3   9.89754  10.00000 34464 24
-1 -1 4   9.82696  10.00000 34488 32
-1 -1 4   9.93721  10.00000 34520 32
-1 -1 3   9.96666  10.00000 34552 24
-1 -1 8   7.95552   9.36919 34576 64
-1 -1 8   8.53277   9.95552 34640 64
-1 -1 2   9.99001  10.00000 34704 16
-1 -1 3   9.55528   9.69947 34720 24
-1 -1 21   7.66941   9.99809 34744 168
-1 -1 3   5.00000   5.20584 34912 24
-1 -1 5   8.73442   9.12680 34936 40
-1 -1 16   8.38087  10.00000 34976 128
-1 -1 3   7.06638   7.15526 35104 24
-1 -1 9   7.74807   8.44915 35128 72
-1 -1 3   5.00000   5.71191 35200 24
-1 -1 5   5.00000   6.26581 35224 40
-1 -1 6   5.00000   5.35668 35264 48
-1 -1 6   6.98306   7.68055 35312 48
-1 -1 10   6.26749   7.04555 35360 80
-1 -1 7   5.00221   6.52613 35440 56
-1 -1 3   5.76493   5.88502 35496 24
-1 -1 7   6.76143   7.13031 35520 56
-1 -1 8   5.83886   6.23110 35576 64
-1 -1 3   5.93469   6.54475 35640 24
-1 -1 5   5.35775   5.73777 35664 40
-1 -1 5   5.63973   5.94026 35704 40
-1 -1 2   5.00031   5.00221 35744 16
-1 -1 4   5.32723   5.92805 35760 32
-1 -1 2   6.52834   6.81224 35792 16
-1 -1 6   5.00000   5.96475 35808 48
-1 -1 3   5.00000   5.57137 35856 24
-1 -1 2   5.29915   5.32113 35880 16
-1 -1 6   5.00000   5.76493 35896 48
-1 -1 2   0.32883   0.38971 35944 16
-1 -1 8   0.00000   0.25833 35960 64
-1 -1 16   0.36584   1.43336 36024 128
-1 -1 17   1.53635   3.31891 36152 136
-1 -1 13   3.21248   4.97833 36288 104
-1 -1 3   2.74083   2.86877 36392 24
-1 -1 8   1.06752   2.68444 36416 64
-1 -1 10   1.31304   2.60998 36480 80
-1 -1 3   4.81445   5.00000 36560 24
-1 -1 3   4.92248   5.00000 36584 24
-1 -1 10   0.07721   0.89670 36608 80
-1 -1 8   2.99695   3.44305 36688 64
-1 -1 6   4.08110   5.00000 36752 48
-1 -1 7   0.39475   1.20226 36800 56
-1 -1 2   0.00000   0.07805 36856 16
-1 -1 2   4.98222   5.00000 36872 16
-1 -1 2   0.10246   0.55863 36888 16
-1 -1 2   4.67582   4.71504 36904 16
-1 -1 2   0.10330   0.19364 36920 16
-1 -1 21   3.69306   5.00000 36936 168
-1 -1 11   4.29137   5.00000 37104 88
-1 -1 14   0.00000   1.68360 37192 112
-1 -1 12   2.67666   3.53559 37304 96
-1 -1 5   0.00000   0.45899 37400 40
-1 -1 18   1.73831   4.89891 37440 144
-1 -1 2   1.75013   1.91302 37584 16
-1 -1 3   0.00000   0.32029 37600 24
-1 -1 3   2.86877   3.72862 37624 24
-1 -1 3   2.68444   2.74083 37648 24
-1 -1 11   3.73747   4.82444 37672 88
-1 -1 3   3.28969   3.83749 37760 24
-1 -1 3   1.67941   2.69223 37784 24
-1 -1 6   1.91447   2.68414 37808 48
-1 -1 2   4.71168   5.00000 37856 16
-1 -1 22   3.51225   4.04692 37872 176
-1 -1 14   1.17334   2.14389 38048 112
-1 -1 28   3.56107   5.00000 38160 224
-1 -1 4   0.00000   1.76471 38384 32
-1 -1 3   0.00000   0.05837 38416 24
-1 -1 3   0.05837   0.23056 38440 24
-1 -1 2   0.00000   1.31975 38464 16
-1 -1 26   2.52247   5.00000 38480 208
-1 -1 9   3.27054   4.18418 38688 72
-1 -1 6   3.99947   5.00000 38760 48
-1 -1 7   3.63920   5.00000 38808 56
-1 -1 17   0.00000   2.45670 38864 136
-1 -1 5   4.15473   5.00000 39000 40
-1 -1 10   2.31640   5.00000 39040 80
-1 -1 5   0.00000   0.72862 39120 40
-1 -1 3   4.88746   5.00000 39160 24
-1 -1 6  -1.73030  -1.17189 39184 48
-1 -1 2  -3.87999  -3.85634 39232 16
-1 -1 3  -4.21248  -4.05364 39248 24
-1 -1 5  -5.00000  -2.97169 39272 40
-1 -1 15  -2.13916  -0.00000 39312 120
-1 -1 3  -5.00000  -4.58610 39432 24
-1 -1 10  -1.55337  -0.94919 39456 80
-1 -1 12  -2.57275  -1.30053 39536 96
-1 -1 12  -4.76143  -3.06668 39632 96
-1 -1 11  -2.80941  -2.19219 39728 88
-1 -1 3  -1.17189  -0.86946 39816 24
-1 -1 7  -2.06386  -0.91638 39840 56
-1 -1 9  -1.29915  -0.66751 39896 72
-1 -1 7  -0.91554  -0.00000 39968 56
-1 -1 6  -3.85634  -3.32753 40024 48
-1 -1 5  -3.78859  -3.32029 40072 40
-1 -1 4  -3.31891  -2.62554 40112 32
-1 -1 6  -2.32136  -1.57473 40144 48
-1 -1 3  -5.00000  -4.82780 40192 24
-1 -1 3  -3.08362  -2.52529 40216 24
-1 -1 2  -1.42000  -1.16388 40240 16
-1 -1 2  -0.91470  -0.91081 40256 16
-1 -1 2  -2.19554  -2.14336 40272 16
-1 -1 8  -0.84802  -0.00000 40288 64
-1 -1 5  -0.19753  -0.00000 40352 40
-1 -1 16  -0.56107  -0.00000 40392 128
-1 -1 2  -4.33608  -4.28893 40520 16
-1 -1 4  -1.07919  -0.81941 40536 32
-1 -1 2  -4.28893  -4.22110 40568 16
-1 -1 18  -1.42275  -0.00000 40584 144
-1 -1 17  -2.58503  -0.00000 40728 136
-1 -1 7  -5.00000  -2.15999 40864 56
-1 -1 10  -1.22026  -0.00000 40920 80
-1 -1 6  -1.14000  -0.00000 41000 48
-1 -1 21  -5.00000  -1.21080 41048 168
-1 -1 5  -5.00000  -3.02441 41216 40
-1 -1 12  -5.00000  -2.76722 41256 96
-1 -1 4  -5.00000  -4.32639 41352 32
-1 -1 4  -4.17693  -3.57832 41384 32
-1 -1 4  -3.52026  -3.29610 41416 32
-1 -1 2  -5.00000  -4.80835 41448 16
-1 -1 4  -6.37583  -5.44251 41464 32
-1 -1 6  -9.40528  -8.80522 41496 48
-1 -1 17  -8.55581  -5.00000 41544 136
-1 -1 24  -8.98337  -5.36194 41680 192
-1 -1 17  -7.77195  -5.00000 41872 136
-1 -1 5 -10.00000  -8.56306 42008 40
-1 -1 14  -8.99641  -8.01137 42048 112
-1 -1 4 -10.00000  -9.76905 42160 32
-1 -1 7  -5.98863  -5.52956 42192 56
-1 -1 10  -7.18029  -5.98947 42248 80
-1 -1 7  -7.70802  -7.01137 42328 56
-1 -1 4  -5.53056  -5.00000 42384 32
-1 -1 2  -7.12222  -7.03113 42416 16
-1 -1 11 -10.00000  -8.62470 42432 88
-1 -1 2 -10.00000  -9.94499 42520 16
-1 -1 4  -8.34890  -7.05028 42536 32
-1 -1 3  -9.76905  -9.59831 42568 24
-1 -1 8  -9.83665  -9.29725 42592 64
-1 -1 3  -9.91608  -8.34890 42656 24
-1 -1 2  -8.82635  -8.82231 42680 16
-1 -1 13  -9.29725  -7.99969 42696 104
-1 -1 4 -10.00000  -8.83192 42800 32
-1 -1 17  -9.57397  -7.33028 42832 136
-1 -1 5  -7.33028  -5.00000 42968 40
-1 -1 3  -9.84413  -9.57397 43008 24
-1 -1 4 -10.00000  -9.25025 43032 32
-1 -1 21  -9.25025  -5.35721 43064 168
-1 -1 9 -10.00000  -7.48631 43232 72
-1 -1 16 -10.00000  -7.45029 43304 128
-1 -1 2  -5.35332  -5.00000 43432 16
-1 -1 15  -7.44610  -5.16747 43448 120
-1 -1 29 -10.00000  -8.70726 43568 232
-1 -1 13  -7.48631  -6.25780 43800 104
-1 -1 9  -7.39055  -5.00000 43904 72
-1 -1 7  -6.25971  -5.00000 43976 56
-1 -1 10  -8.71191  -7.38537 44032 80
-1 -1 3  -5.38170  -5.00000 44112 24
-1 -1 18 -10.00000  -8.53086 44136 144
-1 -1 46  -8.28359  -5.00000 44280 368
-1 -1 24  -6.98413  -6.02388 44648 192
-1 -1 16  -9.38445  -8.82780 44840 128
-1 -1 7  -7.85779  -7.37552 44968 56
-1 -1 3 -10.00000  -9.52918 45024 24
-1 -1 2  -7.54253  -7.46853 45048 16
-1 -1 2  -6.50446  -6.50370 45064 16
-1 -1 18 -12.68610 -11.06000 45080 144
-1 -1 7 -11.06140 -10.44250 45224 56
-1 -1 6 -14.61890 -14.08020 45280 48
-1 -1 15 -10.74780 -10.00000 45328 120
-1 -1 9 -10.44530 -10.00000 45448 72
-1 -1 8 -14.14000 -12.98050 45520 64
-1 -1 2 -12.98140 -12.68190 45584 16
-1 -1 27 -14.81970 -11.99780 45600 216
-1 -1 6 -10.92970 -10.00000 45816 48
-1 -1 13 -15.00000 -13.00660 45864 104
-1 -1 21 -11.43390 -10.00000 45968 168
-1 -1 5 -15.00000 -14.55190 46136 40
-1 -1 15 -14.08020 -12.14860 46176 120
-1 -1 12 -13.13080 -11.26190 46296 96
-1 -1 4 -15.00000 -14.73080 46392 32
-1 -1 7 -15.00000 -14.66970 46424 56
-1 -1 6 -12.27660 -11.32330 46480 48
-1 -1 7 -13.77030 -13.20640 46528 56
-1 -1 31 -14.69560 -10.39390 46584 248
-1 -1 3 -13.35230 -13.02670 46832 24
-1 -1 6 -12.49920 -11.90390 46856 48
-1 -1 3 -15.00000 -14.65700 46904 24
-1 -1 4 -15.00000 -13.54560 46928 32
-1 -1 6 -13.68470 -12.67000 46960 48
-1 -1 3 -11.83570 -11.57070 47008 24
-1 -1 7 -11.16960 -10.00000 47032 56
-1 -1 4 -12.67000 -11.83570 47088 32
-1 -1 4 -11.57070 -11.16960 47120 32
-1 -1 6 -11.75030 -10.00000 47152 48
-1 -1 3 -15.00000 -14.96280 47200 24
-1 -1 15 -15.00000 -11.75670 47224 120
-1 -1 30 -14.86640 -10.33080 47344 240
-1 -1 7 -15.00000 -14.70970 47584 56
-1 -1 2 -10.31640 -10.00000 47640 16
-1 -1 3 -10.33080 -10.00000 47656 24
-1 -1 5 -15.00000 -14.61520 47680 40
-1 -1 8 -10.89040 -10.00000 47720 64
-1 -1 7 -15.00000 -14.57470 47784 56
-1 -1 3 -14.61520 -14.24410 47840 24
-1 -1 2 -14.57340 -14.34610 47864 16
-1 -1 7 -10.49690 -10.00000 47880 56
-1 -1 12 -11.57530 -10.00000 47936 96
-1 -1 2 -15.44220 -15.30820 48032 16
-1 -1 13 -17.32250 -15.00000 48048 104
-1 -1 2 -15.08780 -15.00000 48152 16
-1 -1 12 -17.79840 -15.97330 48168 96
-1 -1 12 -15.61470 -15.00000 48264 96
-1 -1 9 -15.33470 -15.00000 48360 72
-1 -1 2 -17.11540 -16.97580 48432 16
-1 -1 3 -15.30820 -15.09190 48448 24
-1 -1 18 -18.68220 -17.40360 48472 144
-1 -1 8 -16.41250 -15.80140 48616 64
-1 -1 2 -20.00000 -19.92730 48680 16
-1 -1 3 -19.37420 -19.10940 48696 24
-1 -1 15 -19.84640 -17.98950 48720 120
-1 -1 8 -19.37700 -18.56860 48840 64
-1 -1 8 -17.55000 -15.91970 48904 64
-1 -1 4 -15.91750 -15.00000 48968 32
-1 -1 3 -17.28730 -17.11540 49000 24
-1 -1 3 -18.56530 -18.35140 49024 24
-1 -1 3 -20.00000 -19.30230 49048 24
-1 -1 10 -20.00000 -18.49280 49072 80
-1 -1 7 -15.86640 -15.00000 49152 56
-1 -1 13 -18.66450 -15.86610 49208 104
-1 -1 5 -19.92730 -19.36310 49312 40
-1 -1 2 -19.33560 -19.30220 49352 16
-1 -1 3 -19.71390 -19.36550 49368 24
-1 -1 5 -20.00000 -19.29690 49392 40
-1 -1 4 -20.00000 -19.33560 49432 32
-1 -1 4 -20.00000 -19.78110 49464 32
-1 -1 8 -16.00500 -15.00000 49496 64
-1 -1 3 -15.02140 -15.00000 49560 24
-1 -1 11 -20.00000 -18.59720 49584 88
-1 -1 14 -18.61810 -16.00440 49672 112
-1 -1 5 -19.45280 -18.61550 49784 40
-1 -1 3 -20.00000 -19.96610 49824 24
-1 -1 3 -20.00000 -19.98110 49848 24
-1 -1 6 -20.00000 -19.90390 49872 48
-1 -1 3 -15.23890 -15.00000 49920 24
-1 -1 36 -18.48840 -15.00000 49944 288
-1 -1 6 -18.64500 -18.30440 50232 48
-1 -1 4 -15.21920 -15.00000 50280 32
-1 -1 12 -17.97750 -16.38250 50312 96
-1 -1 11 -15.95970 -15.00000 50408 88
-1 -1 23 -20.00000 -17.87170 50496 184
-1 -1 5 -16.38250 -15.95970 50680 40
-1 -1 2 -18.32610 -18.13080 50720 16
-1 -1 2 -21.43070 -21.42560 50736 16
-1 -1 14 -24.55250 -23.36720 50752 112
-1 -1 7 -23.31610 -22.09310 50864 56
-1 -1 7 -21.53360 -20.00000 50920 56
-1 -1 5 -22.09310 -20.94470 50976 40
-1 -1 7 -21.46330 -20.89610 51016 56
-1 -1 5 -22.23920 -20.00000 51072 40
-1 -1 6 -20.47550 -20.00000 51112 48
-1 -1 13 -24.61500 -23.31610 51160 104
-1 -1 6 -25.00000 -24.12020 51264 48
-1 -1 4 -23.78610 -23.31460 51312 32
-1 -1 8 -21.14530 -20.88750 51344 64
-1 -1 3 -25.00000 -22.47030 51408 24
-1 -1 32 -25.00000 -20.00000 51432 256
-1 -1 10 -23.36770 -23.01080 51688 80
-1 -1 5 -25.00000 -23.99780 51768 40
-1 -1 9 -25.00000 -23.75830 51808 72
-1 -1 3 -25.00000 -24.89360 51880 24
-1 -1 2 -25.00000 -24.96330 51904 16
-1 -1 12 -21.23500 -20.00000 51920 96
-1 -1 4 -23.47250 -22.68000 52016 32
-1 -1 7 -23.82410 -23.29780 52048 56
-1 -1 3 -22.88030 -22.24800 52104 24
-1 -1 3 -22.87860 -22.68140 52128 24
-1 -1 18 -24.05300 -20.00000 52152 144
-1 -1 12 -22.96500 -22.52310 52296 96
-1 -1 2 -20.07860 -20.00000 52392 16
-1 -1 32 -22.87170 -20.00000 52408 256
-1 -1 3 -20.03860 -20.00000 52664 24
-1 -1 13 -20.43860 -20.00000 52688 104
-1 -1 15 -25.00000 -22.90250 52792 120
-1 -1 4 -25.00000 -24.86720 52912 32
-1 -1 2 -25.00000 -24.95310 52944 16
-1 -1 7 -22.44420 -22.00580 52960 56
-1 -1 5 -20.47550 -20.00000 53016 40
-1 -1 7 -22.09920 -20.77890 53056 56
-1 -1 8 -23.35530 -22.40610 53112 64
-1 -1 5 -21.27420 -20.47220 53176 40
-1 -1 5 -26.08720 -25.79640 53216 40
-1 -1 7 -29.70750 -29.06390 53256 56
-1 -1 3 -27.49740 -27.41820 53312 24
-1 -1 3 -27.75890 -27.53650 53336 24
-1 -1 7 -29.35360 -27.77780 53360 56
-1 -1 8 -30.00000 -28.40140 53416 64
-1 -1 19 -28.05250 -26.07250 53480 152
-1 -1 17 -30.00000 -27.74000 53632 136
-1 -1 10 -26.38330 -25.16390 53768 80
-1 -1 6 -25.80140 -25.27170 53848 48
-1 -1 2 -29.71560 -29.70750 53896 16
-1 -1 2 -30.00000 -29.93560 53912 16
-1 -1 10 -30.00000 -25.57140 53928 80
-1 -1 3 -27.53650 -27.49740 54008 24
-1 -1 3 -27.77780 -27.75890 54032 24
-1 -1 10 -30.00000 -29.35360 54056 80
-1 -1 6 -25.72740 -25.00000 54136 48
-1 -1 4 -26.27580 -26.21250 54184 32
-1 -1 2 -25.65720 -25.00000 54216 16
-1 -1 4 -29.93560 -29.55730 54232 32
-1 -1 2 -28.00050 -28.00010 54264 16
-1 -1 3 -25.29420 -25.00000 54280 24
-1 -1 10 -30.00000 -27.31610 54304 80
-1 -1 8 -26.88420 -25.72740 54384 64
-1 -1 14 -26.77550 -25.77420 54448 112
-1 -1 3 -25.21000 -25.00000 54560 24
-1 -1 10 -26.26220 -25.24090 54584 80
-1 -1 3 -25.01500 -25.00000 54664 24
-1 -1 3 -25.01360 -25.00000 54688 24
-1 -1 8 -25.65310 -25.00950 54712 64
-1 -1 7 -26.19080 -25.56470 54776 56
-1 -1 7 -26.13280 -25.51310 54832 56
-1 -1 7 -25.98390 -25.43580 54888 56
-1 -1 2 -28.00010 -27.99970 54944 16
-1 -1 6 -27.39580 -26.50000 54960 48
-1 -1 2 -26.51940 -26.11800 55008 16
-1 -1 4 -27.37220 -26.73750 55024 32
-1 -1 3 -28.14030 -27.34450 55056 24
-1 -1 2 -25.69470 -25.65030 55080 16
-1 -1 24 -28.49110 -27.07800 55096 192
-1 -1 6 -29.35720 -29.05620 55288 48
-1 -1 20 -26.70860 -26.00530 55336 160
-1 -1 3 -25.34840 -25.21000 55496 24
-1 -1 3 -26.24190 -26.19170 55520 24
-1 -1 4 -25.08250 -25.00000 55544 32
-1 -1 4 -25.31750 -25.00000 55576 32
-1 -1 6 -29.05620 -28.47280 55608 48
-1 -1 3 -29.32330 -29.19110 55656 24
-1 -1 5 -26.23110 -25.98030 55680 40
-1 -1 2 -25.01720 -25.00000 55720 16
-1 -1 2 -32.30950 -32.28920 55736 16
-1 -1 10 -34.70420 -33.99660 55752 80
-1 -1 11 -33.45610 -32.92550 55832 88
-1 -1 4 -35.00000 -34.98920 55920 32
-1 -1 3 -35.00000 -34.97250 55952 24
-1 -1 7 -34.28780 -33.86470 55976 56
-1 -1 9 -34.99690 -34.68780 56032 72
-1 -1 6 -32.27000 -32.03080 56104 48
-1 -1 6 -32.92530 -32.58250 56152 48
-1 -1 4 -35.00000 -33.01580 56200 32
-1 -1 14 -35.00000 -31.84730 56232 112
-1 -1 10 -31.87750 -30.00000 56344 80
-1 -1 2 -30.05940 -30.00000 56424 16
-1 -1 12 -32.39250 -31.95480 56440 96
-1 -1 5 -31.88390 -30.00000 56536 40
-1 -1 12 -34.37970 -30.00000 56576 96
-1 -1 2 -30.15560 -30.00000 56672 16
-1 -1 10 -33.46700 -31.22100 56688 80
-1 -1 4 -33.01580 -32.30720 56768 32
-1 -1 6 -35.00000 -33.26920 56800 48
-1 -1 53 -33.42390 -32.43310 56848 424
-1 -1 6 -31.22100 -30.00000 57272 48
-1 -1 7 -34.05060 -33.46700 57320 56
-1 -1 18 -34.45330 -33.12800 57376 144
-1 -1 13 -31.86860 -30.75470 57520 104
-1 -1 15 -34.42920 -33.11750 57624 120
-1 -1 2 -34.62200 -34.45020 57744 16
-1 -1 6 -30.74940 -30.18250 57760 48
-1 -1 2 -33.11890 -32.99710 57808 16
-1 -1 7 -31.85340 -31.25560 57824 56
-1 -1 5 -32.61750 -32.36110 57880 40
-1 -1 4 -32.50360 -32.43310 57920 32
-1 -1 6 -34.79580 -33.90280 57952 48
-1 -1 2 -33.38110 -33.36130 58000 16
-1 -1 5 -32.64970 -31.75140 58016 40
-1 -1 4 -33.02470 -32.49420 58056 32
-1 -1 2 -34.80800 -34.20720 58088 16
-1 -1 4 -34.89170 -34.72030 58104 32
-1 -1 8 -34.45020 -33.14250 58136 64
-1 -1 7 -32.99710 -32.70250 58200 56
-1 -1 3 -32.12090 -31.85340 58256 24
-1 -1 5 -32.43310 -31.67280 58280 40
-1 -1 5 -33.46390 -33.33420 58320 40
-1 -1 2 -34.80580 -33.92610 58360 16
-1 -1 5 -36.69980 -36.13580 58376 40
-1 -1 10 -38.29810 -37.57890 58416 80
-1 -1 12 -38.90750 -38.32140 58496 96
-1 -1 8 -36.13690 -35.12470 58592 64
-1 -1 4 -35.53830 -35.00000 58656 32
-1 -1 3 -35.10090 -35.00000 58688 24
-1 -1 2 -35.02830 -35.00000 58712 16
-1 -1 7 -37.39440 -37.16530 58728 56
-1 -1 10 -38.43050 -37.16030 58784 80
-1 -1 7 -36.27730 -35.49300 58864 56
-1 -1 8 -39.56730 -39.28920 58920 64
-1 -1 8 -37.18720 -36.37160 58984 64
-1 -1 6 -36.53390 -36.11830 59048 48
-1 -1 2 -36.00190 -35.00000 59096 16
-1 -1 3 -35.99970 -35.00000 59112 24
-1 -1 19 -38.82140 -36.69980 59136 152
-1 -1 9 -40.00000 -35.99890 59288 72
-1 -1 2 -35.00140 -35.00140 59360 16
-1 -1 2 -38.80770 -38.80720 59376 16
-1 -1 3 -40.00000 -35.00000 59392 24
-1 -1 3 -39.32590 -38.80830 59416 24
-1 -1 2 -35.00220 -35.00140 59440 16
-1 -1 8 -41.09550 -40.22190 59456 64
-1 -1 3 -40.08970 -40.04660 59520 24
-1 -1 13 -44.87280 -43.68110 59544 104
-1 -1 10 -41.14500 -40.73000 59648 80
-1 -1 6 -42.61720 -41.69050 59728 48
-1 -1 4 -40.66090 -40.21000 59776 32
-1 -1 2 -41.99970 -41.99960 59808 16
-1 -1 3 -40.22190 -40.08970 59824 24
-1 -1 2 -40.04660 -40.00000 59848 16
-1 -1 3 -41.99960 -41.99950 59864 24
-1 -1 2 -40.70700 -40.00000 59888 16
-1 -1 3 -41.04810 -40.70860 59904 24
-1 -1 4 -48.81970 -48.62110 59928 32
-1 -1 3 -49.25330 -48.62710 59960 24
-1 -1 2 -45.99980 -45.99950 59984 16
-1 -1 2 -46.00030 -45.99980 60000 16
-1 -1 2 -54.91860 -54.88720 60016 16
-1 -1 2 -55.00000 -54.91750 60032 16
-1 -1 2 -55.18910 -55.00000 60048 16
