-1 -1 3  68.00000  68.90000 0 48
-1 -1 3  68.00000  68.90000 48 48
-1 -1 45  67.00360  68.00000 96 720
-1 -1 46  67.00360  68.00000 816 736
-1 -1 7  66.92410  66.98880 1552 112
-1 -1 3  67.00410  67.00830 1664 48
-1 -1 7  66.92410  66.98880 1712 112
-1 -1 3  67.00410  67.00830 1824 48
-1 -1 8  66.00000  66.03170 1872 128
-1 -1 9  66.00000  66.03000 2000 144
-1 -1 64  66.00000  66.92410 2144 1024
-1 -1 5  66.98880  67.00410 3168 80
-1 -1 8  66.00000  66.03170 3248 128
-1 -1 9  66.00000  66.03000 3376 144
-1 -1 64  66.00000  66.92410 3520 1024
-1 -1 5  66.98880  67.00410 4544 80
-1 -1 114  64.65070  66.00000 4624 1824
-1 -1 15  65.90830  66.00000 6448 240
-1 -1 16  65.94390  66.00000 6688 256
-1 -1 114  64.65080  66.00000 6944 1824
-1 -1 15  65.90830  66.00000 8768 240
-1 -1 16  65.94390  66.00000 9008 256
-1 -1 80  64.00000  64.65070 9264 1280
-1 -1 79  64.00000  64.65080 10544 1264
-1 -1 14  63.23020  63.34670 11808 224
-1 -1 45  63.62480  64.00000 12032 720
-1 -1 14  63.23030  63.34670 12752 224
-1 -1 45  63.62480  64.00000 12976 720
-1 -1 119  62.00000  63.23020 13696 1904
-1 -1 20  63.34670  63.62480 15600 320
-1 -1 118  62.00000  63.23030 15920 1888
-1 -1 20  63.34670  63.62480 17808 320
-1 -1 2  60.00000  60.00020 18128 32
-1 -1 2  60.00000  60.00020 18160 32
-1 -1 3  60.00020  60.00030 18192 48
-1 -1 3  60.00020  60.00030 18240 48
-1 -1 3  60.00020  60.00020 18288 48
-1 -1 3  60.00020  60.00020 18336 48
-1 -1 3  60.00020  60.00020 18384 48
-1 -1 3  60.00020  60.00020 18432 48
-1 -1 3  60.00020  60.00020 18480 48
-1 -1 3  60.00020  60.00020 18528 48
-1 -1 19  61.71360  62.00000 18576 304
-1 -1 19  61.71360  62.00000 18880 304
-1 -1 3  60.00020  60.00020 19184 48
-1 -1 3  60.00020  60.00020 19232 48
-1 -1 93  60.74360  61.71360 19280 1488
-1 -1 93  60.74360  61.71360 20768 1488
-1 -1 3  60.00010  60.00020 22256 48
-1 -1 3  60.00010  60.00020 22304 48
-1 -1 6  60.01430  60.06510 22352 96
-1 -1 74  60.12460  60.97250 22448 1184
-1 -1 6  60.01430  60.06500 23632 96
-1 -1 72  60.12460  60.97250 23728 1152
-1 -1 3  60.00010  60.00010 24880 48
-1 -1 3  60.00010  60.00010 24928 48
-1 -1 7  60.01060  60.04170 24976 112
-1 -1 4  60.06510  60.12460 25088 64
-1 -1 7  60.01060  60.04170 25152 112
-1 -1 4  60.06500  60.12460 25264 64
-1 -1 3  60.00010  60.00010 25328 48
-1 -1 3  60.00010  60.00010 25376 48
-1 -1 4  60.00010  60.00010 25424 64
-1 -1 4  60.00010  60.00010 25488 64
-1 -1 3  60.00000  60.00010 25552 48
-1 -1 3  60.00000  60.00010 25600 48
-1 -1 3  60.00000  60.00000 25648 48
-1 -1 3  60.00000  60.00000 25696 48
-1 -1 2  60.00000  60.00000 25744 32
-1 -1 2  60.00000  60.00000 25776 32
-1 -1 41  60.00000  60.37250 25808 656
-1 -1 40  60.00000  60.37250 26464 640
-1 -1 8  60.30530  60.39800 27104 128
-1 -1 8  60.30530  60.39800 27232 128
-1 -1 2  59.99750  60.00000 27360 32
-1 -1 2  59.99750  60.00000 27392 32
-1 -1 3  58.00000  59.99950 27424 48
-1 -1 3  58.00000  59.99950 27472 48
-1 -1 3  60.00000  60.00000 27520 48
-1 -1 3  60.00000  60.00000 27568 48
-1 -1 3  59.99990  60.00000 27616 48
-1 -1 3  59.99990  60.00000 27664 48
-1 -1 3  59.99990  59.99990 27712 48
-1 -1 3  59.99990  59.99990 27760 48
-1 -1 3  58.00000  59.99950 27808 48
-1 -1 3  58.00000  59.99950 27856 48
-1 -1 3  59.99990  59.99990 27904 48
-1 -1 3  59.99990  59.99990 27952 48
-1 -1 3  59.99990  59.99990 28000 48
-1 -1 3  59.99990  59.99990 28048 48
-1 -1 3  59.99980  59.99990 28096 48
-1 -1 3  59.99980  59.99990 28144 48
-1 -1 3  59.99980  59.99980 28192 48
-1 -1 3  59.99980  59.99980 28240 48
-1 -1 3  58.00000  59.99950 28288 48
-1 -1 3  58.00000  59.99950 28336 48
-1 -1 3  59.99980  59.99980 28384 48
-1 -1 3  59.99980  59.99980 28432 48
-1 -1 3  59.99980  59.99980 28480 48
-1 -1 3  59.99980  59.99980 28528 48
-1 -1 3  59.99980  59.99980 28576 48
-1 -1 3  59.99980  59.99980 28624 48
-1 -1 2  59.99970  59.99980 28672 32
-1 -1 2  59.99970  59.99980 28704 32
-1 -1 27  58.00000  58.42590 28736 432
-1 -1 13  58.52050  58.69040 29168 208
-1 -1 136  58.74530  60.00000 29376 2176
-1 -1 136  58.74530  60.00000 31552 2176
-1 -1 12  58.52050  58.69040 33728 192
-1 -1 28  58.00000  58.42590 33920 448
-1 -1 17  58.42590  58.56420 34368 272
-1 -1 26  58.68310  58.87970 34640 416
-1 -1 26  58.68310  58.87970 35056 416
-1 -1 17  58.42590  58.56420 35472 272
-1 -1 3  56.00000  58.00000 35744 48
-1 -1 3  56.00000  58.00000 35792 48
-1 -1 3  56.00000  58.00000 35840 48
-1 -1 3  56.00000  58.00000 35888 48
-1 -1 3  56.00000  58.00000 35936 48
-1 -1 3  56.00000  58.00000 35984 48
-1 -1 3  56.00000  56.20160 36032 48
-1 -1 3  56.00000  56.20170 36080 48
-1 -1 3  56.20160  56.84440 36128 48
-1 -1 3  56.20170  56.84440 36176 48
-1 -1 7  56.07010  56.16630 36224 112
-1 -1 19  56.25390  56.43530 36336 304
-1 -1 13  56.58020  56.78250 36640 208
-1 -1 5  56.81300  56.85340 36848 80
-1 -1 13  57.76610  58.00000 36928 208
-1 -1 14  57.76610  58.00000 37136 224
-1 -1 5  56.81300  56.85340 37360 80
-1 -1 13  56.58020  56.78250 37440 208
-1 -1 19  56.25390  56.43530 37648 304
-1 -1 7  56.07010  56.16630 37952 112
-1 -1 26  56.00000  56.12080 38064 416
-1 -1 11  56.16630  56.26370 38480 176
-1 -1 14  56.41280  56.58020 38656 224
-1 -1 5  56.78250  56.81300 38880 80
-1 -1 79  56.85340  57.81330 38960 1264
-1 -1 79  56.85340  57.81330 40224 1264
-1 -1 5  56.78250  56.81300 41488 80
-1 -1 14  56.41280  56.58020 41568 224
-1 -1 11  56.16630  56.26370 41792 176
-1 -1 26  56.00000  56.12080 41968 416
-1 -1 3  54.00000  56.00000 42384 48
-1 -1 3  54.00000  56.00000 42432 48
-1 -1 3  54.00000  56.00000 42480 48
-1 -1 3  54.00000  56.00000 42528 48
-1 -1 3  55.81640  56.00000 42576 48
-1 -1 3  55.81640  56.00000 42624 48
-1 -1 13  54.00000  55.81700 42672 208
-1 -1 13  54.00000  55.81700 42880 208
-1 -1 4  54.00000  54.89660 43088 64
-1 -1 4  54.00000  54.89670 43152 64
-1 -1 5  54.89660  56.00000 43216 80
-1 -1 5  54.89670  56.00000 43296 80
-1 -1 161  54.00000  55.34000 43376 2576
-1 -1 161  54.00000  55.34000 45952 2576
-1 -1 39  54.63700  54.92950 48528 624
-1 -1 38  54.63700  54.92950 49152 608
-1 -1 63  54.59670  56.00000 49760 1008
-1 -1 63  54.59670  56.00000 50768 1008
-1 -1 3  53.80550  54.00000 51776 48
-1 -1 3  53.80580  54.00000 51824 48
-1 -1 166  52.36550  53.80550 51872 2656
-1 -1 162  52.36550  53.80580 54528 2592
-1 -1 40  52.00000  52.48720 57120 640
-1 -1 40  52.00000  52.48720 57760 640
-1 -1 3  52.00000  54.00000 58400 48
-1 -1 3  52.00000  54.00000 58448 48
-1 -1 12  52.00000  54.00000 58496 192
-1 -1 12  52.00000  54.00000 58688 192
-1 -1 4  52.00000  53.51780 58880 64
-1 -1 4  52.00000  53.51780 58944 64
-1 -1 3  53.51780  54.00000 59008 48
-1 -1 3  53.51780  54.00000 59056 48
-1 -1 185  52.08330  54.00000 59104 2960
-1 -1 183  52.08330  54.00000 62064 2928
-1 -1 41  52.00000  52.88140 64992 656
-1 -1 39  52.00000  52.21190 65648 624
-1 -1 39  52.00000  52.21190 66272 624
-1 -1 41  52.00000  52.88140 66896 656
-1 -1 10  52.43310  52.55560 67552 160
-1 -1 5  52.36970  52.38860 67712 80
-1 -1 10  52.43310  52.55560 67792 160
-1 -1 5  52.36940  52.38860 67952 80
-1 -1 30  52.86420  53.11920 68032 480
-1 -1 30  52.86420  53.11920 68512 480
-1 -1 15  52.55560  52.77500 68992 240
-1 -1 10  52.38060  52.45860 69232 160
-1 -1 26  52.00000  52.36970 69392 416
-1 -1 2  52.00000  52.00000 69808 32
-1 -1 2  52.00000  52.00000 69840 32
-1 -1 15  52.55560  52.77500 69872 240
-1 -1 10  52.38060  52.45860 70112 160
-1 -1 25  52.00000  52.36940 70272 400
-1 -1 2  52.00000  52.00000 70672 32
-1 -1 2  52.00000  52.00000 70704 32
-1 -1 2  52.00000  52.00000 70736 32
-1 -1 2  52.00000  52.00000 70768 32
-1 -1 2  52.00000  52.00000 70800 32
-1 -1 2  52.00000  52.00000 70832 32
-1 -1 2  52.00000  52.00000 70864 32
-1 -1 2  52.00000  52.00000 70896 32
-1 -1 2  52.00000  52.00000 70928 32
-1 -1 2  52.00000  52.00000 70960 32
-1 -1 2  52.00000  52.00000 70992 32
-1 -1 2  52.00000  52.00000 71024 32
-1 -1 75  51.13180  52.00000 71056 1200
-1 -1 73  51.13200  52.00000 72256 1168
-1 -1 85  50.00000  51.13180 73424 1360
-1 -1 83  50.00000  51.13200 74784 1328
-1 -1 3  50.00000  52.00000 76112 48
-1 -1 3  50.00000  52.00000 76160 48
-1 -1 12  50.00000  52.00000 76208 192
-1 -1 12  50.00000  52.00000 76400 192
-1 -1 3  50.00000  52.00000 76592 48
-1 -1 3  50.00000  52.00000 76640 48
-1 -1 2  50.00000  51.18470 76688 32
-1 -1 2  50.00000  51.18470 76720 32
-1 -1 2  51.19170  51.45890 76752 32
-1 -1 2  51.19170  51.45890 76784 32
-1 -1 53  51.55780  52.00000 76816 848
-1 -1 54  51.55780  52.00000 77664 864
-1 -1 2  51.41700  52.00000 78528 32
-1 -1 2  51.41700  52.00000 78560 32
-1 -1 2  48.00000  48.99940 78592 32
-1 -1 2  48.00000  48.99940 78624 32
-1 -1 2  48.00000  49.00000 78656 32
-1 -1 2  48.00000  49.00000 78688 32
-1 -1 80  48.99810  50.00000 78720 1280
-1 -1 79  48.99720  50.00000 80000 1264
-1 -1 2  48.99720  48.99810 81264 32
-1 -1 2  48.99940  50.00000 81296 32
-1 -1 2  48.99940  50.00000 81328 32
-1 -1 2  48.00000  49.00690 81360 32
-1 -1 2  48.00000  49.00720 81392 32
-1 -1 8  49.00000  50.00000 81424 128
-1 -1 8  49.00000  50.00000 81552 128
-1 -1 35  48.00000  48.99750 81680 560
-1 -1 35  48.00000  48.99750 82240 560
-1 -1 2  49.37670  50.00000 82800 32
-1 -1 2  49.37670  50.00000 82832 32
-1 -1 2  48.00000  48.00420 82864 32
-1 -1 2  48.00000  48.00420 82896 32
-1 -1 3  48.00000  50.00000 82928 48
-1 -1 3  48.00000  50.00000 82976 48
-1 -1 3  48.00000  48.00200 83024 48
-1 -1 3  48.00000  48.00200 83072 48
-1 -1 2  48.00000  48.00090 83120 32
-1 -1 2  48.00000  48.00090 83152 32
-1 -1 14  48.02190  48.09640 83184 224
-1 -1 14  48.02190  48.09640 83408 224
-1 -1 7  46.27170  46.30840 83632 112
-1 -1 7  46.27170  46.30840 83744 112
-1 -1 37  46.00000  46.31200 83856 592
-1 -1 37  46.00000  46.31200 84448 592
-1 -1 4  47.96350  48.00000 85040 64
-1 -1 4  47.96360  48.00000 85104 64
-1 -1 2  46.00000  46.00140 85168 32
-1 -1 2  46.00000  46.00140 85200 32
-1 -1 27  46.00000  48.00000 85232 432
-1 -1 29  46.00000  48.00000 85664 464
-1 -1 137  46.00000  47.96350 86128 2192
-1 -1 140  46.00000  47.96360 88320 2240
-1 -1 4  46.00000  48.00000 90560 64
-1 -1 4  46.00000  48.00000 90624 64
-1 -1 67  46.00000  47.92000 90688 1072
-1 -1 67  46.00000  47.92000 91760 1072
-1 -1 6  47.91720  48.00000 92832 96
-1 -1 6  47.91720  48.00000 92928 96
-1 -1 24  46.00000  46.76550 93024 384
-1 -1 24  46.00000  46.76550 93408 384
-1 -1 16  46.31610  46.58220 93792 256
-1 -1 16  46.31610  46.58220 94048 256
-1 -1 2  46.71910  46.75330 94304 32
-1 -1 2  46.71900  46.75330 94336 32
-1 -1 2  47.15890  47.23530 94368 32
-1 -1 2  47.15890  47.23530 94400 32
-1 -1 3  47.25640  47.30530 94432 48
-1 -1 3  47.25640  47.30530 94480 48
-1 -1 3  46.92250  47.02970 94528 48
-1 -1 3  46.92250  47.02970 94576 48
-1 -1 2  47.29160  47.29220 94624 32
-1 -1 2  47.29160  47.29220 94656 32
-1 -1 24  46.00000  46.31610 94688 384
-1 -1 25  46.00000  46.31610 95072 400
-1 -1 2  47.23530  47.39000 95472 32
-1 -1 2  47.23530  47.39000 95504 32
-1 -1 2  47.86140  48.00000 95536 32
-1 -1 2  47.86140  48.00000 95568 32
-1 -1 2  47.29140  47.29160 95600 32
-1 -1 2  47.29140  47.29160 95632 32
-1 -1 30  46.23440  46.81250 95664 480
-1 -1 31  46.23440  46.81250 96144 496
-1 -1 23  46.81640  48.00000 96640 368
-1 -1 23  46.81640  48.00000 97008 368
-1 -1 15  46.00000  46.24000 97376 240
-1 -1 14  46.00000  46.24000 97616 224
-1 -1 7  47.29500  48.00000 97840 112
-1 -1 7  47.29530  48.00000 97952 112
-1 -1 38  47.84170  48.00000 98064 608
-1 -1 38  47.84170  48.00000 98672 608
-1 -1 3  46.16810  46.25360 99280 48
-1 -1 3  46.16810  46.25360 99328 48
-1 -1 30  45.56670  46.00000 99376 480
-1 -1 30  45.56670  46.00000 99856 480
-1 -1 47  45.61610  45.81240 100336 752
-1 -1 48  45.61580  45.81240 101088 768
-1 -1 22  45.81240  45.99950 101856 352
-1 -1 22  45.81240  45.99950 102208 352
-1 -1 4  45.99950  46.00000 102560 64
-1 -1 4  45.99950  46.00000 102624 64
-1 -1 100  44.00000  46.00000 102688 1600
-1 -1 97  44.00000  46.00000 104288 1552
-1 -1 56  45.47720  46.00000 105840 896
-1 -1 5  45.67050  45.69870 106736 80
-1 -1 56  45.47720  46.00000 106816 896
-1 -1 5  45.67050  45.69870 107712 80
-1 -1 4  45.65260  45.67050 107792 64
-1 -1 133  44.37110  45.70360 107856 2128
-1 -1 4  45.65260  45.67050 109984 64
-1 -1 135  44.36950  45.70360 110048 2160
-1 -1 3  44.00000  45.00000 112208 48
-1 -1 3  44.00000  45.00000 112256 48
-1 -1 59  44.49610  44.75830 112304 944
-1 -1 57  44.49640  44.75830 113248 912
-1 -1 3  44.99980  44.99990 114160 48
-1 -1 3  44.99980  44.99990 114208 48
-1 -1 3  44.99960  44.99980 114256 48
-1 -1 3  44.99960  44.99980 114304 48
-1 -1 5  44.99940  46.00000 114352 80
-1 -1 5  44.99940  46.00000 114432 80
-1 -1 2  44.00000  45.00030 114512 32
-1 -1 2  44.00000  45.00030 114544 32
-1 -1 2  45.94200  45.94200 114576 32
-1 -1 2  45.94200  45.94200 114608 32
-1 -1 3  45.94190  45.94200 114640 48
-1 -1 3  45.94190  45.94200 114688 48
-1 -1 3  45.94180  45.94190 114736 48
-1 -1 3  45.94180  45.94190 114784 48
-1 -1 3  45.94170  45.94180 114832 48
-1 -1 3  45.94170  45.94180 114880 48
-1 -1 26  44.00000  46.00000 114928 416
-1 -1 26  44.00000  46.00000 115344 416
-1 -1 2  45.94170  45.94170 115760 32
-1 -1 2  45.94170  45.94170 115792 32
-1 -1 55  44.75390  46.00000 115824 880
-1 -1 54  44.75390  46.00000 116704 864
-1 -1 4  44.36660  44.42030 117568 64
-1 -1 4  44.36660  44.42030 117632 64
-1 -1 12  44.42080  44.61250 117696 192
-1 -1 12  44.42080  44.61250 117888 192
-1 -1 6  44.61140  44.75220 118080 96
-1 -1 6  44.61140  44.75220 118176 96
-1 -1 14  44.00000  44.36660 118272 224
-1 -1 14  44.00000  44.36660 118496 224
-1 -1 24  45.78390  46.00000 118720 384
-1 -1 24  45.78390  46.00000 119104 384
-1 -1 49  45.10420  45.78780 119488 784
-1 -1 50  45.10420  45.78790 120272 800
-1 -1 16  45.07140  45.45470 121072 256
-1 -1 16  45.07140  45.45470 121328 256
-1 -1 6  44.75560  45.02310 121584 96
-1 -1 6  44.75560  45.02310 121680 96
-1 -1 2  44.08940  44.29830 121776 32
-1 -1 2  44.08940  44.29830 121808 32
-1 -1 49  45.45640  46.00000 121840 784
-1 -1 49  45.45640  46.00000 122624 784
-1 -1 42  45.00360  45.64330 123408 672
-1 -1 42  45.00360  45.64330 124080 672
-1 -1 37  44.00000  45.01000 124752 592
-1 -1 37  44.00000  45.00970 125344 592
-1 -1 14  44.00000  44.33030 125936 224
-1 -1 14  44.00000  44.33030 126160 224
-1 -1 41  44.33030  45.02200 126384 656
-1 -1 42  44.33030  45.02200 127040 672
-1 -1 2  44.00000  45.30250 127712 32
-1 -1 2  44.00000  45.30250 127744 32
-1 -1 18  44.76920  45.18330 127776 288
-1 -1 9  45.82890  45.98920 128064 144
-1 -1 9  45.82890  45.98920 128208 144
-1 -1 5  45.76970  45.79890 128352 80
-1 -1 5  45.76970  45.79890 128432 80
-1 -1 10  42.00000  44.00000 128512 160
-1 -1 11  42.00000  44.00000 128672 176
-1 -1 4  42.00000  44.00000 128848 64
-1 -1 4  42.00000  44.00000 128912 64
-1 -1 3  42.00000  44.00000 128976 48
-1 -1 3  42.00000  44.00000 129024 48
-1 -1 2  43.00030  43.00030 129072 32
-1 -1 2  43.00030  43.00030 129104 32
-1 -1 3  43.00030  43.00050 129136 48
-1 -1 3  43.00030  43.00050 129184 48
-1 -1 3  43.00050  43.00070 129232 48
-1 -1 3  43.00050  43.00070 129280 48
-1 -1 11  42.78030  43.00390 129328 176
-1 -1 11  42.78030  43.00390 129504 176
-1 -1 2  43.00070  43.00080 129680 32
-1 -1 2  43.00070  43.00080 129712 32
-1 -1 77  42.00000  42.88060 129744 1232
-1 -1 79  42.00000  42.88080 130976 1264
-1 -1 2  43.49940  44.00000 132240 32
-1 -1 2  43.49940  44.00000 132272 32
-1 -1 35  43.00000  43.50010 132304 560
-1 -1 35  42.99940  43.50010 132864 560
-1 -1 28  42.51310  43.00060 133424 448
-1 -1 29  42.51310  43.00060 133872 464
-1 -1 3  43.50010  43.50040 134336 48
-1 -1 3  43.50010  43.50040 134384 48
-1 -1 3  43.50040  43.50070 134432 48
-1 -1 3  43.50040  43.50070 134480 48
-1 -1 47  42.00000  43.07640 134528 752
-1 -1 45  42.00000  43.07640 135280 720
-1 -1 2  43.50070  43.50080 136000 32
-1 -1 2  43.50070  43.50080 136032 32
-1 -1 2  42.50620  42.51080 136064 32
-1 -1 2  42.50660  42.51080 136096 32
-1 -1 4  43.91810  44.00000 136128 64
-1 -1 4  43.91810  44.00000 136192 64
-1 -1 26  43.07890  43.72390 136256 416
-1 -1 26  43.07890  43.72390 136672 416
-1 -1 5  43.78420  43.92030 137088 80
-1 -1 5  43.78450  43.92030 137168 80
-1 -1 6  43.72580  43.78170 137248 96
-1 -1 6  43.72580  43.78140 137344 96
-1 -1 4  42.49240  42.50620 137440 64
-1 -1 4  42.49240  42.50660 137504 64
-1 -1 2  42.49170  42.49240 137568 32
-1 -1 2  42.49170  42.49240 137600 32
-1 -1 6  42.38190  42.83530 137632 96
-1 -1 6  42.38220  42.83530 137728 96
-1 -1 5  43.20810  43.51250 137824 80
-1 -1 5  43.20810  43.51250 137904 80
-1 -1 2  42.49000  42.49050 137984 32
-1 -1 2  42.49000  42.49050 138016 32
-1 -1 2  42.00000  42.26560 138048 32
-1 -1 2  42.00000  42.26560 138080 32
-1 -1 37  42.71550  44.00000 138112 592
-1 -1 38  42.71550  44.00000 138704 608
-1 -1 55  42.72610  44.00000 139312 880
-1 -1 56  42.72610  44.00000 140192 896
-1 -1 12  42.00470  42.05500 141088 192
-1 -1 13  42.00470  42.05500 141280 208
-1 -1 7  42.00000  42.75220 141488 112
-1 -1 7  42.00000  42.75220 141600 112
-1 -1 20  42.70030  42.88940 141712 320
-1 -1 20  42.70030  42.88940 142032 320
-1 -1 23  43.07970  44.00000 142352 368
-1 -1 24  43.07970  44.00000 142720 384
-1 -1 3  42.00000  42.02970 143104 48
-1 -1 3  42.00000  42.03160 143152 48
-1 -1 3  42.00000  42.01720 143200 48
-1 -1 3  42.00000  42.01720 143248 48
-1 -1 2  41.99970  41.99970 143296 32
-1 -1 2  41.99970  41.99970 143328 32
-1 -1 3  41.99970  41.99970 143360 48
-1 -1 3  41.99970  41.99970 143408 48
-1 -1 3  40.00000  41.99950 143456 48
-1 -1 3  40.00000  41.99950 143504 48
-1 -1 3  41.99970  41.99970 143552 48
-1 -1 3  41.99970  41.99970 143600 48
-1 -1 3  41.99970  41.99970 143648 48
-1 -1 3  41.99970  41.99970 143696 48
-1 -1 2  41.99950  42.00000 143744 32
-1 -1 2  41.99950  42.00000 143776 32
-1 -1 3  41.99970  41.99970 143808 48
-1 -1 3  41.99970  41.99970 143856 48
-1 -1 3  41.99970  41.99970 143904 48
-1 -1 3  41.99970  41.99970 143952 48
-1 -1 3  40.00000  41.99970 144000 48
-1 -1 3  40.00000  41.99970 144048 48
-1 -1 3  41.99970  41.99970 144096 48
-1 -1 3  41.99970  41.99970 144144 48
-1 -1 4  40.99970  42.00000 144192 64
-1 -1 4  40.99970  42.00000 144256 64
-1 -1 2  41.99970  41.99970 144320 32
-1 -1 2  41.99970  41.99970 144352 32
-1 -1 3  40.00000  41.00000 144384 48
-1 -1 3  40.00000  41.00000 144432 48
-1 -1 2  40.99960  40.99970 144480 32
-1 -1 2  40.99960  40.99970 144512 32
-1 -1 3  40.99950  40.99960 144544 48
-1 -1 3  40.99950  40.99960 144592 48
-1 -1 3  40.99930  40.99950 144640 48
-1 -1 3  40.99930  40.99950 144688 48
-1 -1 2  41.00440  42.00000 144736 32
-1 -1 2  41.00440  42.00000 144768 32
-1 -1 4  40.00000  40.99930 144800 64
-1 -1 4  40.00000  40.99930 144864 64
-1 -1 2  40.00030  40.00030 144928 32
-1 -1 2  40.00030  40.00030 144960 32
-1 -1 3  40.00010  40.00030 144992 48
-1 -1 3  40.00010  40.00030 145040 48
-1 -1 2  40.00000  40.00010 145088 32
-1 -1 2  40.00000  40.00010 145120 32
-1 -1 29  41.53050  42.00000 145152 464
-1 -1 4  41.48340  41.50400 145616 64
-1 -1 29  41.53050  42.00000 145680 464
-1 -1 4  41.48340  41.50400 146144 64
-1 -1 4  41.50400  41.54510 146208 64
-1 -1 100  40.00000  41.48340 146272 1600
-1 -1 4  41.50400  41.54530 147872 64
-1 -1 99  40.00000  41.48340 147936 1584
-1 -1 4  40.57840  40.60080 149520 64
-1 -1 4  40.57840  40.60080 149584 64
-1 -1 5  40.57830  40.61610 149648 80
-1 -1 5  40.57830  40.61520 149728 80
-1 -1 9  40.00000  40.37670 149808 144
-1 -1 9  40.00000  40.37670 149952 144
-1 -1 85  40.37670  42.00000 150096 1360
-1 -1 87  40.37670  42.00000 151456 1392
-1 -1 2  41.75940  41.75970 152848 32
-1 -1 2  41.75940  41.75970 152880 32
-1 -1 3  40.00000  41.71310 152912 48
-1 -1 3  40.00000  41.71310 152960 48
-1 -1 3  41.76420  41.77030 153008 48
-1 -1 3  41.76420  41.77030 153056 48
-1 -1 2  41.76780  41.84220 153104 32
-1 -1 3  41.74000  41.76810 153136 48
-1 -1 3  41.74000  41.76780 153184 48
-1 -1 2  41.76780  41.84220 153232 32
-1 -1 6  40.00000  41.75940 153264 96
-1 -1 6  40.00000  41.75940 153360 96
-1 -1 3  41.69920  41.71940 153456 48
-1 -1 3  41.69920  41.71940 153504 48
-1 -1 3  41.71940  41.73830 153552 48
-1 -1 3  41.71940  41.73830 153600 48
-1 -1 30  40.00000  40.64280 153648 480
-1 -1 30  40.00000  40.64280 154128 480
-1 -1 3  40.00000  41.97750 154608 48
-1 -1 3  40.00000  41.97750 154656 48
-1 -1 4  41.99860  42.00000 154704 64
-1 -1 4  41.99860  42.00000 154768 64
-1 -1 3  41.99890  41.99930 154832 48
-1 -1 3  41.99890  41.99930 154880 48
-1 -1 106  40.68280  41.99950 154928 1696
-1 -1 105  40.68280  41.99950 156624 1680
-1 -1 42  40.00000  40.68470 158304 672
-1 -1 41  40.00000  40.68470 158976 656
-1 -1 2  41.03320  41.35500 159632 32
-1 -1 21  40.48080  40.77290 159664 336
-1 -1 2  41.03320  41.35500 160000 32
-1 -1 20  40.48080  40.77290 160032 320
-1 -1 7  41.01050  42.00000 160352 112
-1 -1 7  41.01050  42.00000 160464 112
-1 -1 6  40.77290  41.03320 160576 96
-1 -1 4  40.49920  40.52330 160672 64
-1 -1 6  40.77290  41.03320 160736 96
-1 -1 4  40.49920  40.52330 160832 64
-1 -1 7  41.32140  42.00000 160896 112
-1 -1 7  41.32140  42.00000 161008 112
-1 -1 21  41.51220  42.00000 161120 336
-1 -1 21  41.51220  42.00000 161456 336
-1 -1 3  39.00650  40.00000 161792 48
-1 -1 3  39.00600  40.00000 161840 48
-1 -1 3  38.00000  39.00650 161888 48
-1 -1 4  38.00000  39.00600 161936 64
-1 -1 3  38.00000  40.00000 162000 48
-1 -1 3  38.00000  40.00000 162048 48
-1 -1 3  38.00000  40.00000 162096 48
-1 -1 3  38.00000  40.00000 162144 48
-1 -1 3  38.00000  40.00000 162192 48
-1 -1 3  38.00000  40.00000 162240 48
-1 -1 2  39.99990  40.00000 162288 32
-1 -1 2  39.99990  40.00000 162320 32
-1 -1 3  39.99980  39.99990 162352 48
-1 -1 3  39.99980  39.99990 162400 48
-1 -1 3  38.00000  39.13330 162448 48
-1 -1 3  38.00000  39.13330 162496 48
-1 -1 79  39.12030  40.00000 162544 1264
-1 -1 79  39.12030  40.00000 163808 1264
-1 -1 2  39.99970  39.99980 165072 32
-1 -1 2  39.99970  39.99980 165104 32
-1 -1 78  38.00000  40.00000 165136 1248
-1 -1 79  38.00000  40.00000 166384 1264
-1 -1 4  38.08860  38.10980 167648 64
-1 -1 8  38.00000  38.06190 167712 128
-1 -1 4  38.08890  38.10980 167840 64
-1 -1 7  38.00000  38.06190 167904 112
-1 -1 2  38.00000  38.00020 168016 32
-1 -1 43  38.00000  38.19670 168048 688
-1 -1 2  38.00000  38.00020 168736 32
-1 -1 41  38.00000  38.19670 168768 656
-1 -1 87  38.10980  39.35700 169424 1392
-1 -1 7  38.06190  38.09110 170816 112
-1 -1 87  38.10980  39.35700 170928 1392
-1 -1 6  38.06190  38.08970 172320 96
-1 -1 2  39.35500  40.00000 172416 32
-1 -1 2  39.35500  40.00000 172448 32
-1 -1 64  38.68860  39.14000 172480 1024
-1 -1 65  38.68860  39.14000 173504 1040
-1 -1 43  38.00020  38.74720 174544 688
-1 -1 43  38.00020  38.74640 175232 688
-1 -1 2  39.09940  40.00000 175920 32
-1 -1 2  39.09940  40.00000 175952 32
-1 -1 95  38.40310  39.02140 175984 1520
-1 -1 95  38.40310  39.02140 177504 1520
-1 -1 17  38.00000  38.41720 179024 272
-1 -1 18  38.00000  38.41720 179296 288
-1 -1 93  38.87440  40.00000 179584 1488
-1 -1 93  38.87440  40.00000 181072 1488
-1 -1 2  38.00000  38.00340 182560 32
-1 -1 2  38.00000  38.00160 182592 32
-1 -1 3  39.72140  40.00000 182624 48
-1 -1 3  39.72140  40.00000 182672 48
-1 -1 80  38.00340  39.45580 182720 1280
-1 -1 80  38.00160  39.45580 184000 1280
-1 -1 34  39.52530  39.69890 185280 544
-1 -1 35  39.52530  39.69890 185824 560
-1 -1 3  39.72140  39.72150 186384 48
-1 -1 3  39.72140  39.72150 186432 48
-1 -1 46  39.20390  39.72140 186480 736
-1 -1 45  39.20390  39.72140 187216 720
-1 -1 3  39.14470  39.32780 187936 48
-1 -1 3  39.14470  39.32780 187984 48
-1 -1 70  38.00000  38.90780 188032 1120
-1 -1 66  38.00000  38.90780 189152 1056
-1 -1 84  38.90500  39.61420 190208 1344
-1 -1 86  38.90500  39.61420 191552 1376
-1 -1 3  39.72150  39.72160 192928 48
-1 -1 3  39.72150  39.72160 192976 48
-1 -1 4  38.79000  38.99470 193024 64
-1 -1 4  38.79000  38.99500 193088 64
-1 -1 2  39.72160  39.72170 193152 32
-1 -1 2  39.72160  39.72170 193184 32
-1 -1 43  39.45640  40.00000 193216 688
-1 -1 42  39.45640  40.00000 193904 672
-1 -1 14  38.45280  39.85420 194576 224
-1 -1 15  38.45280  39.85420 194800 240
-1 -1 2  38.00000  38.03920 195040 32
-1 -1 2  38.00000  38.03920 195072 32
-1 -1 4  37.59290  38.00000 195104 64
-1 -1 3  37.59290  38.00000 195168 48
-1 -1 4  36.08720  37.59290 195216 64
-1 -1 4  36.08720  37.59290 195280 64
-1 -1 2  37.00030  37.00030 195344 32
-1 -1 2  37.00030  37.00030 195376 32
-1 -1 2  36.00000  36.08720 195408 32
-1 -1 2  36.00000  36.08720 195440 32
-1 -1 34  36.00000  38.00000 195472 544
-1 -1 36  36.00000  38.00000 196016 576
-1 -1 3  37.00020  37.00030 196592 48
-1 -1 3  37.00020  37.00030 196640 48
-1 -1 3  37.00020  37.00020 196688 48
-1 -1 3  37.00020  37.00020 196736 48
-1 -1 3  36.00000  38.00000 196784 48
-1 -1 3  36.00000  38.00000 196832 48
-1 -1 3  37.00010  37.00020 196880 48
-1 -1 3  37.00010  37.00020 196928 48
-1 -1 3  37.00000  37.00010 196976 48
-1 -1 3  37.00000  37.00010 197024 48
-1 -1 3  37.00000  37.00000 197072 48
-1 -1 3  37.00000  37.00000 197120 48
-1 -1 3  36.00000  36.50000 197168 48
-1 -1 3  36.99990  37.00000 197216 48
-1 -1 3  36.99990  37.00000 197264 48
-1 -1 2  37.00280  38.00000 197312 32
-1 -1 2  37.00280  38.00000 197344 32
-1 -1 3  36.00000  36.50000 197376 48
-1 -1 2  36.50000  36.99940 197424 32
-1 -1 2  36.50000  36.99940 197456 32
-1 -1 4  36.00000  36.49990 197488 64
-1 -1 3  36.99990  36.99990 197552 48
-1 -1 3  36.99990  36.99990 197600 48
-1 -1 4  36.00000  36.49990 197648 64
-1 -1 3  36.99980  36.99990 197712 48
-1 -1 3  36.99980  36.99990 197760 48
-1 -1 3  36.99980  36.99980 197808 48
-1 -1 3  36.99980  36.99980 197856 48
-1 -1 3  36.99970  38.00000 197904 48
-1 -1 3  36.99970  38.00000 197952 48
-1 -1 3  36.00000  36.50060 198000 48
-1 -1 3  36.49970  36.99970 198048 48
-1 -1 2  36.00000  36.50060 198096 32
-1 -1 2  36.49970  36.99970 198128 32
-1 -1 3  36.50010  36.50040 198160 48
-1 -1 3  36.49970  36.49970 198208 48
-1 -1 4  37.96170  38.00000 198256 64
-1 -1 4  37.96170  38.00000 198320 64
-1 -1 30  36.00000  36.50010 198384 480
-1 -1 30  36.00000  36.49970 198864 480
-1 -1 158  36.00000  37.96170 199344 2528
-1 -1 159  36.00000  37.96170 201872 2544
-1 -1 8  36.49860  36.69060 204416 128
-1 -1 8  36.49860  36.69060 204544 128
-1 -1 62  36.98280  37.81220 204672 992
-1 -1 62  36.98280  37.81220 205664 992
-1 -1 21  37.80500  38.00000 206656 336
-1 -1 21  37.80500  38.00000 206992 336
-1 -1 2  36.50080  36.50140 207328 32
-1 -1 2  36.50080  36.50140 207360 32
-1 -1 11  36.63840  36.68490 207392 176
-1 -1 11  36.63840  36.68490 207568 176
-1 -1 8  37.96360  38.00000 207744 128
-1 -1 96  37.77750  38.00000 207872 1536
-1 -1 8  37.96360  38.00000 209408 128
-1 -1 96  37.77750  38.00000 209536 1536
-1 -1 9  36.59860  36.63840 211072 144
-1 -1 9  36.59870  36.63840 211216 144
-1 -1 33  37.53920  38.00000 211360 528
-1 -1 8  36.58250  36.60610 211888 128
-1 -1 8  36.58250  36.60610 212016 128
-1 -1 23  36.00000  36.17700 212144 368
-1 -1 8  36.00000  36.06310 212512 128
-1 -1 23  36.00000  36.17700 212640 368
-1 -1 9  36.00000  36.06310 213008 144
-1 -1 33  37.53920  38.00000 213152 528
-1 -1 40  36.60250  37.51520 213680 640
-1 -1 40  36.60250  37.51600 214320 640
-1 -1 99  37.20450  38.00000 214960 1584
-1 -1 10  36.54970  36.61810 216544 160
-1 -1 10  36.54970  36.61810 216704 160
-1 -1 97  37.20450  38.00000 216864 1552
-1 -1 18  36.17700  36.61050 218416 288
-1 -1 18  36.17700  36.61050 218704 288
-1 -1 4  37.51520  37.54860 218992 64
-1 -1 2  37.51600  37.53950 219056 32
-1 -1 3  36.54960  36.54970 219088 48
-1 -1 3  36.54960  36.54970 219136 48
-1 -1 3  36.54940  36.54960 219184 48
-1 -1 3  36.54940  36.54960 219232 48
-1 -1 10  37.89810  38.00000 219280 160
-1 -1 11  37.89810  38.00000 219440 176
-1 -1 4  37.95530  37.96220 219616 64
-1 -1 4  37.95530  37.96220 219680 64
-1 -1 2  36.54940  36.54940 219744 32
-1 -1 2  36.54940  36.54940 219776 32
-1 -1 10  37.91560  38.00000 219808 160
-1 -1 10  37.91560  38.00000 219968 160
-1 -1 4  34.99560  36.00000 220128 64
-1 -1 4  34.99610  36.00000 220192 64
-1 -1 28  35.34030  36.00000 220256 448
-1 -1 28  35.34030  36.00000 220704 448
-1 -1 38  34.00000  34.74140 221152 608
-1 -1 39  34.00000  34.74140 221760 624
-1 -1 25  34.81060  35.34110 222384 400
-1 -1 28  34.81060  35.34110 222784 448
-1 -1 4  34.73640  34.80810 223232 64
-1 -1 4  34.73640  34.80810 223296 64
-1 -1 3  34.00000  36.00000 223360 48
-1 -1 3  34.00000  36.00000 223408 48
-1 -1 3  34.00000  36.00000 223456 48
-1 -1 3  34.00000  36.00000 223504 48
-1 -1 3  34.58030  36.00000 223552 48
-1 -1 2  34.58080  36.00000 223600 32
-1 -1 80  34.00000  34.58030 223632 1280
-1 -1 80  34.00000  34.57970 224912 1280
-1 -1 2  34.57970  34.58080 226192 32
-1 -1 4  34.00000  36.00000 226224 64
-1 -1 4  34.00000  36.00000 226288 64
-1 -1 195  34.00000  35.56110 226352 3120
-1 -1 8  34.00000  34.01690 229472 128
-1 -1 196  34.00000  35.56110 229600 3136
-1 -1 8  34.00000  34.01690 232736 128
-1 -1 3  35.98560  36.00000 232864 48
-1 -1 3  35.98560  36.00000 232912 48
-1 -1 2  35.00170  35.00180 232960 32
-1 -1 2  35.00170  35.00180 232992 32
-1 -1 56  35.53690  36.00000 233024 896
-1 -1 53  35.53690  36.00000 233920 848
-1 -1 2  35.99400  36.00000 234768 32
-1 -1 10  34.00000  35.02360 234800 160
-1 -1 10  34.00000  35.02360 234960 160
-1 -1 2  35.99400  36.00000 235120 32
-1 -1 3  35.00180  35.00250 235152 48
-1 -1 3  35.00180  35.00250 235200 48
-1 -1 3  35.00220  35.02130 235248 48
-1 -1 3  35.00220  35.02130 235296 48
-1 -1 2  34.99940  34.99960 235344 32
-1 -1 2  34.99940  34.99960 235376 32
-1 -1 23  34.98610  35.43500 235408 368
-1 -1 23  34.98610  35.43500 235776 368
-1 -1 2  34.00000  34.99920 236144 32
-1 -1 2  34.00000  34.99920 236176 32
-1 -1 3  34.98610  34.99720 236208 48
-1 -1 3  34.98610  34.99720 236256 48
-1 -1 3  34.99960  35.00000 236304 48
-1 -1 3  34.99960  35.00000 236352 48
-1 -1 9  35.96110  36.00000 236400 144
-1 -1 58  35.43500  36.00000 236544 928
-1 -1 9  35.96110  36.00000 237472 144
-1 -1 58  35.43500  36.00000 237616 928
-1 -1 29  35.00030  35.22080 238544 464
-1 -1 31  35.00030  35.22080 239008 496
-1 -1 41  34.35610  35.00000 239504 656
-1 -1 40  34.35610  35.00000 240160 640
-1 -1 14  34.00000  34.35830 240800 224
-1 -1 14  34.00000  34.35830 241024 224
-1 -1 14  34.81250  35.19600 241248 224
-1 -1 14  34.81250  35.19580 241472 224
-1 -1 4  34.00000  34.81250 241696 64
-1 -1 4  34.00000  34.81250 241760 64
-1 -1 82  32.71810  34.00000 241824 1312
-1 -1 84  32.71810  34.00000 243136 1344
-1 -1 16  32.25390  32.50810 244480 256
-1 -1 7  32.00000  32.25170 244736 112
-1 -1 3  32.00000  34.00000 244848 48
-1 -1 3  32.00000  34.00000 244896 48
-1 -1 3  32.00000  32.00050 244944 48
-1 -1 3  32.00000  32.00050 244992 48
-1 -1 3  32.00020  32.00050 245040 48
-1 -1 3  32.00020  32.00050 245088 48
-1 -1 3  33.00110  34.00000 245136 48
-1 -1 3  33.00110  34.00000 245184 48
-1 -1 2  32.00000  32.00020 245232 32
-1 -1 2  32.00000  32.99940 245264 32
-1 -1 2  32.00000  32.99940 245296 32
-1 -1 2  32.00000  32.00020 245328 32
-1 -1 2  33.99970  34.00000 245360 32
-1 -1 2  33.99970  34.00000 245392 32
-1 -1 133  33.69830  33.99970 245424 2128
-1 -1 136  33.69830  33.99970 247552 2176
-1 -1 125  33.55330  33.96470 249728 2000
-1 -1 125  33.55330  33.96470 251728 2000
-1 -1 2  33.64750  34.00000 253728 32
-1 -1 2  32.00000  33.54970 253760 32
-1 -1 2  32.00000  33.54970 253792 32
-1 -1 2  33.64750  34.00000 253824 32
-1 -1 2  33.01170  33.01170 253856 32
-1 -1 2  33.01170  33.01170 253888 32
-1 -1 3  33.01170  33.01210 253920 48
-1 -1 3  33.01170  33.01210 253968 48
-1 -1 8  33.96330  34.00000 254016 128
-1 -1 245  32.00000  34.00000 254144 3920
-1 -1 8  33.96330  34.00000 258064 128
-1 -1 246  32.00000  34.00000 258192 3936
-1 -1 2  33.01210  33.01220 262128 32
-1 -1 2  33.01210  33.01220 262160 32
-1 -1 3  32.00000  34.00000 262192 48
-1 -1 3  32.00000  34.00000 262240 48
-1 -1 55  32.05360  34.00000 262288 880
-1 -1 55  32.05360  34.00000 263168 880
-1 -1 5  32.00000  32.05580 264048 80
-1 -1 5  32.00000  32.05580 264128 80
-1 -1 10  33.51210  33.65640 264208 160
-1 -1 10  33.51210  33.65640 264368 160
-1 -1 13  33.65890  34.00000 264528 208
-1 -1 13  33.65890  34.00000 264736 208
-1 -1 107  32.02890  33.51210 264944 1712
-1 -1 107  32.02890  33.51210 266656 1712
-1 -1 2  33.85860  34.00000 268368 32
-1 -1 2  33.85860  34.00000 268400 32
-1 -1 2  31.96500  32.00000 268432 32
-1 -1 2  31.33330  32.00000 268464 32
-1 -1 2  31.33330  32.00000 268496 32
-1 -1 7  30.00000  31.33360 268528 112
-1 -1 13  31.78300  32.00000 268640 208
-1 -1 13  31.78300  32.00000 268848 208
-1 -1 5  31.96430  32.00000 269056 80
-1 -1 5  31.96430  32.00000 269136 80
-1 -1 112  30.00000  31.96430 269216 1792
-1 -1 111  30.00000  31.96430 271008 1776
-1 -1 94  30.99970  32.00000 272784 1504
-1 -1 94  30.99970  32.00000 274288 1504
-1 -1 46  30.18700  31.00080 275792 736
-1 -1 46  30.18700  31.00080 276528 736
-1 -1 3  30.39030  32.00000 277264 48
-1 -1 3  30.39030  32.00000 277312 48
-1 -1 47  30.27530  30.99960 277360 752
-1 -1 47  30.27530  30.99960 278112 752
-1 -1 11  30.67360  30.92050 278864 176
-1 -1 11  30.67360  30.92050 279040 176
-1 -1 2  30.99960  30.99970 279216 32
-1 -1 2  30.99960  30.99970 279248 32
-1 -1 34  30.91780  31.62720 279280 544
-1 -1 35  30.91780  31.62720 279824 560
-1 -1 9  31.62890  32.00000 280384 144
-1 -1 11  31.62890  32.00000 280528 176
-1 -1 30  30.36190  30.78920 280704 480
-1 -1 32  30.36190  30.78920 281184 512
-1 -1 34  30.70530  30.82390 281696 544
-1 -1 34  30.70530  30.82390 282240 544
-1 -1 2  28.00030  28.00160 282784 32
-1 -1 3  28.00000  28.00250 282816 48
-1 -1 20  28.00000  30.00000 282864 320
-1 -1 2  28.00000  28.99390 283184 32
-1 -1 13  29.70690  30.00000 283216 208
-1 -1 13  29.70690  30.00000 283424 208
-1 -1 2  27.99950  28.00000 283632 32
-1 -1 20  26.81370  27.06140 283664 320
-1 -1 38  26.26310  28.00000 283984 608
-1 -1 12  26.00000  26.81370 284592 192
-1 -1 36  26.00000  26.83860 284784 576
-1 -1 48  26.35030  26.82010 285360 768
-1 -1 17  26.00000  26.74880 286128 272
-1 -1 3  26.66690  28.00000 286400 48
-1 -1 50  26.00000  27.79420 286448 800
-1 -1 3  27.63530  27.77140 287248 48
-1 -1 11  26.00000  26.05830 287296 176
-1 -1 69  26.00000  27.66750 287472 1104
-1 -1 57  24.20710  26.00000 288576 912
-1 -1 4  25.61170  26.00000 289488 64
-1 -1 8  24.00000  24.20710 289552 128
-1 -1 46  24.69670  26.00000 289680 736
-1 -1 14  24.00000  25.15560 290416 224
-1 -1 4  24.69640  25.07390 290640 64
-1 -1 107  24.00000  26.00000 290704 1712
-1 -1 55  24.00000  25.08020 292416 880
-1 -1 53  24.00000  26.00000 293296 848
-1 -1 5  25.99300  26.00000 294144 80
-1 -1 3  22.70700  22.76470 294224 48
-1 -1 3  22.56240  22.64600 294272 48
-1 -1 9  22.26610  22.35430 294320 144
-1 -1 56  22.46700  24.00000 294464 896
-1 -1 19  22.31810  23.53760 295360 304
-1 -1 40  22.00000  23.06860 295664 640
-1 -1 30  22.67680  23.41410 296304 480
-1 -1 78  22.00000  22.76350 296784 1248
-1 -1 3  22.64600  22.70700 298032 48
-1 -1 4  22.35430  22.56240 298080 64
-1 -1 21  23.53760  24.00000 298144 336
-1 -1 52  22.00000  22.46360 298480 832
-1 -1 21  23.41410  24.00000 299312 336
-1 -1 31  22.00000  22.67680 299648 496
-1 -1 6  22.79260  22.87130 300144 96
-1 -1 14  23.10540  23.41250 300240 224
-1 -1 6  22.00000  22.02280 300464 96
-1 -1 30  23.19440  24.00000 300560 480
-1 -1 7  22.01250  22.13420 301040 112
-1 -1 51  22.00000  22.79260 301152 816
-1 -1 8  22.87130  23.10540 301968 128
-1 -1 24  23.37250  24.00000 302096 384
-1 -1 39  22.35500  22.47140 302480 624
-1 -1 18  22.21390  22.35500 303104 288
-1 -1 22  21.39810  22.00000 303392 352
-1 -1 60  20.70000  21.25550 303744 960
-1 -1 8  20.63310  20.92320 304704 128
-1 -1 7  20.38860  20.56070 304832 112
-1 -1 98  21.05440  22.00000 304944 1568
-1 -1 6  20.32910  20.38470 306512 96
-1 -1 54  20.00000  20.40130 306608 864
-1 -1 10  21.25550  21.39810 307472 160
-1 -1 10  21.72560  22.00000 307632 160
-1 -1 30  20.92320  22.00000 307792 480
-1 -1 7  20.56070  20.63310 308272 112
-1 -1 47  20.00000  21.18670 308384 752
-1 -1 2  21.85470  22.00000 309136 32
-1 -1 6  21.86980  22.00000 309168 96
-1 -1 9  20.00000  20.20360 309264 144
-1 -1 67  20.00000  20.37220 309408 1072
-1 -1 4  20.38470  20.40310 310480 64
-1 -1 5  20.00000  20.08780 310544 80
-1 -1 46  21.50470  21.86140 310624 736
-1 -1 3  20.43050  20.48370 311360 48
-1 -1 62  21.40170  22.00000 311408 992
-1 -1 14  21.17420  21.41390 312400 224
-1 -1 141  20.00000  21.40060 312624 2256
-1 -1 25  20.00000  20.27080 314880 400
-1 -1 10  20.00000  20.04190 315280 160
-1 -1 40  21.15920  21.64390 315440 640
-1 -1 26  20.27190  21.14640 316080 416
-1 -1 18  21.11250  21.18170 316496 288
-1 -1 70  20.00000  20.80500 316784 1120
-1 -1 9  20.44310  20.86450 317904 144
-1 -1 2  20.00000  20.45530 318048 32
-1 -1 3  20.00000  20.51430 318080 48
-1 -1 4  20.51430  21.49530 318128 64
-1 -1 31  19.14920  19.51830 318192 496
-1 -1 85  18.95500  20.00000 318688 1360
-1 -1 27  18.96610  19.48030 320048 432
-1 -1 28  18.68690  18.97610 320480 448
-1 -1 12  18.00000  18.20390 320928 192
-1 -1 61  18.38970  20.00000 321120 976
-1 -1 15  19.90140  20.00000 322096 240
-1 -1 134  18.23920  18.85970 322336 2144
-1 -1 2  19.94250  20.00000 324480 32
-1 -1 10  18.20220  18.26140 324512 160
-1 -1 7  18.00000  18.02610 324672 112
-1 -1 48  18.00000  18.76500 324784 768
-1 -1 5  19.67170  20.00000 325552 80
-1 -1 10  19.61610  19.69560 325632 160
-1 -1 52  19.08940  19.71390 325792 832
-1 -1 27  19.77190  20.00000 326624 432
-1 -1 29  19.58690  20.00000 327056 464
-1 -1 71  18.66940  19.54080 327520 1136
-1 -1 48  18.37080  19.47700 328656 768
-1 -1 11  19.06140  19.14580 329424 176
-1 -1 96  18.00000  20.00000 329600 1536
-1 -1 25  18.00000  18.34060 331136 400
-1 -1 3  18.00000  18.03280 331536 48
-1 -1 33  18.13940  18.68110 331584 528
-1 -1 50  19.15440  19.62970 332112 800
-1 -1 15  18.00000  18.20750 332912 240
-1 -1 12  18.00000  18.16140 333152 192
-1 -1 15  18.05370  18.65530 333344 240
-1 -1 15  18.00000  18.10310 333584 240
-1 -1 5  18.00000  18.05370 333824 80
-1 -1 3  18.00000  20.00000 333904 48
-1 -1 2  19.65190  20.00000 333952 32
-1 -1 4  18.00000  18.23580 333984 64
-1 -1 4  18.40120  18.43580 334048 64
-1 -1 7  18.28860  18.33860 334112 112
-1 -1 26  18.05670  18.24140 334224 416
-1 -1 24  18.00000  18.07390 334640 384
-1 -1 10  18.00000  18.46970 335024 160
-1 -1 21  18.14860  18.40640 335184 336
-1 -1 23  18.00000  18.16940 335520 368
-1 -1 14  18.19500  18.40120 335888 224
-1 -1 6  18.00000  18.18550 336112 96
-1 -1 10  18.07420  18.26580 336208 160
-1 -1 2  18.29670  18.30000 336368 32
-1 -1 3  18.00000  18.22110 336400 48
-1 -1 3  19.89250  19.96550 336448 48
-1 -1 5  19.90110  19.96330 336496 80
-1 -1 3  17.92170  18.00000 336576 48
-1 -1 65  16.31970  18.00000 336624 1040
-1 -1 6  17.89280  18.00000 337664 96
-1 -1 7  17.97780  18.00000 337760 112
-1 -1 11  17.92500  18.00000 337872 176
-1 -1 13  17.83640  18.00000 338048 208
-1 -1 62  17.15840  18.00000 338256 992
-1 -1 21  16.04280  16.82600 339248 336
-1 -1 80  17.36170  17.99140 339584 1280
-1 -1 6  17.15000  17.37860 340864 96
-1 -1 6  16.82600  17.15000 340960 96
-1 -1 2  16.00000  16.07500 341056 32
-1 -1 19  16.00000  16.04030 341088 304
-1 -1 4  16.00000  16.00470 341392 64
-1 -1 3  16.00000  16.00560 341456 48
-1 -1 17  16.00000  16.07530 341504 272
-1 -1 58  17.25690  17.91170 341776 928
-1 -1 5  16.00000  16.08550 342704 80
-1 -1 5  16.00000  16.01470 342784 80
-1 -1 4  17.81970  18.00000 342864 64
-1 -1 5  17.95080  18.00000 342928 80
-1 -1 3  16.00000  16.00110 343008 48
-1 -1 4  16.00000  16.01560 343056 64
-1 -1 58  16.41440  17.10550 343120 928
-1 -1 32  17.10440  17.50190 344048 512
-1 -1 17  17.46530  17.96250 344560 272
-1 -1 2  17.81950  18.00000 344832 32
-1 -1 21  16.52390  16.70000 344864 336
-1 -1 2  17.96080  18.00000 345200 32
-1 -1 6  17.98610  18.00000 345232 96
-1 -1 9  17.92970  18.00000 345328 144
-1 -1 11  17.85080  18.00000 345472 176
-1 -1 2  17.98250  18.00000 345648 32
-1 -1 7  17.87890  18.00000 345680 112
-1 -1 2  17.85830  18.00000 345792 32
-1 -1 15  14.53140  14.71310 345824 240
-1 -1 12  14.48640  14.53890 346064 192
-1 -1 6  15.27500  15.43800 346256 96
-1 -1 134  14.80670  16.00000 346352 2144
-1 -1 141  14.25580  16.00000 348496 2256
-1 -1 3  15.99610  16.00000 350752 48
-1 -1 4  15.99830  16.00000 350800 64
-1 -1 82  14.00000  14.51890 350864 1312
-1 -1 6  14.00000  14.02170 352176 96
-1 -1 58  14.12450  14.74060 352272 928
-1 -1 4  15.99670  16.00000 353200 64
-1 -1 4  15.99670  16.00000 353264 64
-1 -1 62  14.04390  14.49030 353328 992
-1 -1 39  14.71310  15.21110 354320 624
-1 -1 35  14.51030  14.74030 354944 560
-1 -1 20  15.20530  15.29750 355504 320
-1 -1 30  14.73970  15.26500 355824 480
-1 -1 31  14.40360  14.77720 356304 496
-1 -1 28  14.51470  14.89030 356800 448
-1 -1 14  15.20970  15.36470 357248 224
-1 -1 2  14.43330  14.43450 357472 32
-1 -1 17  14.53080  14.82580 357504 272
-1 -1 7  14.67420  14.79070 357776 112
-1 -1 12  14.81810  14.91060 357888 192
-1 -1 37  15.07360  15.30390 358080 592
-1 -1 79  14.21860  14.94360 358672 1264
-1 -1 21  14.00000  14.23870 359936 336
-1 -1 58  14.00000  14.77580 360272 928
-1 -1 2  15.99970  16.00000 361200 32
-1 -1 5  15.99280  16.00000 361232 80
-1 -1 58  15.84000  16.00000 361312 928
-1 -1 63  14.00000  14.40420 362240 1008
-1 -1 38  14.41920  15.16030 363248 608
-1 -1 34  14.92220  15.53690 363856 544
-1 -1 3  14.00000  14.04780 364400 48
-1 -1 34  15.18000  15.86080 364448 544
-1 -1 6  15.15670  15.28780 364992 96
-1 -1 4  14.00000  14.04140 365088 64
-1 -1 23  14.50470  14.73000 365152 368
-1 -1 23  14.92030  15.29530 365520 368
-1 -1 5  14.00000  14.06700 365888 80
-1 -1 19  14.77860  14.95080 365968 304
-1 -1 4  14.62920  14.63530 366272 64
-1 -1 15  14.43310  14.57750 366336 240
-1 -1 8  14.79070  14.87720 366576 128
-1 -1 2  14.00000  14.03250 366704 32
-1 -1 3  14.00000  14.00140 366736 48
-1 -1 4  14.00000  14.01420 366784 64
-1 -1 239  14.00000  15.91780 366848 3824
-1 -1 44  14.00000  15.00940 370672 704
-1 -1 54  14.06420  14.41080 371376 864
-1 -1 49  15.43640  15.71530 372240 784
-1 -1 2  14.77580  14.78920 373024 32
-1 -1 50  14.76420  15.41190 373056 800
-1 -1 30  15.37500  15.77080 373856 480
-1 -1 21  14.18080  14.39060 374336 336
-1 -1 12  14.41170  14.63000 374672 192
-1 -1 17  14.81470  15.01610 374864 272
-1 -1 16  14.00000  14.59890 375136 256
-1 -1 7  15.07640  15.62800 375392 112
-1 -1 6  14.04420  14.18750 375504 96
-1 -1 3  14.74170  15.99110 375600 48
-1 -1 2  13.93110  14.00000 375648 32
-1 -1 7  13.97450  14.00000 375680 112
-1 -1 10  13.80080  14.00000 375792 160
-1 -1 2  13.98750  14.00000 375952 32
-1 -1 5  13.97000  14.00000 375984 80
-1 -1 14  13.94030  14.00000 376064 224
-1 -1 50  13.16670  13.69530 376288 800
-1 -1 46  13.41220  14.00000 377088 736
-1 -1 41  13.25220  13.86420 377824 656
-1 -1 21  13.16670  13.55720 378480 336
-1 -1 41  13.51450  13.90830 378816 656
-1 -1 38  13.53890  13.90500 379472 608
-1 -1 23  13.66420  14.00000 380080 368
-1 -1 29  13.25800  13.66250 380448 464
-1 -1 29  13.64190  13.94310 380912 464
-1 -1 22  13.70610  14.00000 381376 352
-1 -1 25  13.74390  13.81390 381728 400
-1 -1 16  13.77580  14.00000 382128 256
-1 -1 12  13.48920  13.63780 382384 192
-1 -1 2  13.99330  14.00000 382576 32
-1 -1 3  13.99920  14.00000 382608 48
-1 -1 5  13.81470  14.00000 382656 80
-1 -1 64  13.49970  14.00000 382736 1024
-1 -1 9  12.63860  12.98520 383760 144
-1 -1 17  12.47500  12.63750 383904 272
-1 -1 23  12.96750  13.50970 384176 368
-1 -1 30  12.45830  13.20670 384544 480
-1 -1 9  12.00000  12.18060 385024 144
-1 -1 12  13.55720  13.89580 385168 192
-1 -1 31  13.37390  13.75580 385360 496
-1 -1 35  13.45220  13.62610 385856 560
-1 -1 14  13.20610  13.44550 386416 224
-1 -1 3  12.14270  12.15280 386640 48
-1 -1 2  12.00000  12.01330 386688 32
-1 -1 15  12.90170  13.08310 386720 240
-1 -1 19  13.67560  13.85360 386960 304
-1 -1 15  12.00080  12.30640 387264 240
-1 -1 27  12.98520  14.00000 387504 432
-1 -1 77  12.00000  12.79550 387936 1232
-1 -1 39  13.46110  13.82810 389168 624
-1 -1 31  12.04970  12.37700 389792 496
-1 -1 2  12.18060  12.31330 390288 32
-1 -1 32  12.77860  13.34060 390320 512
-1 -1 6  12.01330  12.14270 390832 96
-1 -1 14  12.11800  12.54970 390928 224
-1 -1 11  11.76390  12.00000 391152 176
-1 -1 11  11.51890  12.00000 391328 176
-1 -1 8  11.60170  11.68030 391504 128
-1 -1 5  11.85640  11.94920 391632 80
-1 -1 10  10.00000  10.16030 391712 160
-1 -1 73  10.00000  10.33250 391872 1168
-1 -1 4  11.86610  12.00000 393040 64
-1 -1 35  11.08580  11.86830 393104 560
-1 -1 47  10.31280  11.06440 393664 752
-1 -1 4  10.00000  10.78390 394416 64
-1 -1 14  11.66080  11.72280 394480 224
-1 -1 4  11.04000  11.10140 394704 64
-1 -1 7  10.16030  10.19920 394768 112
-1 -1 46  10.00000  10.77000 394880 736
-1 -1 2  10.00000  10.13890 395616 32
-1 -1 24  10.94280  11.11690 395648 384
-1 -1 50  10.00000  11.12530 396032 800
-1 -1 9  10.00000  10.23230 396832 144
-1 -1 21  10.00000  10.15080 396976 336
-1 -1 26  10.25940  10.80890 397312 416
-1 -1 52  10.00000  11.62420 397728 832
-1 -1 54  10.23230  11.27000 398560 864
-1 -1 43  10.40780  10.91800 399424 688
-1 -1 9  11.62420  11.85610 400112 144
-1 -1 20  10.51830  10.67040 400256 320
-1 -1 11  10.00000  10.30920 400576 176
-1 -1 36  10.44080  10.98920 400752 576
-1 -1 25  10.30830  10.52610 401328 400
-1 -1 7  10.00000  10.03780 401728 112
-1 -1 16  10.01030  10.32250 401840 256
-1 -1 5  10.00000  10.00970 402096 80
-1 -1 106  10.00000  10.76690 402176 1696
-1 -1 7  10.00000  10.01280 403872 112
-1 -1 17  10.00000  10.13110 403984 272
-1 -1 41  10.00000  10.76080 404256 656
-1 -1 9  10.58970  10.73250 404912 144
-1 -1 3  10.00000  10.00280 405056 48
-1 -1 31  10.00000  10.46330 405104 496
-1 -1 7  10.00000  10.02030 405600 112
-1 -1 7  10.00000  10.01720 405712 112
-1 -1 52  10.00000  10.53500 405824 832
-1 -1 54  10.39250  10.62470 406656 864
-1 -1 10  10.00000  10.14000 407520 160
-1 -1 8  10.00000  10.06470 407680 128
-1 -1 31  10.06920  10.25170 407808 496
-1 -1 3  10.06110  10.07970 408304 48
-1 -1 91  10.03390  10.32060 408352 1456
-1 -1 5  10.08250  10.11580 409808 80
-1 -1 93   9.42974  10.00000 409888 1488
-1 -1 18   9.75473   9.92956 411376 288
-1 -1 17   9.82388  10.00000 411664 272
-1 -1 34   9.73056  10.00000 411936 544
-1 -1 4   9.95694  10.00000 412480 64
-1 -1 56   9.06557   9.42974 412544 896
-1 -1 35   9.46835   9.77084 413440 560
-1 -1 9   9.92956  10.00000 414000 144
-1 -1 51   9.06499  10.00000 414144 816
-1 -1 40   8.62055   8.91057 414960 640
-1 -1 122   8.09027   9.03279 415600 1952
-1 -1 9   8.94084   8.98500 417552 144
-1 -1 34   8.52888   8.65196 417696 544
-1 -1 72   8.00000   8.78389 418240 1152
-1 -1 18   8.00000   8.13501 419392 288
-1 -1 22   8.62055   8.87611 419680 352
-1 -1 52   8.34693   9.08693 420032 832
-1 -1 89   9.08724   9.54168 420864 1424
-1 -1 82   8.96361   9.48473 422288 1312
-1 -1 8   8.00000   8.13361 423600 128
-1 -1 36   8.00000   8.90611 423728 576
-1 -1 36   8.54972   9.07527 424304 576
-1 -1 90   8.00000   9.42028 424880 1440
-1 -1 93   8.99434  10.00000 426320 1488
-1 -1 6   9.36815   9.40838 427808 96
-1 -1 12   9.44176   9.58416 427904 192
-1 -1 3   9.97433  10.00000 428096 48
-1 -1 89   8.19165  10.00000 428144 1424
-1 -1 14   8.00000   8.19443 429568 224
-1 -1 104   8.00000  10.00000 429792 1664
-1 -1 17   8.00000   8.15082 431456 272
-1 -1 52   8.00000   9.17278 431728 832
-1 -1 45   8.14890   8.99434 432560 720
-1 -1 16   8.97612   9.36815 433280 256
-1 -1 6   9.40838   9.44176 433536 96
-1 -1 30   9.56445   9.97433 433632 480
-1 -1 37   8.38721   8.54472 434112 592
-1 -1 45   9.43029   9.84973 434704 720
-1 -1 35   8.84425   9.42971 435424 560
-1 -1 44   8.00000   8.61140 435984 704
-1 -1 61   8.00000   8.95418 436688 976
-1 -1 24   8.52616   8.96556 437664 384
-1 -1 36   9.59750  10.00000 438048 576
-1 -1 51   8.95473   9.35445 438624 816
-1 -1 18   9.83416  10.00000 439440 288
-1 -1 8   9.89334  10.00000 439728 128
-1 -1 19   8.92500   9.17333 439856 304
-1 -1 7   9.09776   9.20888 440160 112
-1 -1 7   9.13222   9.29195 440272 112
-1 -1 17   8.00000   8.07501 440384 272
-1 -1 7   8.00000   8.04938 440656 112
-1 -1 7   9.85724  10.00000 440768 112
-1 -1 19   9.87332  10.00000 440880 304
-1 -1 82   9.39501   9.84695 441184 1312
-1 -1 72   8.11167   8.84425 442496 1152
-1 -1 64   8.93028  10.00000 443648 1024
-1 -1 17   9.89334  10.00000 444672 272
-1 -1 13   9.85223  10.00000 444944 208
-1 -1 5   9.83929   9.86447 445152 80
-1 -1 61   8.48789   9.36916 445232 976
-1 -1 6   8.70527   8.79326 446208 96
-1 -1 4   8.67167   8.69822 446304 64
-1 -1 5   8.57646   8.64634 446368 80
-1 -1 4   8.53278   8.54905 446448 64
-1 -1 2   9.98999  10.00000 446512 32
-1 -1 12   9.53777   9.69946 446544 192
-1 -1 12   8.00000   8.05444 446736 192
-1 -1 103   9.23055  10.00000 446928 1648
-1 -1 5   9.86447   9.89111 448576 80
-1 -1 8   9.81860   9.83929 448656 128
-1 -1 19   9.93744  10.00000 448784 304
-1 -1 14   9.96500  10.00000 449088 224
-1 -1 4   9.99750  10.00000 449312 64
-1 -1 58   8.00000   8.48789 449376 928
-1 -1 85   8.79326   9.95557 450304 1360
-1 -1 3   8.69822   8.70527 451664 48
-1 -1 5   8.64634   8.67167 451712 80
-1 -1 4   8.54905   8.57646 451792 64
-1 -1 5   8.00000   8.00723 451856 80
-1 -1 11   8.00000   8.07556 451936 176
-1 -1 112   8.00000   9.95279 452112 1792
-1 -1 19   9.92749  10.00000 453904 304
-1 -1 7   9.93140  10.00000 454208 112
-1 -1 75   8.00000   8.87858 454320 1200
-1 -1 65   8.87471   9.99805 455520 1040
-1 -1 92   8.38083   9.93869 456560 1472
-1 -1 3   8.30292   8.44916 458032 48
-1 -1 3   8.87858   8.89802 458080 48
-1 -1 9   8.00000   8.30292 458128 144
-1 -1 3   7.97833   8.00000 458272 48
-1 -1 54   7.23110   8.00000 458320 864
-1 -1 37   7.51943   8.00000 459184 592
-1 -1 199   6.00000   8.00000 459776 3184
-1 -1 25   7.48360   8.00000 462960 400
-1 -1 43   6.00000   6.93349 463360 688
-1 -1 30   7.23806   8.00000 464048 480
-1 -1 18   6.00000   6.27167 464528 288
-1 -1 54   7.00417   8.00000 464816 864
-1 -1 48   7.02043   8.00000 465680 768
-1 -1 45   6.93349   8.00000 466448 720
-1 -1 31   7.69528   8.00000 467168 496
-1 -1 48   6.00000   7.06056 467664 768
-1 -1 14   6.00000   6.13999 468432 224
-1 -1 20   6.08276   6.34110 468656 320
-1 -1 16   7.36306   7.45110 468976 256
-1 -1 79   7.01723   7.70388 469232 1264
-1 -1 4   7.20470   7.22832 470496 64
-1 -1 19   6.34055   6.83973 470560 304
-1 -1 123   6.82744   7.10750 470864 1968
-1 -1 88   7.28389   7.75271 472832 1408
-1 -1 154   6.14749   6.29944 474240 2464
-1 -1 70   7.36419   8.00000 476704 1120
-1 -1 18   7.68389   8.00000 477824 288
-1 -1 8   6.83973   7.01054 478112 128
-1 -1 50   6.08276   6.82744 478240 800
-1 -1 13   6.00000   6.11862 479040 208
-1 -1 22   7.75082   8.00000 479248 352
-1 -1 43   7.90167   8.00000 479600 688
-1 -1 10   6.03528   6.14835 480288 160
-1 -1 113   6.19306   7.68814 480448 1808
-1 -1 16   6.00000   6.19165 482256 256
-1 -1 85   7.65444   8.00000 482512 1360
-1 -1 11   7.95557   8.00000 483872 176
-1 -1 60   7.66723   8.00000 484048 960
-1 -1 5   7.98862   8.00000 485008 80
-1 -1 5   7.95425   8.00000 485088 80
-1 -1 17   6.00000   6.14749 485168 272
-1 -1 10   7.87860   8.00000 485440 160
-1 -1 5   7.95221   8.00000 485600 80
-1 -1 18   7.06639   7.15749 485680 288
-1 -1 33   7.74804   8.00000 485968 528
-1 -1 9   6.00000   6.26584 486496 144
-1 -1 54   6.94862   7.68057 486640 864
-1 -1 88   6.26749   7.04778 487504 1408
-1 -1 34   6.00000   6.52610 488912 544
-1 -1 54   6.76139   7.13027 489456 864
-1 -1 10   6.52833   6.81221 490320 160
-1 -1 14   6.00000   6.23111 490480 224
-1 -1 28   6.00000   6.54472 490704 448
-1 -1 16   5.50222   6.00000 491152 256
-1 -1 24   4.00000   4.25861 491408 384
-1 -1 49   4.00000   4.98418 491792 784
-1 -1 22   4.98222   5.50167 492576 352
-1 -1 9   4.00000   4.10767 492928 144
-1 -1 150   4.00000   6.00000 493072 2400
-1 -1 49   5.36138   5.82583 495472 784
-1 -1 46   4.00000   4.87630 496256 736
-1 -1 18   5.78143   6.00000 496992 288
-1 -1 98   4.81444   5.72750 497280 1568
-1 -1 50   4.00000   4.82444 498848 800
-1 -1 3   4.63584   4.65834 499648 48
-1 -1 17   4.01529   4.55882 499696 272
-1 -1 58   4.08112   5.31167 499968 928
-1 -1 47   5.46389   5.77639 500896 752
-1 -1 7   5.42055   5.50030 501648 112
-1 -1 13   4.67527   4.72834 501760 208
-1 -1 47   4.10501   4.71278 501968 752
-1 -1 150   4.29139   5.56500 502720 2400
-1 -1 32   5.76611   6.00000 505120 512
-1 -1 21   5.69277   6.00000 505632 336
-1 -1 7   4.65834   4.80247 505968 112
-1 -1 5   4.55882   4.63584 506080 80
-1 -1 63   4.40739   5.76031 506160 1008
-1 -1 2   4.00000   4.89888 507168 32
-1 -1 11   5.76031   6.00000 507200 176
-1 -1 6   4.00000   4.01444 507376 96
-1 -1 4   4.00000   4.00223 507472 64
-1 -1 53   5.61862   6.00000 507536 848
-1 -1 5   4.00000   4.04694 508384 80
-1 -1 95   4.00000   6.00000 508464 1520
-1 -1 7   5.79394   6.00000 509984 112
-1 -1 35   4.00000   4.18473 510096 560
-1 -1 79   4.14640   5.20583 510656 1264
-1 -1 53   4.00000   6.00000 511920 848
-1 -1 40   5.00221   6.00000 512768 640
-1 -1 6   5.94028   5.98056 513408 96
-1 -1 2   5.00029   5.00221 513504 32
-1 -1 78   4.00000   5.71194 513536 1248
-1 -1 13   4.00000   4.28916 514784 208
-1 -1 35   5.83722   6.00000 514992 560
-1 -1 5   5.93472   6.00000 515552 80
-1 -1 5   5.64129   5.94028 515632 80
-1 -1 90   4.00000   5.96472 515712 1440
-1 -1 45   4.25916   5.35723 517152 720
-1 -1 54   4.88750   5.88501 517872 864
-1 -1 20   5.35778   5.73779 518736 320
-1 -1 11   5.63973   5.78360 519056 176
-1 -1 17   5.32723   5.92807 519232 272
-1 -1 52   4.00000   5.57137 519504 832
-1 -1 28   2.00000   2.48792 520336 448
-1 -1 76   2.97896   3.32082 520784 1216
-1 -1 4   3.99500   4.00000 522000 64
-1 -1 7   3.21251   3.48931 522064 112
-1 -1 30   2.00000   2.60999 522176 480
-1 -1 2   2.99574   2.99693 522656 32
-1 -1 31   3.69305   4.00000 522688 496
-1 -1 34   2.43696   2.97896 523184 544
-1 -1 20   3.48931   4.00000 523728 320
-1 -1 61   2.00000   3.72860 524048 976
-1 -1 11   3.73751   4.00000 525024 176
-1 -1 75   2.99443   3.83749 525200 1200
-1 -1 38   2.00000   2.69221 526400 608
-1 -1 167   2.00000   2.80778 527008 2672
-1 -1 102   2.67668   3.52721 529680 1632
-1 -1 61   2.67668   4.00000 531312 976
-1 -1 50   2.00000   2.68415 532288 800
-1 -1 138   3.49944   4.00000 533088 2208
-1 -1 18   3.91415   4.00000 535296 288
-1 -1 12   3.93494   4.00000 535584 192
-1 -1 6   2.00000   2.01999 535776 96
-1 -1 11   3.91196   4.00000 535872 176
-1 -1 22   2.00000   2.14389 536048 352
-1 -1 8   3.88278   4.00000 536400 128
-1 -1 65   3.56027   4.00000 536528 1040
-1 -1 3   3.99945   4.00000 537568 48
-1 -1 127   2.53346   4.00000 537616 2032
-1 -1 15   3.27056   3.37584 539648 240
-1 -1 12   3.63915   4.00000 539888 192
-1 -1 28   2.00000   2.45667 540080 448
-1 -1 2   2.52250   2.53346 540528 32
-1 -1 50   3.28695   4.00000 540560 800
-1 -1 43   2.31638   4.00000 541360 688
-1 -1 5   0.35721   0.38971 542048 80
-1 -1 47   0.14472   0.25833 542128 752
-1 -1 60   0.07721   0.89668 542880 960
-1 -1 43   0.46006   1.20223 543840 688
-1 -1 7   0.00000   0.07807 544528 112
-1 -1 2   0.19333   0.19361 544640 32
-1 -1 10   0.00000   0.19251 544672 160
-1 -1 84   0.36582   1.43334 544832 1344
-1 -1 3   1.07048   1.07417 546176 48
-1 -1 23   1.53140   2.00000 546224 368
-1 -1 25   1.06749   1.56152 546592 400
-1 -1 34   1.31307   2.00000 546992 544
-1 -1 19   0.38694   0.66917 547536 304
-1 -1 10   0.10251   0.55860 547840 160
-1 -1 6   0.10333   0.19333 548000 96
-1 -1 4   1.05235   1.07048 548096 64
-1 -1 100   0.00000   1.07695 548160 1600
-1 -1 20   1.56152   2.00000 549760 320
-1 -1 4   1.95538   2.00000 550080 64
-1 -1 62   0.76347   1.68362 550144 992
-1 -1 2   1.73834   2.00000 551136 32
-1 -1 20   1.67944   1.95538 551168 320
-1 -1 132   0.00000   0.76347 551488 2112
-1 -1 30   1.74096   1.91638 553600 480
-1 -1 10   0.00000   0.32029 554080 160
-1 -1 4   1.91446   2.00000 554240 64
-1 -1 11   1.75949   2.00000 554304 176
-1 -1 65   1.70471   2.00000 554480 1040
-1 -1 27   1.17333   2.00000 555520 432
-1 -1 14   1.74249   2.00000 555952 224
-1 -1 28   0.00000   1.76474 556176 448
-1 -1 5   0.00000   0.05985 556624 80
-1 -1 10   0.05985   0.23056 556704 160
-1 -1 3   0.00000   1.31972 556864 48
-1 -1 65   1.50332   2.00000 556912 1040
-1 -1 116   0.00000   1.52389 557952 1856
-1 -1 33   0.00000   0.72862 559808 528
-1 -1 35  -1.75113  -1.15029 560336 560
-1 -1 13  -2.00000  -1.41082 560896 208
-1 -1 72  -2.00000  -0.09052 561104 1152
-1 -1 10  -1.21575  -1.01805 562256 160
-1 -1 43  -1.66946  -1.30056 562416 688
-1 -1 17  -1.16112  -0.85750 563104 272
-1 -1 46  -2.00000  -0.91640 563376 736
-1 -1 41  -1.29915  -0.66749 564112 656
-1 -1 33  -0.91554  -0.00000 564768 528
-1 -1 17  -2.00000  -1.57473 565296 272
-1 -1 10  -1.42000  -1.16390 565568 160
-1 -1 4  -0.91862  -0.90861 565728 64
-1 -1 5  -0.09052  -0.00000 565792 80
-1 -1 68  -1.32796  -0.93193 565872 1088
-1 -1 17  -2.00000  -1.64916 566960 272
-1 -1 34  -0.19751  -0.00000 567232 544
-1 -1 7  -0.56110  -0.16474 567776 112
-1 -1 39  -1.55334  -1.32796 567888 624
-1 -1 90  -0.47056  -0.02411 568512 1440
-1 -1 71  -0.87971  -0.00000 569952 1136
-1 -1 4  -0.02411  -0.00000 571088 64
-1 -1 53  -1.09749  -0.81444 571152 848
-1 -1 53  -1.18010  -0.00000 572000 848
-1 -1 138  -1.42278  -0.00000 572848 2208
-1 -1 49  -1.69390  -0.00000 575056 784
-1 -1 61  -2.00000  -1.64166 575840 976
-1 -1 81  -1.22026  -0.00000 576816 1296
-1 -1 12  -1.16744  -1.13527 578112 192
-1 -1 38  -1.14083  -0.00000 578304 608
-1 -1 61  -2.00000  -1.21083 578912 976
-1 -1 3  -3.88000  -3.83651 579888 48
-1 -1 17  -2.14307  -2.00000 579936 272
-1 -1 57  -4.00000  -3.05806 580208 912
-1 -1 57  -2.80943  -2.19223 581120 912
-1 -1 7  -2.06387  -2.00000 582032 112
-1 -1 34  -3.84527  -3.32750 582144 544
-1 -1 42  -3.78918  -3.32027 582688 672
-1 -1 30  -3.31890  -2.62556 583360 480
-1 -1 7  -2.32749  -2.00000 583840 112
-1 -1 11  -3.08360  -2.51945 583952 176
-1 -1 2  -2.19556  -2.14334 584128 32
-1 -1 26  -4.00000  -2.97166 584160 416
-1 -1 43  -2.58082  -2.00000 584576 688
-1 -1 47  -2.59001  -2.00000 585264 752
-1 -1 27  -4.00000  -2.16001 586016 432
-1 -1 175  -4.00000  -2.00000 586448 2800
-1 -1 61  -4.00000  -3.23156 589248 976
-1 -1 20  -4.00000  -3.02443 590224 320
-1 -1 34  -3.23156  -2.76722 590544 544
-1 -1 16  -4.00000  -3.57833 591088 256
-1 -1 18  -3.52639  -3.29610 591344 288
-1 -1 4  -6.00000  -5.44250 591632 64
-1 -1 15  -4.21250  -4.05362 591696 240
-1 -1 49  -6.00000  -4.58610 591936 784
-1 -1 27  -4.76139  -4.00000 592720 432
-1 -1 47  -5.98862  -5.52358 593152 752
-1 -1 3  -6.00000  -5.98944 593904 48
-1 -1 5  -6.00000  -5.97943 593952 80
-1 -1 5  -6.00000  -5.97696 594032 80
-1 -1 33  -5.53054  -4.82777 594112 528
-1 -1 66  -6.00000  -4.00000 594640 1056
-1 -1 29  -6.00000  -5.36196 595696 464
-1 -1 11  -6.00000  -5.90027 596160 176
-1 -1 4  -4.33973  -4.32883 596336 64
-1 -1 5  -4.32883  -4.22110 596400 80
-1 -1 4  -6.00000  -4.00000 596480 64
-1 -1 49  -6.00000  -5.35723 596544 784
-1 -1 2  -5.35332  -4.74812 597328 32
-1 -1 26  -5.35860  -5.16500 597360 416
-1 -1 58  -4.74812  -4.00000 597776 928
-1 -1 39  -6.00000  -5.23445 598704 624
-1 -1 108  -6.00000  -4.00000 599328 1728
-1 -1 58  -6.00000  -4.00000 601056 928
-1 -1 31  -5.38167  -4.32639 601984 496
-1 -1 6  -4.17694  -4.00000 602480 96
-1 -1 3  -6.00000  -5.99640 602576 48
-1 -1 19  -6.00000  -5.57665 602624 304
-1 -1 19  -5.57665  -4.80833 602928 304
-1 -1 3  -6.37583  -6.00000 603232 48
-1 -1 41  -7.77194  -7.55917 603280 656
-1 -1 47  -7.00206  -6.00000 603936 752
-1 -1 4  -6.00446  -6.00000 604688 64
-1 -1 5  -6.01416  -6.00000 604752 80
-1 -1 73  -7.18029  -6.00000 604832 1168
-1 -1 50  -7.70806  -7.01140 606000 800
-1 -1 78  -8.00000  -6.00000 606800 1248
-1 -1 10  -6.06305  -6.00000 608048 160
-1 -1 20  -6.34195  -6.00000 608208 320
-1 -1 8  -6.98616  -6.76454 608528 128
-1 -1 20  -7.63244  -7.09874 608656 320
-1 -1 41  -7.67721  -7.00206 608976 656
-1 -1 9  -7.12221  -7.03111 609632 144
-1 -1 50  -6.87166  -6.13443 609776 800
-1 -1 6  -7.09874  -6.98616 610576 96
-1 -1 13  -8.00000  -7.63244 610672 208
-1 -1 4  -7.75448  -7.05028 610880 64
-1 -1 3  -8.00000  -7.75448 610944 48
-1 -1 3  -8.00000  -7.99973 610992 48
-1 -1 29  -8.00000  -7.33028 611040 464
-1 -1 25  -7.33028  -6.04837 611504 400
-1 -1 16  -8.00000  -7.39074 611904 256
-1 -1 2  -6.04837  -6.00000 612160 32
-1 -1 113  -8.00000  -6.00000 612192 1808
-1 -1 24  -8.00000  -7.89862 614000 384
-1 -1 70  -8.00000  -7.44417 614384 1120
-1 -1 73  -7.44610  -6.00000 615504 1168
-1 -1 130  -8.00000  -6.76112 616672 2080
-1 -1 94  -6.84694  -6.25779 618752 1504
-1 -1 17  -6.25971  -6.00000 620256 272
-1 -1 40  -7.39055  -6.00000 620528 640
-1 -1 38  -8.00000  -7.38103 621168 608
-1 -1 175  -7.85055  -6.00000 621776 2800
-1 -1 3  -6.00055  -6.00000 624576 48
-1 -1 44  -6.52528  -6.34278 624624 704
-1 -1 58  -7.85779  -7.34890 625328 928
-1 -1 48  -8.00000  -7.77139 626256 768
-1 -1 11  -8.00000  -7.95889 627024 176
-1 -1 79  -8.00000  -7.26888 627200 1264
-1 -1 181  -6.98418  -6.01862 628464 2896
-1 -1 64  -7.84250  -7.38000 631360 1024
-1 -1 32  -6.54166  -6.44556 632384 512
-1 -1 36  -8.96611  -8.21006 632896 576
-1 -1 29  -8.55583  -8.00000 633472 464
-1 -1 8  -8.71144  -8.53773 633936 128
-1 -1 49 -10.00000  -8.56306 634064 784
-1 -1 92  -8.98570  -8.01138 634848 1472
-1 -1 107 -10.00000  -8.61778 636320 1712
-1 -1 14  -8.53773  -8.00000 638032 224
-1 -1 12  -8.98332  -8.71144 638256 192
-1 -1 6  -9.00526  -8.98473 638448 96
-1 -1 21 -10.00000  -9.59832 638544 336
-1 -1 3 -10.00000  -9.94501 638880 48
-1 -1 3  -8.34980  -8.00000 638928 48
-1 -1 4  -9.35332  -8.34980 638976 64
-1 -1 24  -9.83667  -9.36895 639040 384
-1 -1 3  -9.91611  -9.35332 639424 48
-1 -1 7  -8.48838  -8.43903 639472 112
-1 -1 49  -9.51943  -8.66889 639584 784
-1 -1 21  -8.63105  -8.00000 640368 336
-1 -1 24  -8.43903  -8.00000 640704 384
-1 -1 10  -8.68315  -8.48838 641088 160
-1 -1 3  -8.82640  -8.82618 641248 48
-1 -1 13  -8.83110  -8.63105 641296 208
-1 -1 24 -10.00000  -8.83195 641504 384
-1 -1 46  -8.82618  -8.00000 641888 736
-1 -1 81  -9.50088  -8.00000 642624 1296
-1 -1 3  -9.63845  -9.50088 643920 48
-1 -1 4  -9.75232  -9.63845 643968 64
-1 -1 2  -9.84417  -9.75232 644032 32
-1 -1 22 -10.00000  -9.25795 644064 352
-1 -1 55  -9.25795  -8.00000 644416 880
-1 -1 94 -10.00000  -8.00000 645296 1504
-1 -1 12  -8.04501  -8.00000 646800 192
-1 -1 118 -10.00000  -8.00000 646992 1888
-1 -1 140 -10.00000  -9.20446 648880 2240
-1 -1 137  -9.48779  -8.70723 651120 2192
-1 -1 45  -8.71196  -8.00000 653312 720
-1 -1 138  -9.52984  -8.53083 654032 2208
-1 -1 10  -9.32778  -9.16210 656240 160
-1 -1 8  -9.78326  -9.66479 656400 128
-1 -1 9  -9.63909  -9.52917 656528 144
-1 -1 44 -10.00000  -9.52984 656672 704
-1 -1 33  -8.28360  -8.00000 657376 528
-1 -1 4  -8.00500  -8.00000 657904 64
-1 -1 126  -9.38445  -8.85277 657968 2016
-1 -1 12 -10.00000  -9.78326 659984 192
-1 -1 5  -9.66479  -9.63909 660176 80
-1 -1 46  -8.92555  -8.82777 660256 736
-1 -1 42 -12.00000 -11.06000 660992 672
-1 -1 42 -11.06140 -10.44250 661664 672
-1 -1 75 -10.74860 -10.00000 662336 1200
-1 -1 32 -10.44580 -10.25720 663536 512
-1 -1 5 -12.00000 -11.98220 664048 80
-1 -1 4 -12.00000 -11.97110 664128 64
-1 -1 8 -12.00000 -11.98080 664192 128
-1 -1 57 -10.92970 -10.00000 664320 912
-1 -1 12 -10.90860 -10.85170 665232 192
-1 -1 24 -10.42920 -10.00000 665424 384
-1 -1 129 -11.43440 -10.73750 665808 2064
-1 -1 21 -12.00000 -11.26200 667872 336
-1 -1 27 -12.00000 -11.32330 668208 432
-1 -1 31 -10.99110 -10.00000 668640 496
-1 -1 6 -12.00000 -11.96210 669136 96
-1 -1 112 -12.00000 -10.79000 669232 1792
-1 -1 6 -12.00000 -11.90390 671024 96
-1 -1 40 -10.82300 -10.39390 671120 640
-1 -1 16 -11.85370 -11.49840 671760 256
-1 -1 47 -11.17070 -10.00000 672016 752
-1 -1 10 -12.00000 -11.85370 672768 160
-1 -1 18 -11.49840 -11.17070 672928 288
-1 -1 74 -11.75030 -10.00000 673216 1184
-1 -1 19 -12.00000 -11.75670 674400 304
-1 -1 80 -12.00000 -10.54380 674704 1280
-1 -1 20 -10.29390 -10.00000 675984 320
-1 -1 73 -10.89610 -10.32750 676304 1168
-1 -1 13 -10.31640 -10.00000 677472 208
-1 -1 7 -10.33300 -10.29390 677680 112
-1 -1 25 -10.45840 -10.00000 677792 400
-1 -1 7 -11.40020 -11.27110 678192 112
-1 -1 36 -11.19970 -10.71970 678304 576
-1 -1 34 -10.49700 -10.00000 678880 544
-1 -1 31 -11.57610 -11.40020 679424 496
-1 -1 6 -11.27110 -11.19970 679920 96
-1 -1 41 -10.78220 -10.00000 680016 656
-1 -1 4 -12.01720 -12.00000 680672 64
-1 -1 9 -13.32220 -13.07470 680736 144
-1 -1 3 -12.01720 -12.00000 680880 48
-1 -1 67 -12.68610 -12.00000 680928 1072
-1 -1 16 -12.04940 -12.00000 682000 256
-1 -1 29 -12.31920 -12.00000 682256 464
-1 -1 122 -14.00000 -12.14860 682720 1952
-1 -1 83 -14.00000 -12.98050 684672 1328
-1 -1 13 -12.98140 -12.68200 686000 208
-1 -1 129 -14.00000 -12.27670 686208 2064
-1 -1 8 -14.00000 -13.76420 688272 128
-1 -1 19 -12.37280 -12.00000 688400 304
-1 -1 12 -12.27670 -12.00000 688704 192
-1 -1 55 -13.77030 -13.20250 688896 880
-1 -1 34 -14.00000 -13.00560 689776 544
-1 -1 60 -13.13420 -12.36830 690320 960
-1 -1 3 -13.35220 -13.02670 691280 48
-1 -1 30 -12.50030 -12.00000 691328 480
-1 -1 159 -14.00000 -12.00000 691808 2544
-1 -1 4 -12.42940 -12.00000 694352 64
-1 -1 3 -14.00000 -13.74020 694416 48
-1 -1 2 -13.74020 -13.54560 694464 32
-1 -1 47 -13.68470 -12.69800 694496 752
-1 -1 19 -12.69800 -12.00000 695248 304
-1 -1 115 -14.00000 -12.00000 695552 1840
-1 -1 61 -14.00000 -12.00000 697392 976
-1 -1 66 -15.08780 -14.00000 698368 1056
-1 -1 49 -15.61470 -15.08780 699424 784
-1 -1 11 -14.14000 -14.00000 700208 176
-1 -1 12 -15.44220 -15.09190 700384 192
-1 -1 117 -14.81970 -14.00000 700576 1872
-1 -1 55 -15.57850 -14.73080 702448 880
-1 -1 33 -14.88720 -14.66610 703328 528
-1 -1 90 -16.00000 -14.00000 703856 1440
-1 -1 4 -16.00000 -15.97330 705296 64
-1 -1 4 -16.00000 -15.99420 705360 64
-1 -1 5 -16.00000 -15.99170 705424 80
-1 -1 77 -15.33470 -14.67260 705504 1232
-1 -1 43 -14.69560 -14.00000 706736 688
-1 -1 13 -16.00000 -15.82000 707424 208
-1 -1 6 -16.00000 -15.91970 707632 96
-1 -1 52 -15.91750 -14.65690 707728 832
-1 -1 16 -16.00000 -15.79290 708560 256
-1 -1 15 -16.00000 -15.86610 708816 240
-1 -1 38 -15.79290 -14.00000 709056 608
-1 -1 20 -16.00000 -15.85080 709664 320
-1 -1 107 -15.85080 -14.00000 709984 1712
-1 -1 24 -16.00000 -15.49030 711696 384
-1 -1 3 -14.86640 -14.83380 712080 48
-1 -1 10 -14.30810 -14.00000 712128 160
-1 -1 13 -15.25030 -15.03730 712288 208
-1 -1 102 -16.00000 -14.70610 712496 1632
-1 -1 23 -16.00000 -15.49060 714128 368
-1 -1 2 -15.21920 -15.20290 714496 32
-1 -1 20 -14.83380 -14.30810 714528 320
-1 -1 5 -15.03730 -14.94890 714848 80
-1 -1 132 -15.20290 -14.23610 714928 2112
-1 -1 85 -15.18390 -14.57470 717040 1360
-1 -1 13 -14.34200 -14.27380 718400 208
-1 -1 6 -14.57330 -14.34610 718608 96
-1 -1 80 -15.99480 -15.10890 718704 1280
-1 -1 5 -16.00000 -15.99280 719984 80
-1 -1 54 -17.32250 -16.00000 720064 864
-1 -1 5 -16.02780 -16.00000 720928 80
-1 -1 3 -16.00170 -16.00000 721008 48
-1 -1 80 -17.79830 -16.00000 721056 1280
-1 -1 8 -17.14510 -16.97580 722336 128
-1 -1 21 -18.00000 -17.64330 722464 336
-1 -1 17 -17.30060 -17.14510 722800 272
-1 -1 52 -17.99300 -17.39970 723072 832
-1 -1 15 -16.41580 -16.00000 723904 240
-1 -1 2 -18.00000 -17.98940 724144 32
-1 -1 73 -17.55000 -16.00000 724176 1168
-1 -1 13 -18.00000 -17.90610 725344 208
-1 -1 14 -16.41540 -16.00000 725552 224
-1 -1 117 -18.00000 -16.00000 725776 1872
-1 -1 2 -16.00500 -16.00000 727648 32
-1 -1 91 -18.00000 -16.00450 727680 1456
-1 -1 4 -16.04120 -16.00000 729136 64
-1 -1 10 -16.04140 -16.00000 729200 160
-1 -1 157 -18.00000 -16.00000 729360 2512
-1 -1 100 -17.97750 -16.36120 731872 1600
-1 -1 48 -18.00000 -17.87170 733472 768
-1 -1 22 -16.36120 -16.00000 734240 352
-1 -1 3 -18.03500 -18.00000 734592 48
-1 -1 2 -19.68600 -19.57530 734640 32
-1 -1 79 -19.84640 -18.00000 734672 1264
-1 -1 125 -19.21330 -18.00000 735936 2000
-1 -1 43 -18.66440 -18.00000 737936 688
-1 -1 66 -20.00000 -19.08610 738624 1056
-1 -1 79 -19.71390 -18.56860 739680 1264
-1 -1 34 -18.56530 -18.34310 740944 544
-1 -1 25 -20.00000 -19.02420 741488 400
-1 -1 5 -20.00000 -19.29920 741888 80
-1 -1 2 -19.33560 -19.30220 741968 32
-1 -1 11 -20.00000 -19.29700 742000 176
-1 -1 6 -20.00000 -19.33560 742176 96
-1 -1 34 -18.61810 -18.00000 742272 544
-1 -1 29 -18.97080 -18.61550 742816 464
-1 -1 33 -20.00000 -19.78000 743280 528
-1 -1 87 -20.00000 -18.59670 743808 1392
-1 -1 46 -19.45280 -18.97080 745200 736
-1 -1 29 -20.00000 -19.90390 745936 464
-1 -1 64 -18.44120 -18.30420 746400 1024
-1 -1 81 -18.64500 -18.30110 747424 1296
-1 -1 9 -20.00000 -19.96610 748720 144
-1 -1 12 -20.00000 -19.97470 748864 192
-1 -1 84 -18.48860 -18.00000 749056 1344
-1 -1 155 -20.00000 -18.00000 750400 2480
-1 -1 3 -18.12490 -18.00000 752880 48
-1 -1 2 -18.32610 -18.12490 752928 32
-1 -1 6 -21.42780 -21.42060 752960 96
-1 -1 50 -21.46330 -20.86200 753056 800
-1 -1 40 -21.53360 -20.00000 753856 640
-1 -1 115 -22.00000 -20.88750 754496 1840
-1 -1 5 -22.00000 -20.19910 756336 80
-1 -1 32 -20.47750 -20.00000 756416 512
-1 -1 5 -21.00360 -20.97850 756928 80
-1 -1 3 -20.19910 -20.00000 757008 48
-1 -1 28 -20.43130 -20.00000 757056 448
-1 -1 4 -20.55480 -20.47660 757504 64
-1 -1 45 -21.23500 -20.00000 757568 720
-1 -1 5 -20.47660 -20.43130 758288 80
-1 -1 99 -22.00000 -20.55480 758368 1584
-1 -1 13 -21.19440 -21.12030 759952 208
-1 -1 28 -22.00000 -21.50190 760160 448
-1 -1 57 -21.51140 -20.00000 760608 912
-1 -1 6 -20.07860 -20.00000 761520 96
-1 -1 80 -20.43860 -20.00000 761616 1280
-1 -1 140 -22.00000 -20.00000 762896 2240
-1 -1 7 -20.03860 -20.00000 765136 112
-1 -1 20 -20.11750 -20.00000 765248 320
-1 -1 77 -22.00000 -20.91640 765568 1232
-1 -1 27 -20.47560 -20.00000 766800 432
-1 -1 14 -20.93310 -20.77890 767232 224
-1 -1 105 -21.27440 -20.47220 767456 1680
-1 -1 19 -24.00000 -23.73390 769136 304
-1 -1 27 -24.00000 -23.36670 769440 432
-1 -1 3 -23.69280 -23.68620 769872 48
-1 -1 10 -23.89200 -23.73570 769920 160
-1 -1 4 -23.94830 -23.92070 770080 64
-1 -1 8 -23.68620 -23.52620 770144 128
-1 -1 5 -23.73570 -23.69280 770272 80
-1 -1 3 -23.92070 -23.89200 770352 48
-1 -1 10 -24.00000 -23.94830 770400 160
-1 -1 82 -24.00000 -22.09300 770560 1312
-1 -1 2 -22.09300 -22.00000 771872 32
-1 -1 2 -22.23920 -22.00000 771904 32
-1 -1 3 -24.00000 -22.47030 771936 48
-1 -1 28 -23.78610 -23.29880 771984 448
-1 -1 129 -23.36780 -23.06530 772432 2064
-1 -1 124 -24.00000 -22.00000 774496 1984
-1 -1 38 -23.28860 -23.00940 776480 608
-1 -1 73 -23.50470 -22.68000 777088 1168
-1 -1 16 -23.51420 -23.29300 778256 256
-1 -1 4 -23.82420 -23.80420 778512 64
-1 -1 24 -22.88030 -22.24810 778576 384
-1 -1 25 -22.89000 -22.68140 778960 400
-1 -1 15 -24.00000 -23.57360 779360 240
-1 -1 2 -24.00000 -23.99780 779600 32
-1 -1 17 -24.00000 -23.75830 779632 272
-1 -1 16 -23.80420 -23.51250 779904 256
-1 -1 20 -23.82200 -23.38030 780160 320
-1 -1 61 -23.57360 -22.00000 780480 976
-1 -1 40 -22.70860 -22.52300 781456 640
-1 -1 93 -22.96500 -22.54770 782096 1488
-1 -1 95 -24.00000 -22.90000 783584 1520
-1 -1 88 -22.89860 -22.00000 785104 1408
-1 -1 140 -22.86840 -22.14050 786512 2240
-1 -1 109 -23.35530 -22.40610 788752 1744
-1 -1 45 -22.14050 -22.00140 790496 720
-1 -1 15 -22.10080 -22.00000 791216 240
-1 -1 17 -26.00000 -25.79480 791456 272
-1 -1 2 -25.24960 -25.16390 791728 32
-1 -1 37 -25.81030 -25.26810 791760 592
-1 -1 15 -24.16440 -24.00000 792352 240
-1 -1 32 -26.00000 -25.24960 792592 512
-1 -1 3 -26.00000 -25.57140 793104 48
-1 -1 73 -24.61500 -24.00000 793152 1168
-1 -1 5 -25.66390 -25.62990 794320 80
-1 -1 11 -24.24120 -24.12030 794400 176
-1 -1 5 -25.65720 -24.00000 794576 80
-1 -1 5 -26.00000 -25.66140 794656 80
-1 -1 121 -25.73930 -24.24120 794736 1936
-1 -1 18 -26.00000 -25.73930 796672 288
-1 -1 81 -25.29420 -24.00000 796960 1296
-1 -1 22 -26.00000 -25.75890 798256 352
-1 -1 7 -24.49020 -24.37870 798608 112
-1 -1 52 -25.01500 -24.77060 798720 832
-1 -1 56 -25.65310 -25.00940 799552 896
-1 -1 39 -26.00000 -25.55860 800448 624
-1 -1 15 -26.00000 -25.86880 801072 240
-1 -1 33 -25.98390 -25.43580 801312 528
-1 -1 4 -25.69470 -25.65030 801840 64
-1 -1 4 -24.05310 -24.00000 801904 64
-1 -1 99 -26.00000 -24.00000 801968 1584
-1 -1 19 -24.37870 -24.00000 803552 304
-1 -1 17 -24.81550 -24.49020 803856 272
-1 -1 4 -25.82560 -25.69370 804128 64
-1 -1 32 -25.86880 -25.51110 804192 512
-1 -1 197 -25.31750 -24.00000 804704 3152
-1 -1 10 -26.00000 -25.96800 807856 160
-1 -1 5 -26.00000 -25.98970 808016 80
-1 -1 18 -25.04030 -24.95300 808096 288
-1 -1 4 -26.08720 -26.00000 808384 64
-1 -1 27 -28.00000 -27.73580 808448 432
-1 -1 18 -27.38950 -27.06180 808880 288
-1 -1 27 -26.61510 -26.22830 809168 432
-1 -1 22 -26.38940 -26.00000 809600 352
-1 -1 67 -28.00000 -26.00000 809952 1072
-1 -1 13 -28.00000 -27.85780 811024 208
-1 -1 28 -28.00000 -27.38950 811232 448
-1 -1 17 -27.06180 -26.61510 811680 272
-1 -1 42 -26.30550 -26.07220 811952 672
-1 -1 3 -28.00000 -26.00000 812624 48
-1 -1 2 -28.00000 -27.99980 812672 32
-1 -1 23 -28.00000 -27.31610 812704 368
-1 -1 82 -26.88420 -26.00000 813072 1312
-1 -1 3 -27.99980 -27.99970 814384 48
-1 -1 134 -26.77560 -26.00000 814432 2144
-1 -1 8 -26.19080 -26.00000 816576 128
-1 -1 9 -26.13830 -26.00000 816704 144
-1 -1 18 -27.40720 -26.50000 816848 288
-1 -1 25 -26.51940 -26.11800 817136 400
-1 -1 20 -27.37220 -26.73750 817536 320
-1 -1 6 -27.49850 -27.36020 817856 96
-1 -1 37 -26.52140 -26.09280 817952 592
-1 -1 46 -26.26220 -26.00000 818544 736
-1 -1 13 -28.00000 -27.49850 819280 208
-1 -1 3 -27.36020 -27.34440 819488 48
-1 -1 181 -27.36350 -27.07800 819536 2896
-1 -1 5 -27.40350 -27.38830 822432 80
-1 -1 52 -26.58310 -26.24190 822512 832
-1 -1 5 -27.39280 -27.36350 823344 80
-1 -1 108 -28.00000 -27.40350 823424 1728
-1 -1 137 -26.70860 -26.00470 825152 2192
-1 -1 8 -26.01250 -26.00000 827344 128
-1 -1 8 -26.02110 -26.00000 827472 128
-1 -1 42 -26.23110 -26.00000 827600 672
-1 -1 42 -29.74670 -29.04810 828272 672
-1 -1 91 -29.97620 -28.40140 828944 1456
-1 -1 18 -28.15560 -28.00000 830400 288
-1 -1 2 -29.73670 -29.71550 830688 32
-1 -1 4 -30.00000 -29.97620 830720 64
-1 -1 81 -29.07970 -28.11220 830784 1296
-1 -1 40 -29.56290 -28.00000 832080 640
-1 -1 6 -28.05440 -28.00000 832720 96
-1 -1 9 -30.00000 -29.07970 832816 144
-1 -1 4 -30.00000 -29.55720 832960 64
-1 -1 2 -30.00000 -29.66980 833024 32
-1 -1 32 -30.00000 -29.56290 833056 512
-1 -1 4 -29.66980 -28.00000 833568 64
-1 -1 3 -28.00280 -28.00000 833632 48
-1 -1 54 -30.00000 -28.00000 833680 864
-1 -1 6 -28.14030 -28.00000 834544 96
-1 -1 66 -28.49110 -28.00000 834640 1056
-1 -1 39 -29.35780 -29.06020 835696 624
-1 -1 60 -29.06020 -28.45170 836320 960
-1 -1 18 -29.32610 -29.19110 837280 288
-1 -1 12 -32.00000 -31.95470 837568 192
-1 -1 43 -32.00000 -31.84720 837760 688
-1 -1 56 -31.87750 -30.00000 838448 896
-1 -1 10 -32.00000 -31.86940 839344 160
-1 -1 2 -30.05940 -30.00000 839504 32
-1 -1 5 -31.88390 -30.00000 839536 80
-1 -1 13 -32.00000 -31.21880 839616 208
-1 -1 8 -30.67900 -30.00000 839824 128
-1 -1 2 -30.15560 -30.00000 839952 32
-1 -1 3 -31.21880 -30.67900 839984 48
-1 -1 24 -32.00000 -31.21150 840032 384
-1 -1 32 -31.21150 -30.00000 840416 512
-1 -1 3 -31.50700 -31.49580 840928 48
-1 -1 47 -30.58530 -30.15140 840976 752
-1 -1 142 -31.87110 -30.75190 841728 2272
-1 -1 6 -30.74940 -30.58530 844000 96
-1 -1 7 -31.30330 -31.25550 844096 112
-1 -1 12 -32.00000 -31.75140 844208 192
-1 -1 43 -32.00000 -31.30220 844400 688
-1 -1 19 -32.00000 -31.67280 845088 304
-1 -1 7 -32.30950 -32.27970 845392 112
-1 -1 3 -34.00000 -33.99670 845504 48
-1 -1 74 -33.48080 -32.92530 845552 1184
-1 -1 27 -34.00000 -33.86470 846736 432
-1 -1 44 -32.27670 -32.03080 847168 704
-1 -1 30 -32.92530 -32.58250 847872 480
-1 -1 27 -32.30610 -32.00000 848352 432
-1 -1 34 -32.19030 -32.00000 848784 544
-1 -1 63 -34.00000 -32.00000 849328 1008
-1 -1 26 -32.39250 -32.07750 850336 416
-1 -1 56 -34.00000 -32.00000 850752 896
-1 -1 3 -34.00000 -33.21990 851648 48
-1 -1 19 -32.39780 -32.00000 851696 304
-1 -1 34 -33.21990 -32.39780 852000 544
-1 -1 48 -33.46440 -32.00000 852544 768
-1 -1 36 -34.00000 -33.26920 853312 576
-1 -1 28 -33.42390 -33.12750 853888 448
-1 -1 43 -34.00000 -33.46440 854336 688
-1 -1 10 -33.87670 -33.77670 855024 160
-1 -1 8 -32.57640 -32.48390 855184 128
-1 -1 149 -32.91670 -32.56970 855312 2384
-1 -1 36 -32.93720 -32.75310 857696 576
-1 -1 165 -33.16000 -32.84000 858272 2640
-1 -1 107 -34.00000 -33.12810 860912 1712
-1 -1 29 -33.49690 -33.39780 862624 464
-1 -1 52 -32.61750 -32.36110 863088 832
-1 -1 3 -34.00000 -33.90280 863920 48
-1 -1 17 -32.64970 -32.00000 863968 272
-1 -1 172 -32.79800 -32.41360 864240 2752
-1 -1 5 -32.95240 -32.93720 866992 80
-1 -1 68 -34.00000 -33.11750 867072 1088
-1 -1 33 -34.00000 -33.39940 868160 528
-1 -1 54 -33.11890 -32.71170 868688 864
-1 -1 7 -32.12080 -32.00000 869552 112
-1 -1 52 -32.50360 -32.00000 869664 832
-1 -1 38 -33.46390 -33.33420 870496 608
-1 -1 4 -34.00000 -33.92610 871104 64
-1 -1 27 -33.02640 -32.49420 871168 432
-1 -1 25 -33.39940 -33.14250 871600 400
-1 -1 27 -32.79080 -32.70250 872000 432
-1 -1 20 -35.39600 -35.12470 872432 320
-1 -1 11 -35.06390 -34.98030 872752 176
-1 -1 4 -34.72980 -34.68780 872928 64
-1 -1 3 -36.00000 -35.96080 872992 48
-1 -1 9 -36.00000 -35.84930 873040 144
-1 -1 9 -35.81630 -35.64430 873184 144
-1 -1 58 -34.70420 -34.00000 873328 928
-1 -1 22 -34.20720 -34.00000 874256 352
-1 -1 46 -36.00000 -35.39600 874608 736
-1 -1 50 -35.53830 -34.97250 875344 800
-1 -1 21 -34.28780 -34.00000 876144 336
-1 -1 33 -34.17360 -34.00000 876480 528
-1 -1 65 -34.99690 -34.72980 877008 1040
-1 -1 6 -35.84930 -35.81630 878048 96
-1 -1 6 -35.64430 -35.49310 878144 96
-1 -1 3 -36.00000 -35.99890 878240 48
-1 -1 68 -35.99970 -34.00000 878288 1088
-1 -1 3 -36.00000 -35.99830 879376 48
-1 -1 4 -36.00000 -34.00000 879424 64
-1 -1 2 -36.00000 -35.99960 879488 32
-1 -1 3 -35.00140 -34.99890 879520 48
-1 -1 2 -34.37970 -34.00000 879568 32
-1 -1 4 -36.00000 -34.37870 879600 64
-1 -1 2 -35.00220 -35.00090 879664 32
-1 -1 3 -34.37870 -34.00000 879696 48
-1 -1 9 -34.05640 -34.00000 879744 144
-1 -1 26 -34.45330 -34.00000 879888 416
-1 -1 18 -34.42920 -34.24490 880304 288
-1 -1 39 -34.79580 -34.00000 880592 624
-1 -1 26 -34.89170 -34.71310 881216 416
-1 -1 21 -34.27500 -34.00000 881632 336
-1 -1 47 -34.62200 -34.00000 881968 752
-1 -1 32 -34.80580 -34.00000 882720 512
-1 -1 24 -34.80810 -34.20720 883232 384
-1 -1 33 -38.00000 -37.57360 883616 528
-1 -1 29 -37.39440 -37.16530 884144 464
-1 -1 49 -38.00000 -37.16030 884608 784
-1 -1 37 -36.27720 -36.00000 885392 592
-1 -1 43 -37.18720 -36.37110 885984 688
-1 -1 4 -36.20610 -36.11830 886672 64
-1 -1 30 -36.67710 -36.13580 886736 480
-1 -1 19 -38.00000 -37.83000 887216 304
-1 -1 7 -36.13690 -36.00000 887520 112
-1 -1 29 -37.38890 -37.21640 887632 464
-1 -1 43 -36.53830 -36.20610 888096 688
-1 -1 65 -37.58070 -36.67710 888784 1040
-1 -1 5 -38.00000 -36.00000 889824 80
-1 -1 2 -36.00090 -36.00000 889904 32
-1 -1 21 -38.00000 -37.58070 889936 336
-1 -1 3 -36.00110 -36.00000 890272 48
-1 -1 2 -36.00200 -36.00000 890320 32
-1 -1 2 -36.00080 -36.00000 890352 32
-1 -1 4 -38.00000 -36.00000 890384 64
-1 -1 6 -38.01860 -38.00000 890448 96
-1 -1 58 -38.48360 -38.32140 890544 928
-1 -1 20 -38.43050 -38.00000 891472 320
-1 -1 42 -39.50000 -39.28780 891792 672
-1 -1 33 -38.29810 -38.00000 892464 528
-1 -1 47 -38.90750 -38.43530 892992 752
-1 -1 11 -39.56720 -39.41780 893744 176
-1 -1 59 -40.00000 -38.00000 893920 944
-1 -1 65 -38.74280 -38.00000 894864 1040
-1 -1 32 -38.83940 -38.73560 895904 512
-1 -1 21 -39.00290 -38.80830 896416 336
-1 -1 3 -40.00000 -38.00000 896752 48
-1 -1 19 -39.32830 -39.00290 896800 304
-1 -1 76 -41.14500 -40.72530 897104 1216
-1 -1 16 -42.00000 -41.69050 898320 256
-1 -1 47 -40.66080 -40.21000 898576 752
-1 -1 69 -41.09580 -40.18980 899328 1104
-1 -1 6 -40.09740 -40.02880 900432 96
-1 -1 3 -40.74500 -40.73270 900528 48
-1 -1 8 -40.61650 -40.56890 900576 128
-1 -1 3 -41.99970 -41.99960 900704 48
-1 -1 7 -40.18980 -40.09740 900752 112
-1 -1 2 -40.02880 -40.00000 900864 32
-1 -1 3 -41.99960 -41.99960 900896 48
-1 -1 3 -41.99960 -41.99950 900944 48
-1 -1 2 -41.99950 -41.99950 900992 32
-1 -1 2 -40.70700 -40.00000 901024 32
-1 -1 17 -41.04810 -40.70860 901056 272
-1 -1 41 -44.00000 -43.67190 901328 656
-1 -1 31 -42.61720 -42.00000 901984 496
-1 -1 15 -43.93610 -43.84110 902480 240
-1 -1 7 -44.58970 -44.51220 902720 112
-1 -1 53 -44.87280 -44.00000 902832 848
-1 -1 3 -45.99980 -45.99950 903680 48
-1 -1 2 -46.00000 -45.99980 903728 32
-1 -1 2 -46.00020 -46.00000 903760 32
-1 -1 2 -46.00030 -46.00020 903792 32
-1 -1 33 -48.81970 -48.62110 903824 528
-1 -1 3 -49.25330 -48.78070 904352 48
-1 -1 8 -54.90220 -54.87610 904400 128
-1 -1 7 -54.91860 -54.88230 904528 112
-1 -1 10 -55.18920 -54.91750 904640 160
