-1 -1 14  70.00000  70.08890 0 112
-1 -1 4  70.00000  70.08830 112 32
-1 -1 2  70.06720  70.07050 144 16
-1 -1 3  68.00000  68.05120 160 24
-1 -1 7  68.00000  68.09050 184 56
-1 -1 3  68.52990  68.55990 240 24
-1 -1 14  68.05120  68.53920 264 112
-1 -1 7  68.55990  69.05750 376 56
-1 -1 8  68.37630  68.52990 432 64
-1 -1 53  68.52210  69.32610 496 424
-1 -1 23  68.62860  69.07640 920 184
-1 -1 53  68.00000  68.52210 1104 424
-1 -1 70  68.55810  69.71000 1528 560
-1 -1 32  69.71000  70.00000 2088 256
-1 -1 3  69.99250  70.00000 2344 24
-1 -1 24  68.00000  69.05060 2368 192
-1 -1 46  69.02920  69.99250 2560 368
-1 -1 33  69.46890  69.79360 2928 264
-1 -1 2  68.00000  69.64560 3192 16
-1 -1 8  66.00000  66.88340 3208 64
-1 -1 5  67.94560  68.00000 3272 40
-1 -1 18  66.88340  68.00000 3312 144
-1 -1 64  66.80980  68.00000 3456 512
-1 -1 35  66.05460  66.79170 3968 280
-1 -1 3  66.79170  66.80980 4248 24
-1 -1 4  66.00000  66.05460 4272 32
-1 -1 3  67.70500  68.00000 4304 24
-1 -1 37  66.00000  67.67800 4328 296
-1 -1 3  67.67800  67.70500 4624 24
-1 -1 3  66.00000  68.00000 4648 24
-1 -1 9  64.49270  64.87450 4672 72
-1 -1 7  64.00000  64.09300 4744 56
-1 -1 13  64.87450  66.00000 4800 104
-1 -1 9  64.03320  64.49270 4904 72
-1 -1 14  65.51330  66.00000 4976 112
-1 -1 4  65.95690  66.00000 5088 32
-1 -1 41  64.79390  65.68610 5120 328
-1 -1 8  64.53680  64.59080 5448 64
-1 -1 3  64.52370  64.53530 5512 24
-1 -1 12  65.66500  65.95690 5536 96
-1 -1 17  64.59080  64.79550 5632 136
-1 -1 3  64.53530  64.53680 5768 24
-1 -1 26  64.00000  64.52370 5792 208
-1 -1 4  64.00000  66.00000 6000 32
-1 -1 3  63.21000  63.32460 6032 24
-1 -1 11  63.32460  64.00000 6056 88
-1 -1 13  62.00000  63.21000 6144 104
-1 -1 3  63.73420  63.74789 6248 24
-1 -1 10  63.74789  64.00000 6272 80
-1 -1 26  62.91440  63.73420 6352 208
-1 -1 23  62.00000  62.91250 6560 184
-1 -1 3  62.00000  64.00000 6744 24
-1 -1 45  60.00000  62.00000 6768 360
-1 -1 7  60.54750  60.65739 7128 56
-1 -1 11  60.25529  60.54560 7184 88
-1 -1 38  60.65739  61.73690 7272 304
-1 -1 7  61.73690  62.00000 7576 56
-1 -1 6  60.19310  62.00000 7632 48
-1 -1 7  60.00000  60.35220 7680 56
-1 -1 52  58.88390  59.89690 7736 416
-1 -1 9  59.88610  60.00000 8152 72
-1 -1 15  58.00000  58.08440 8224 120
-1 -1 13  58.00000  58.07610 8344 104
-1 -1 3  58.00000  58.00080 8448 24
-1 -1 33  58.00970  59.15970 8472 264
-1 -1 3  58.00000  58.00970 8736 24
-1 -1 12  59.15970  59.30330 8760 96
-1 -1 11  59.30280  59.35609 8856 88
-1 -1 8  59.35250  59.47860 8944 64
-1 -1 7  59.45230  60.00000 9008 56
-1 -1 28  58.90720  59.66430 9064 224
-1 -1 36  58.78011  59.80190 9288 288
-1 -1 12  58.00000  58.78011 9576 96
-1 -1 26  56.07809  56.39640 9672 208
-1 -1 26  56.07809  56.39640 9880 208
-1 -1 51  56.30580  56.42419 10088 408
-1 -1 51  56.30580  56.42419 10496 408
-1 -1 53  56.00000  56.45060 10904 424
-1 -1 53  56.00000  56.45060 11328 424
-1 -1 14  57.85500  58.00000 11752 112
-1 -1 4  57.99250  58.00000 11864 32
-1 -1 6  57.98000  58.00000 11896 48
-1 -1 15  57.86890  58.00000 11944 120
-1 -1 51  57.52220  57.85580 12064 408
-1 -1 47  56.69431  57.53640 12472 376
-1 -1 37  57.53580  58.00000 12848 296
-1 -1 7  56.00000  56.12460 13144 56
-1 -1 7  56.00000  56.12460 13200 56
-1 -1 7  56.00000  56.03280 13256 56
-1 -1 21  56.00000  56.14940 13312 168
-1 -1 7  56.00000  56.03280 13480 56
-1 -1 21  56.00000  56.14940 13536 168
-1 -1 23  56.15110  56.69431 13704 184
-1 -1 6  56.12460  56.16720 13888 48
-1 -1 6  56.12460  56.16720 13936 48
-1 -1 22  56.83810  58.00000 13984 176
-1 -1 30  56.00000  56.83810 14160 240
-1 -1 48  54.78290  55.08640 14400 384
-1 -1 2  54.76580  54.78290 14784 16
-1 -1 6  54.41949  54.47670 14800 48
-1 -1 16  54.32581  54.41949 14848 128
-1 -1 25  55.07780  55.28860 14976 200
-1 -1 46  54.00000  54.40860 15176 368
-1 -1 21  55.02750  55.08800 15544 168
-1 -1 36  54.36501  55.07190 15712 288
-1 -1 4  55.95880  56.00000 16000 32
-1 -1 4  55.95880  56.00000 16032 32
-1 -1 95  54.00000  54.95610 16064 760
-1 -1 4  54.00000  54.00190 16824 32
-1 -1 95  54.00000  54.95610 16856 760
-1 -1 4  54.00000  54.00190 17616 32
-1 -1 15  55.67530  55.95880 17648 120
-1 -1 15  55.67530  55.95880 17768 120
-1 -1 3  54.95120  54.97720 17888 24
-1 -1 3  54.95120  54.97720 17912 24
-1 -1 53  54.97720  55.67470 17936 424
-1 -1 53  54.97720  55.67470 18360 424
-1 -1 21  55.67500  55.84641 18784 168
-1 -1 21  55.67500  55.84641 18952 168
-1 -1 9  55.79190  56.00000 19120 72
-1 -1 9  55.79190  56.00000 19192 72
-1 -1 5  55.78889  55.82640 19264 40
-1 -1 5  55.78889  55.82640 19304 40
-1 -1 33  55.68890  56.00000 19344 264
-1 -1 10  55.94220  56.00000 19608 80
-1 -1 33  55.68890  56.00000 19688 264
-1 -1 10  55.94220  56.00000 19952 80
-1 -1 32  55.59360  55.86610 20032 256
-1 -1 32  55.59360  55.86610 20288 256
-1 -1 73  54.46080  55.60310 20544 584
-1 -1 24  54.00220  54.46060 21128 192
-1 -1 2  54.00000  54.00220 21320 16
-1 -1 8  54.00000  54.06920 21336 64
-1 -1 4  54.00000  54.00190 21400 32
-1 -1 4  54.00000  54.00890 21432 32
-1 -1 10  54.00000  54.04000 21464 80
-1 -1 27  54.00000  54.18781 21544 216
-1 -1 4  54.19780  54.22470 21760 32
-1 -1 6  54.26490  54.31110 21792 48
-1 -1 13  54.16970  54.25999 21840 104
-1 -1 51  54.31250  54.71360 21944 408
-1 -1 51  54.31250  54.71360 22352 408
-1 -1 6  54.22470  54.26490 22760 48
-1 -1 21  54.29810  54.39250 22808 168
-1 -1 27  54.64500  54.98250 22976 216
-1 -1 2  54.61950  54.64310 23192 16
-1 -1 2  54.61950  54.64310 23208 16
-1 -1 44  54.95030  55.36720 23224 352
-1 -1 28  55.20420  55.44470 23576 224
-1 -1 16  54.10330  54.25810 23800 128
-1 -1 49  54.19310  55.31890 23928 392
-1 -1 10  55.13890  55.29720 24320 80
-1 -1 32  54.00000  54.38780 24400 256
-1 -1 18  54.00000  54.14530 24656 144
-1 -1 11  54.00000  54.08690 24800 88
-1 -1 3  54.11030  54.20470 24888 24
-1 -1 6  54.00000  54.11530 24912 48
-1 -1 47  54.00000  54.47830 24960 376
-1 -1 18  54.70780  55.26310 25336 144
-1 -1 23  55.31931  56.00000 25480 184
-1 -1 4  55.26310  55.31931 25664 32
-1 -1 18  54.35580  54.54610 25696 144
-1 -1 74  54.53080  55.07050 25840 592
-1 -1 145  54.03700  54.41780 26432 1160
-1 -1 95  52.00000  53.60750 27592 760
-1 -1 78  52.00000  53.27000 28352 624
-1 -1 98  52.00000  54.00000 28976 784
-1 -1 19  53.90470  53.95580 29760 152
-1 -1 19  53.90470  53.95580 29912 152
-1 -1 7  53.96860  54.00000 30064 56
-1 -1 21  53.88860  54.00000 30120 168
-1 -1 7  53.96860  54.00000 30288 56
-1 -1 21  53.88860  54.00000 30344 168
-1 -1 11  52.03670  52.11140 30512 88
-1 -1 63  52.10810  53.12110 30600 504
-1 -1 23  53.09560  53.21830 31104 184
-1 -1 9  53.77750  53.80530 31288 72
-1 -1 29  52.00000  52.12000 31360 232
-1 -1 14  53.80330  54.00000 31592 112
-1 -1 76  52.04390  52.37970 31704 608
-1 -1 43  53.08720  53.43890 32312 344
-1 -1 41  53.43860  53.82000 32656 328
-1 -1 14  52.00000  52.22160 32984 112
-1 -1 2  52.00000  52.00080 33096 16
-1 -1 60  52.00000  53.02970 33112 480
-1 -1 92  53.14090  54.00000 33592 736
-1 -1 7  53.95530  54.00000 34328 56
-1 -1 5  53.98810  54.00000 34384 40
-1 -1 4  53.94150  54.00000 34424 32
-1 -1 2  52.00000  52.00080 34456 16
-1 -1 8  52.94740  53.14090 34472 64
-1 -1 3  53.93970  54.00000 34536 24
-1 -1 16  53.87939  54.00000 34560 128
-1 -1 15  53.90891  54.00000 34688 120
-1 -1 11  53.94860  54.00000 34808 88
-1 -1 17  53.43610  54.00000 34896 136
-1 -1 9  53.43610  53.65421 35032 72
-1 -1 24  53.47169  54.00000 35104 192
-1 -1 8  53.34579  54.00000 35296 64
-1 -1 4  53.17540  53.34530 35360 32
-1 -1 12  52.00000  53.17540 35392 96
-1 -1 18  52.00000  52.14360 35488 144
-1 -1 110  52.00000  53.42220 35632 880
-1 -1 66  53.41220  53.55420 36512 528
-1 -1 85  52.75970  53.41230 37040 680
-1 -1 6  52.57080  52.66060 37720 48
-1 -1 16  52.66060  52.78560 37768 128
-1 -1 49  52.00000  52.58970 37896 392
-1 -1 104  50.30550  51.09109 38288 832
-1 -1 35  51.20530  51.37250 39120 280
-1 -1 4  50.78230  50.80420 39400 32
-1 -1 20  50.97190  51.08200 39432 160
-1 -1 18  51.73441  51.83110 39592 144
-1 -1 29  50.00000  50.16690 39736 232
-1 -1 45  50.00000  50.35609 39968 360
-1 -1 165  50.75390  51.50330 40328 1320
-1 -1 13  50.00000  50.17450 41648 104
-1 -1 103  50.00000  50.78230 41752 824
-1 -1 23  50.80110  50.97940 42576 184
-1 -1 53  51.08200  51.73441 42760 424
-1 -1 53  51.82809  52.00000 43184 424
-1 -1 2  50.75620  50.75670 43608 16
-1 -1 12  50.12670  50.18221 43624 96
-1 -1 112  50.16810  50.81530 43720 896
-1 -1 30  50.00000  50.32310 44616 240
-1 -1 180  50.66970  51.05280 44856 1440
-1 -1 4  50.60510  50.61490 46296 32
-1 -1 79  50.86580  52.00000 46328 632
-1 -1 6  50.61490  50.67419 46960 48
-1 -1 202  50.00000  50.67050 47008 1616
-1 -1 5  50.00000  50.00681 48624 40
-1 -1 16  50.00000  50.05920 48664 128
-1 -1 20  50.00000  50.41350 48792 160
-1 -1 8  50.76550  50.83130 48952 64
-1 -1 88  50.92380  52.00000 49016 704
-1 -1 22  51.51891  51.65250 49720 176
-1 -1 30  50.41350  50.76690 49896 240
-1 -1 16  50.82780  50.92380 50136 128
-1 -1 31  51.59390  51.95970 50264 248
-1 -1 10  51.91130  51.93920 50512 80
-1 -1 25  51.46560  51.63029 50592 200
-1 -1 45  51.59690  51.91750 50792 360
-1 -1 66  51.37440  51.66110 51152 528
-1 -1 33  51.37500  51.49890 51680 264
-1 -1 21  51.25280  51.49330 51944 168
-1 -1 66  51.25310  51.94440 52112 528
-1 -1 10  51.94440  52.00000 52640 80
-1 -1 39  50.34669  50.95940 52720 312
-1 -1 18  51.84390  52.00000 53032 144
-1 -1 51  50.95940  51.26360 53176 408
-1 -1 35  51.36890  51.84330 53584 280
-1 -1 7  51.25940  51.36890 53864 56
-1 -1 65  50.00000  50.43970 53920 520
-1 -1 11  50.00000  50.07390 54440 88
-1 -1 26  50.19730  50.46080 54528 208
-1 -1 17  50.00000  50.37690 54736 136
-1 -1 61  50.00000  51.23540 54872 488
-1 -1 9  50.00000  50.19730 55360 72
-1 -1 51  51.23540  51.76920 55432 408
-1 -1 57  51.45470  51.76940 55840 456
-1 -1 23  51.46440  51.78190 56296 184
-1 -1 31  51.16780  51.50670 56480 248
-1 -1 47  51.44860  51.51470 56728 376
-1 -1 70  50.52831  51.03720 57104 560
-1 -1 35  50.52859  51.16780 57664 280
-1 -1 75  50.67210  51.12000 57944 600
-1 -1 9  51.07440  51.12000 58544 72
-1 -1 80  50.47830  51.15610 58616 640
-1 -1 15  51.05390  51.15610 59256 120
-1 -1 2  51.08459  51.08470 59376 16
-1 -1 3  51.99920  52.00000 59392 24
-1 -1 35  50.65970  51.26470 59416 280
-1 -1 32  51.62000  52.00000 59696 256
-1 -1 23  51.42330  51.62000 59952 184
-1 -1 7  51.26670  51.43000 60136 56
-1 -1 7  50.80980  51.66920 60192 56
-1 -1 3  51.66920  52.00000 60248 24
-1 -1 11  50.73610  50.79330 60272 88
-1 -1 71  50.73610  51.31440 60360 568
-1 -1 59  50.69350  51.00280 60928 472
-1 -1 47  50.00000  50.69350 61400 376
-1 -1 52  50.00000  50.71470 61776 416
-1 -1 59  50.57890  50.87469 62192 472
-1 -1 31  50.00000  50.58369 62664 248
-1 -1 8  50.00000  50.02610 62912 64
-1 -1 5  50.00000  50.00700 62976 40
-1 -1 2  50.00000  50.00790 63016 16
-1 -1 5  50.73070  50.82870 63032 40
-1 -1 22  50.86501  51.37490 63072 176
-1 -1 31  50.00790  50.73070 63248 248
-1 -1 6  50.82870  50.86501 63496 48
-1 -1 29  51.37490  52.00000 63544 232
-1 -1 16  51.74210  52.00000 63776 128
-1 -1 48  51.39470  51.74670 63904 384
-1 -1 79  50.13560  51.39470 64288 632
-1 -1 48  50.14170  50.48330 64920 384
-1 -1 37  50.00000  50.40739 65304 296
-1 -1 9  50.00000  50.16800 65600 72
-1 -1 25  50.00000  50.28419 65672 200
-1 -1 6  50.00000  50.02831 65872 48
-1 -1 117  50.00000  51.50170 65920 936
-1 -1 34  51.50170  52.00000 66856 272
-1 -1 99  50.20830  52.00000 67128 792
-1 -1 7  50.00000  50.20309 67920 56
-1 -1 99  49.44860  50.00000 67976 792
-1 -1 21  49.93860  50.00000 68768 168
-1 -1 48  49.54500  50.00000 68936 384
-1 -1 33  48.00000  48.75670 69320 264
-1 -1 190  49.02320  50.00000 69584 1520
-1 -1 22  49.44720  49.50830 71104 176
-1 -1 21  48.75560  49.02320 71280 168
-1 -1 192  48.00000  50.00000 71448 1536
-1 -1 6  48.71340  48.77330 72984 48
-1 -1 144  48.55640  49.01891 73032 1152
-1 -1 6  49.97701  50.00000 74184 48
-1 -1 8  48.00000  48.02500 74232 64
-1 -1 156  48.61400  49.02900 74296 1248
-1 -1 83  48.14220  48.81281 75544 664
-1 -1 18  48.01250  48.14360 76208 144
-1 -1 150  49.19170  50.00000 76352 1200
-1 -1 55  48.00000  48.23390 77552 440
-1 -1 92  49.02100  49.51801 77992 736
-1 -1 120  49.17530  49.45670 78728 960
-1 -1 91  48.17000  48.57640 79688 728
-1 -1 22  49.07830  49.29160 80416 176
-1 -1 5  48.00000  48.01250 80592 40
-1 -1 15  48.00000  48.10810 80632 120
-1 -1 4  48.00000  48.00920 80752 32
-1 -1 107  48.41190  50.00000 80784 856
-1 -1 50  48.00000  48.41859 81640 400
-1 -1 80  48.00000  48.26390 82040 640
-1 -1 19  48.32050  48.48669 82680 152
-1 -1 45  48.25860  48.46500 82832 360
-1 -1 2  48.00000  48.00999 83192 16
-1 -1 45  48.07140  48.32050 83208 360
-1 -1 19  48.00970  48.16310 83568 152
-1 -1 2  49.94830  50.00000 83720 16
-1 -1 5  49.90140  49.94830 83736 40
-1 -1 11  49.90421  50.00000 83776 88
-1 -1 58  49.54940  50.00000 83864 464
-1 -1 15  48.00000  48.24110 84328 120
-1 -1 12  48.27780  48.36750 84448 96
-1 -1 19  48.58810  48.82440 84544 152
-1 -1 25  48.86000  49.14820 84696 200
-1 -1 17  48.36750  48.58860 84896 136
-1 -1 6  49.60440  49.61670 85032 48
-1 -1 5  48.24110  48.29620 85080 40
-1 -1 10  48.79710  48.89580 85120 80
-1 -1 3  49.14820  49.18390 85200 24
-1 -1 19  49.18390  49.60060 85224 152
-1 -1 17  48.00000  48.24860 85376 136
-1 -1 24  48.24860  50.00000 85512 192
-1 -1 26  49.81689  50.00000 85704 208
-1 -1 15  48.00000  48.43360 85912 120
-1 -1 46  49.48470  50.00000 86032 368
-1 -1 92  48.42530  49.17310 86400 736
-1 -1 7  48.56300  48.62469 87136 56
-1 -1 5  49.16250  49.18420 87192 40
-1 -1 72  49.09220  49.80251 87232 576
-1 -1 11  48.62469  48.76320 87808 88
-1 -1 41  48.00000  48.56300 87896 328
-1 -1 15  48.00000  48.04691 88224 120
-1 -1 111  49.18420  49.97850 88344 888
-1 -1 4  49.97850  50.00000 89232 32
-1 -1 19  49.89330  50.00000 89264 152
-1 -1 7  49.94420  50.00000 89416 56
-1 -1 3  49.96100  50.00000 89472 24
-1 -1 51  49.73080  50.00000 89496 408
-1 -1 15  49.66610  49.94580 89904 120
-1 -1 22  49.94250  50.00000 90024 176
-1 -1 60  49.19000  49.67690 90200 480
-1 -1 42  49.14220  49.41550 90680 336
-1 -1 34  49.41550  50.00000 91016 272
-1 -1 8  48.00000  48.72480 91288 64
-1 -1 20  49.88060  50.00000 91352 160
-1 -1 6  48.00000  48.01920 91512 48
-1 -1 11  48.72480  50.00000 91560 88
-1 -1 3  49.97690  50.00000 91648 24
-1 -1 24  49.50780  49.82940 91672 192
-1 -1 13  48.00000  48.03940 91864 104
-1 -1 2  49.99060  50.00000 91968 16
-1 -1 40  49.58640  49.98940 91984 320
-1 -1 27  49.57720  50.00000 92304 216
-1 -1 100  48.99310  49.61169 92520 800
-1 -1 69  48.00000  48.99310 93320 552
-1 -1 38  48.00000  48.27700 93872 304
-1 -1 14  48.00000  48.26750 94176 112
-1 -1 25  48.26640  48.39000 94288 200
-1 -1 2  48.28640  48.50110 94488 16
-1 -1 13  48.22220  48.99969 94504 104
-1 -1 3  48.99969  48.99969 94608 24
-1 -1 3  48.99969  48.99969 94632 24
-1 -1 3  48.99969  48.99969 94656 24
-1 -1 3  48.99969  48.99969 94680 24
-1 -1 4  48.99969  48.99969 94704 32
-1 -1 3  48.99969  48.99969 94736 24
-1 -1 3  48.99969  48.99969 94760 24
-1 -1 3  48.99969  48.99969 94784 24
-1 -1 3  48.99969  48.99969 94808 24
-1 -1 3  48.99969  48.99969 94832 24
-1 -1 3  48.99969  48.99969 94856 24
-1 -1 3  48.99969  48.99969 94880 24
-1 -1 3  48.99969  48.99969 94904 24
-1 -1 47  48.63800  49.37670 94928 376
-1 -1 83  48.22860  48.64050 95304 664
-1 -1 68  48.04110  48.26960 95968 544
-1 -1 9  48.03340  48.12250 96512 72
-1 -1 5  48.00000  48.03340 96584 40
-1 -1 16  48.00000  48.03000 96624 128
-1 -1 4  48.00000  48.00390 96752 32
-1 -1 4  48.00000  48.31219 96784 32
-1 -1 2  48.00000  48.17000 96816 16
-1 -1 4  46.14030  46.17419 96832 32
-1 -1 6  46.17419  46.22940 96864 48
-1 -1 22  47.58500  48.00000 96912 176
-1 -1 3  46.00000  46.00340 97088 24
-1 -1 68  46.00000  46.46420 97112 544
-1 -1 185  46.22940  47.60609 97656 1480
-1 -1 87  46.00000  46.46310 99136 696
-1 -1 85  46.00000  46.50940 99832 680
-1 -1 55  46.90350  47.54060 100512 440
-1 -1 20  47.48820  47.59500 100952 160
-1 -1 134  47.52921  47.80690 101112 1072
-1 -1 20  47.06420  47.27420 102184 160
-1 -1 6  47.69300  47.71310 102344 48
-1 -1 115  46.22030  47.00360 102392 920
-1 -1 149  47.27470  47.62300 103312 1192
-1 -1 68  46.77060  47.04720 104504 544
-1 -1 14  46.48870  46.52750 105048 112
-1 -1 105  47.46940  48.00000 105160 840
-1 -1 156  46.00000  47.09470 106000 1248
-1 -1 108  46.38640  46.72330 107248 864
-1 -1 7  46.72750  46.83459 108112 56
-1 -1 21  46.00000  46.30320 108168 168
-1 -1 10  46.65970  46.72750 108336 80
-1 -1 135  46.00000  46.87670 108416 1080
-1 -1 163  46.86920  48.00000 109496 1304
-1 -1 27  47.74610  48.00000 110800 216
-1 -1 26  46.30320  46.53870 111016 208
-1 -1 7  46.00000  46.02530 111224 56
-1 -1 33  46.00000  46.18140 111280 264
-1 -1 43  47.73720  48.00000 111544 344
-1 -1 19  46.00000  46.16750 111888 152
-1 -1 121  46.11800  47.37410 112040 968
-1 -1 56  47.37410  48.00000 113008 448
-1 -1 5  47.98940  48.00000 113456 40
-1 -1 3  47.99860  48.00000 113496 24
-1 -1 5  47.97750  48.00000 113520 40
-1 -1 15  47.92920  48.00000 113560 120
-1 -1 6  47.95360  48.00000 113680 48
-1 -1 63  47.71170  47.97610 113728 504
-1 -1 6  47.97610  48.00000 114232 48
-1 -1 96  47.02580  48.00000 114280 768
-1 -1 76  46.00000  47.02580 115048 608
-1 -1 111  46.55110  48.00000 115656 888
-1 -1 9  46.48810  46.55110 116544 72
-1 -1 14  46.41560  46.49460 116616 112
-1 -1 22  47.81830  48.00000 116728 176
-1 -1 49  47.10941  47.86830 116904 392
-1 -1 27  47.68610  48.00000 117296 216
-1 -1 49  46.34560  47.78250 117512 392
-1 -1 48  46.00000  47.22580 117904 384
-1 -1 84  46.82640  48.00000 118288 672
-1 -1 9  47.98000  48.00000 118960 72
-1 -1 23  47.82640  48.00000 119032 184
-1 -1 91  46.00000  47.89340 119216 728
-1 -1 7  47.68719  48.00000 119944 56
-1 -1 37  46.00000  46.62990 120000 296
-1 -1 24  47.65359  48.00000 120296 192
-1 -1 115  46.59780  48.00000 120488 920
-1 -1 43  47.65610  48.00000 121408 344
-1 -1 53  46.00000  46.63730 121752 424
-1 -1 32  47.69279  48.00000 122176 256
-1 -1 73  46.63730  48.00000 122432 584
-1 -1 3  47.98920  48.00000 123016 24
-1 -1 3  47.99920  48.00000 123040 24
-1 -1 3  47.97970  48.00000 123064 24
-1 -1 4  47.37650  48.00000 123088 32
-1 -1 36  46.11971  47.37650 123120 288
-1 -1 19  46.00000  46.12610 123408 152
-1 -1 13  46.00000  46.12250 123560 104
-1 -1 22  46.11971  46.70720 123664 176
-1 -1 26  47.18810  47.36580 123840 208
-1 -1 17  46.70720  47.47141 124048 136
-1 -1 8  46.00000  47.21980 124184 64
-1 -1 250  44.00000  46.00000 124248 2000
-1 -1 9  45.93221  46.00000 126248 72
-1 -1 39  45.82080  46.00000 126320 312
-1 -1 36  45.58440  46.00000 126632 288
-1 -1 13  45.42890  45.48570 126920 104
-1 -1 32  44.64180  45.21900 127024 256
-1 -1 93  45.41310  46.00000 127280 744
-1 -1 64  45.76780  46.00000 128024 512
-1 -1 69  44.99510  45.23920 128536 552
-1 -1 27  44.00000  44.64180 129088 216
-1 -1 78  45.74830  46.00000 129304 624
-1 -1 8  45.98720  46.00000 129928 64
-1 -1 5  44.00000  44.01680 129992 40
-1 -1 107  44.00000  45.14500 130032 856
-1 -1 100  44.85310  45.90739 130888 800
-1 -1 124  44.63130  46.00000 131688 992
-1 -1 79  44.00000  44.71560 132680 632
-1 -1 25  44.00000  44.22639 133312 200
-1 -1 37  44.00000  44.14799 133512 296
-1 -1 4  44.00000  44.00560 133808 32
-1 -1 102  45.21190  46.00000 133840 816
-1 -1 7  45.13720  45.43190 134656 56
-1 -1 2  44.00000  45.00310 134712 16
-1 -1 2  45.00250  45.00320 134728 16
-1 -1 4  45.00320  45.44991 134744 32
-1 -1 3  45.15190  45.57110 134776 24
-1 -1 10  44.00000  44.60530 134800 80
-1 -1 13  44.79890  44.97540 134880 104
-1 -1 41  44.00000  44.82550 134984 328
-1 -1 58  44.97540  45.35190 135312 464
-1 -1 41  45.11830  46.00000 135776 328
-1 -1 47  45.06190  46.00000 136104 376
-1 -1 46  44.76320  45.08420 136480 368
-1 -1 40  44.00000  44.76320 136848 320
-1 -1 29  44.00000  45.09410 137168 232
-1 -1 28  44.74530  45.10049 137400 224
-1 -1 24  44.92640  45.65970 137624 192
-1 -1 20  45.65970  46.00000 137816 160
-1 -1 62  44.00000  45.34530 137976 496
-1 -1 76  45.02170  46.00000 138472 608
-1 -1 5  44.00000  46.00000 139080 40
-1 -1 6  44.00000  44.35510 139120 48
-1 -1 33  44.35510  45.01920 139168 264
-1 -1 5  44.99800  45.02060 139432 40
-1 -1 96  45.01891  46.00000 139472 768
-1 -1 34  45.59330  46.00000 140240 272
-1 -1 36  45.14750  45.59470 140512 288
-1 -1 74  42.60220  42.87610 140800 592
-1 -1 10  42.41570  42.50690 141392 80
-1 -1 51  42.44470  42.66580 141472 408
-1 -1 3  42.46111  42.48880 141880 24
-1 -1 3  42.45530  42.46220 141904 24
-1 -1 63  42.33970  42.48720 141928 504
-1 -1 7  42.45540  42.50940 142432 56
-1 -1 12  43.78860  44.00000 142488 96
-1 -1 7  43.72950  43.77310 142584 56
-1 -1 5  42.95280  43.18221 142640 40
-1 -1 3  42.48640  42.66280 142680 24
-1 -1 19  43.89560  43.98890 142704 152
-1 -1 51  42.79140  44.00000 142856 408
-1 -1 69  42.00000  42.66140 143264 552
-1 -1 91  42.54610  44.00000 143816 728
-1 -1 7  43.96111  44.00000 144544 56
-1 -1 11  42.54610  42.79140 144600 88
-1 -1 19  43.05790  43.53460 144688 152
-1 -1 43  42.00000  42.56390 144840 344
-1 -1 36  42.00000  42.28140 145184 288
-1 -1 35  42.56320  43.05790 145472 280
-1 -1 34  43.74020  44.00000 145752 272
-1 -1 165  42.00000  44.00000 146024 1320
-1 -1 14  42.26290  42.36180 147344 112
-1 -1 50  43.62250  43.88430 147456 400
-1 -1 10  43.88430  44.00000 147856 80
-1 -1 6  43.95970  44.00000 147936 48
-1 -1 5  43.85580  44.00000 147984 40
-1 -1 3  42.00000  42.00560 148024 24
-1 -1 3  42.00000  42.00140 148048 24
-1 -1 35  42.00000  42.10890 148072 280
-1 -1 3  43.90440  43.92920 148352 24
-1 -1 9  43.74060  43.85580 148376 72
-1 -1 51  43.19550  43.58470 148448 408
-1 -1 51  43.19550  43.58470 148856 408
-1 -1 26  42.55780  42.89920 149264 208
-1 -1 26  42.55780  42.89920 149472 208
-1 -1 26  42.55780  42.89920 149680 208
-1 -1 45  42.89920  43.23920 149888 360
-1 -1 45  42.89920  43.23920 150248 360
-1 -1 77  42.02390  42.76310 150608 616
-1 -1 77  42.02390  42.76310 151224 616
-1 -1 77  42.02390  42.76310 151840 616
-1 -1 4  42.00000  42.00250 152456 32
-1 -1 9  42.00000  42.04310 152488 72
-1 -1 4  42.00000  42.00250 152560 32
-1 -1 9  42.00000  42.04310 152592 72
-1 -1 4  42.00000  42.00250 152664 32
-1 -1 9  42.00000  42.04310 152696 72
-1 -1 16  42.00000  42.34890 152768 128
-1 -1 15  42.00000  42.35060 152896 120
-1 -1 3  42.00000  44.00000 153016 24
-1 -1 35  42.00000  42.47840 153040 280
-1 -1 2  42.00000  42.00380 153320 16
-1 -1 5  42.10780  42.14650 153336 40
-1 -1 95  42.22300  42.79780 153376 760
-1 -1 7  42.00380  42.10780 154136 56
-1 -1 6  42.14650  42.22300 154192 48
-1 -1 3  43.50620  44.00000 154240 24
-1 -1 4  43.48560  43.63640 154264 32
-1 -1 4  43.48560  43.63640 154296 32
-1 -1 2  43.48610  43.50620 154328 16
-1 -1 7  42.87720  43.73780 154344 56
-1 -1 7  42.87720  43.73780 154400 56
-1 -1 4  42.42419  42.99690 154456 32
-1 -1 4  42.42419  42.99690 154488 32
-1 -1 5  42.00000  42.42390 154520 40
-1 -1 23  42.00000  42.30530 154560 184
-1 -1 54  42.25330  42.84280 154744 432
-1 -1 29  42.00000  42.25280 155176 232
-1 -1 78  42.40470  43.22390 155408 624
-1 -1 10  43.18810  43.26860 156032 80
-1 -1 11  42.80640  42.94670 156112 88
-1 -1 48  42.80640  43.26860 156200 384
-1 -1 67  42.86720  42.99640 156584 536
-1 -1 4  42.00000  42.03520 157120 32
-1 -1 57  42.39480  42.88750 157152 456
-1 -1 107  42.02580  44.00000 157608 856
-1 -1 7  42.19640  42.39480 158464 56
-1 -1 15  43.17140  44.00000 158520 120
-1 -1 7  42.67780  43.17140 158640 56
-1 -1 6  42.57080  42.67780 158696 48
-1 -1 8  42.31461  42.69110 158744 64
-1 -1 7  42.00000  42.31461 158808 56
-1 -1 2  42.00000  42.03290 158864 16
-1 -1 14  42.03290  42.46609 158880 112
-1 -1 14  42.40000  42.64310 158992 112
-1 -1 37  42.64310  44.00000 159104 296
-1 -1 137  42.00000  43.00830 159400 1096
-1 -1 12  42.00000  42.03970 160496 96
-1 -1 54  42.41940  42.98050 160592 432
-1 -1 111  42.29560  44.00000 161024 888
-1 -1 18  42.00000  42.55000 161912 144
-1 -1 3  43.01610  44.00000 162056 24
-1 -1 14  42.55420  43.01331 162080 112
-1 -1 5  42.00000  42.43340 162192 40
-1 -1 29  42.43340  43.63880 162232 232
-1 -1 4  43.63360  44.00000 162464 32
-1 -1 34  42.00000  42.15421 162496 272
-1 -1 102  42.71000  43.39720 162768 816
-1 -1 3  41.29250  41.41050 163584 24
-1 -1 18  41.85060  42.00000 163608 144
-1 -1 42  40.85609  41.13530 163752 336
-1 -1 140  40.00000  42.00000 164088 1120
-1 -1 6  41.94070  42.00000 165208 48
-1 -1 110  41.11940  41.48030 165256 880
-1 -1 36  41.34140  42.00000 166136 288
-1 -1 141  41.24310  41.57220 166424 1128
-1 -1 2  40.00000  40.03610 167552 16
-1 -1 6  40.25439  40.40359 167568 48
-1 -1 166  40.73530  41.75000 167616 1328
-1 -1 8  41.98030  42.00000 168944 64
-1 -1 3  41.99830  42.00000 169008 24
-1 -1 48  41.90780  42.00000 169032 384
-1 -1 31  41.71250  42.00000 169416 248
-1 -1 2  41.98220  41.98570 169664 16
-1 -1 23  41.42830  41.52390 169680 184
-1 -1 156  40.01110  41.59470 169864 1248
-1 -1 14  41.11080  41.16700 171112 112
-1 -1 14  41.11080  41.16700 171224 112
-1 -1 17  40.00000  40.04640 171336 136
-1 -1 19  40.00000  40.21420 171472 152
-1 -1 91  40.22881  41.29860 171624 728
-1 -1 34  41.17330  41.46250 172352 272
-1 -1 46  41.16700  41.29780 172624 368
-1 -1 46  41.16700  41.29780 172992 368
-1 -1 13  40.60580  40.66560 173360 104
-1 -1 14  41.03110  41.08920 173464 112
-1 -1 14  41.03110  41.08920 173576 112
-1 -1 9  40.96920  41.00560 173688 72
-1 -1 3  40.21420  40.22881 173760 24
-1 -1 8  41.89670  42.00000 173784 64
-1 -1 7  41.99140  42.00000 173848 56
-1 -1 8  41.89670  42.00000 173904 64
-1 -1 7  41.99140  42.00000 173968 56
-1 -1 8  41.89670  42.00000 174024 64
-1 -1 7  41.99140  42.00000 174088 56
-1 -1 90  41.04610  41.89580 174144 720
-1 -1 76  41.19610  41.89720 174864 608
-1 -1 19  41.35750  41.83810 175472 152
-1 -1 2  41.74220  42.00000 175624 16
-1 -1 2  41.32610  41.32610 175640 16
-1 -1 37  41.26220  42.00000 175656 296
-1 -1 2  41.32610  42.00000 175952 16
-1 -1 40  41.25860  42.00000 175968 320
-1 -1 2  41.32750  41.32760 176288 16
-1 -1 9  41.95641  42.00000 176304 72
-1 -1 68  41.16140  41.95641 176376 544
-1 -1 22  40.84030  41.30251 176920 176
-1 -1 2  40.00000  40.03110 177096 16
-1 -1 2  40.00000  40.03110 177112 16
-1 -1 31  40.03080  40.84030 177128 248
-1 -1 6  41.14360  42.00000 177376 48
-1 -1 15  41.14330  41.19440 177424 120
-1 -1 5  41.11420  41.19440 177544 40
-1 -1 16  40.00000  40.21700 177584 128
-1 -1 105  40.59109  41.77460 177712 840
-1 -1 58  40.18970  40.81110 178552 464
-1 -1 19  40.00000  40.14920 179016 152
-1 -1 11  40.18470  40.23860 179168 88
-1 -1 11  41.04080  41.11420 179256 88
-1 -1 5  40.14170  40.15110 179344 40
-1 -1 144  41.11670  42.00000 179384 1152
-1 -1 77  40.14580  40.43030 180536 616
-1 -1 5  40.28320  40.32950 181152 40
-1 -1 21  40.00000  40.24500 181192 168
-1 -1 21  40.00000  40.21890 181360 168
-1 -1 15  41.77460  42.00000 181528 120
-1 -1 42  40.72580  41.05030 181648 336
-1 -1 19  40.00000  40.16310 181984 152
-1 -1 13  40.00000  40.16310 182136 104
-1 -1 23  40.42970  40.72470 182240 184
-1 -1 15  40.94060  41.03310 182424 120
-1 -1 4  40.00000  40.05090 182544 32
-1 -1 18  41.00420  41.20500 182576 144
-1 -1 6  40.24420  40.28320 182720 48
-1 -1 111  40.32950  41.08280 182768 888
-1 -1 79  40.05090  40.64810 183656 632
-1 -1 80  40.35030  41.07050 184288 640
-1 -1 55  41.04080  42.00000 184928 440
-1 -1 5  41.80220  42.00000 185368 40
-1 -1 16  41.58141  42.00000 185408 128
-1 -1 5  40.90950  40.92780 185536 40
-1 -1 102  40.09300  40.89890 185576 816
-1 -1 7  40.00000  40.09610 186392 56
-1 -1 179  40.92780  41.79780 186448 1432
-1 -1 5  40.89280  40.90950 187880 40
-1 -1 5  41.99550  42.00000 187920 40
-1 -1 50  41.36971  42.00000 187960 400
-1 -1 5  41.67560  42.00000 188360 40
-1 -1 3  41.87630  42.00000 188400 24
-1 -1 5  41.96360  42.00000 188424 40
-1 -1 27  41.82500  42.00000 188464 216
-1 -1 196  40.00000  41.99860 188680 1568
-1 -1 13  39.66250  39.84470 190248 104
-1 -1 7  39.87030  39.94080 190352 56
-1 -1 47  39.64530  40.00000 190408 376
-1 -1 4  39.81390  40.00000 190784 32
-1 -1 9  38.11220  38.32440 190816 72
-1 -1 9  39.38720  39.42690 190888 72
-1 -1 8  38.48390  38.70140 190960 64
-1 -1 7  38.88060  39.07550 191024 56
-1 -1 125  38.00000  39.78050 191080 1000
-1 -1 26  39.63280  40.00000 192080 208
-1 -1 77  38.87670  39.65060 192288 616
-1 -1 16  39.77380  40.00000 192904 128
-1 -1 56  39.26360  39.77890 193032 448
-1 -1 6  39.13160  39.23520 193480 48
-1 -1 74  38.84000  39.71970 193528 592
-1 -1 68  38.87810  39.77380 194120 544
-1 -1 3  39.23520  39.26360 194664 24
-1 -1 9  38.84190  39.13160 194688 72
-1 -1 86  38.39080  39.70690 194760 688
-1 -1 23  38.00000  38.12531 195448 184
-1 -1 62  38.00000  38.28500 195632 496
-1 -1 18  39.05721  40.00000 196128 144
-1 -1 18  39.05721  40.00000 196272 144
-1 -1 36  38.22530  39.05721 196416 288
-1 -1 36  38.22530  39.05721 196704 288
-1 -1 22  38.00000  38.24190 196992 176
-1 -1 22  38.00000  38.24190 197168 176
-1 -1 28  38.97670  39.29420 197344 224
-1 -1 24  39.29359  39.63060 197568 192
-1 -1 58  39.51690  40.00000 197760 464
-1 -1 47  38.00000  39.00400 198224 376
-1 -1 59  39.53670  40.00000 198600 472
-1 -1 83  38.00000  38.47220 199072 664
-1 -1 17  39.90750  40.00000 199736 136
-1 -1 38  39.50750  39.62469 199872 304
-1 -1 70  39.27470  39.62030 200176 560
-1 -1 30  39.88029  40.00000 200736 240
-1 -1 21  39.76610  39.88860 200976 168
-1 -1 17  39.90310  39.99720 201144 136
-1 -1 72  38.53360  40.00000 201280 576
-1 -1 57  39.19189  39.47330 201856 456
-1 -1 48  38.00000  38.67890 202312 384
-1 -1 10  39.82920  40.00000 202696 80
-1 -1 5  38.00000  38.02500 202776 40
-1 -1 4  38.00000  38.02500 202816 32
-1 -1 29  38.22500  38.33300 202848 232
-1 -1 9  38.00050  38.22500 203080 72
-1 -1 2  38.00000  38.00050 203152 16
-1 -1 2  38.30630  38.30640 203168 16
-1 -1 15  38.30640  38.62110 203184 120
-1 -1 127  38.00000  40.00000 203304 1016
-1 -1 52  36.00000  36.94360 204320 416
-1 -1 14  37.64861  37.83940 204736 112
-1 -1 10  36.56310  36.76640 204848 80
-1 -1 5  37.25170  37.50470 204928 40
-1 -1 9  36.92530  37.06390 204968 72
-1 -1 9  36.62970  36.70300 205040 72
-1 -1 14  36.02970  36.20500 205112 112
-1 -1 10  36.46920  36.54359 205224 80
-1 -1 100  36.00000  36.83450 205304 800
-1 -1 5  36.00000  36.00810 206104 40
-1 -1 38  36.66640  36.91440 206144 304
-1 -1 42  36.81320  37.17590 206448 336
-1 -1 6  36.00000  36.74030 206784 48
-1 -1 8  37.17590  37.32170 206832 64
-1 -1 79  37.10780  37.38470 206896 632
-1 -1 2  36.74030  37.06190 207528 16
-1 -1 22  37.05970  37.31970 207544 176
-1 -1 159  36.00000  38.00000 207720 1272
-1 -1 8  36.00000  36.02060 208992 64
-1 -1 45  36.97060  37.32220 209056 360
-1 -1 2  37.34400  37.35110 209416 16
-1 -1 57  37.32720  38.00000 209432 456
-1 -1 31  37.83430  38.00000 209888 248
-1 -1 112  37.04940  37.83430 210136 896
-1 -1 56  36.00000  37.04940 211032 448
-1 -1 5  36.00000  36.04030 211480 40
-1 -1 81  36.00031  37.57110 211520 648
-1 -1 81  36.93860  37.45800 212168 648
-1 -1 24  37.36560  38.00000 212816 192
-1 -1 24  37.36560  38.00000 213008 192
-1 -1 17  37.18580  37.68670 213200 136
-1 -1 138  36.92419  37.61501 213336 1104
-1 -1 15  37.68670  38.00000 214440 120
-1 -1 53  37.52859  38.00000 214560 424
-1 -1 71  36.67220  38.00000 214984 568
-1 -1 55  36.00000  36.56920 215552 440
-1 -1 86  36.80420  37.47639 215992 688
-1 -1 65  36.56920  36.91000 216680 520
-1 -1 11  36.00390  36.17000 217200 88
-1 -1 4  36.18470  36.21380 217288 32
-1 -1 3  36.29870  36.35789 217320 24
-1 -1 135  36.46740  38.00000 217344 1080
-1 -1 41  37.23920  37.42860 218424 328
-1 -1 27  36.81500  37.02560 218752 216
-1 -1 5  36.00000  36.00470 218968 40
-1 -1 3  36.17000  36.18470 219008 24
-1 -1 6  36.21380  36.29870 219032 48
-1 -1 5  36.35789  36.46740 219080 40
-1 -1 7  37.75860  38.00000 219120 56
-1 -1 7  37.75860  37.99670 219176 56
-1 -1 7  37.65690  37.69300 219232 56
-1 -1 2  37.99670  38.00000 219288 16
-1 -1 19  37.69530  37.83670 219304 152
-1 -1 8  37.83220  38.00000 219456 64
-1 -1 3  37.99720  38.00000 219520 24
-1 -1 36  37.18830  38.00000 219544 288
-1 -1 2  36.15140  36.15140 219832 16
-1 -1 23  34.00000  34.49020 219848 184
-1 -1 60  34.49020  36.00000 220032 480
-1 -1 5  35.92000  35.93420 220512 40
-1 -1 3  34.64799  34.65610 220552 24
-1 -1 4  35.99280  36.00000 220576 32
-1 -1 22  35.81750  36.00000 220608 176
-1 -1 66  34.00000  34.69220 220784 528
-1 -1 16  34.00000  36.00000 221312 128
-1 -1 7  35.98190  36.00000 221440 56
-1 -1 29  35.81190  36.00000 221496 232
-1 -1 5  35.54539  35.58750 221728 40
-1 -1 5  35.46970  35.52921 221768 40
-1 -1 91  34.00000  35.09560 221808 728
-1 -1 45  35.57610  35.86640 222536 360
-1 -1 4  35.52921  35.54539 222896 32
-1 -1 35  35.05780  35.46970 222928 280
-1 -1 114  34.00000  35.63970 223208 912
-1 -1 27  35.60530  36.00000 224120 216
-1 -1 91  35.14170  36.00000 224336 728
-1 -1 4  34.00000  34.05230 225064 32
-1 -1 123  34.00000  36.00000 225096 984
-1 -1 7  34.00000  34.05280 226080 56
-1 -1 27  34.24440  34.67730 226136 216
-1 -1 11  34.01070  34.16930 226352 88
-1 -1 40  34.50140  34.78310 226440 320
-1 -1 5  34.16930  34.24440 226760 40
-1 -1 11  34.00000  34.02780 226800 88
-1 -1 81  35.46111  36.00000 226888 648
-1 -1 45  34.58530  35.50031 227536 360
-1 -1 55  34.00000  35.51970 227896 440
-1 -1 4  35.84171  35.91580 228336 32
-1 -1 10  34.93060  35.08580 228368 80
-1 -1 8  35.26310  35.32920 228448 64
-1 -1 29  34.00000  34.93221 228512 232
-1 -1 20  33.12330  34.00000 228744 160
-1 -1 9  32.00000  33.12330 228904 72
-1 -1 27  32.00000  33.17250 228976 216
-1 -1 35  32.66030  32.76170 229192 280
-1 -1 99  32.00000  32.75000 229472 792
-1 -1 31  33.06190  33.29220 230264 248
-1 -1 5  33.20720  33.25170 230512 40
-1 -1 39  33.06300  33.54190 230552 312
-1 -1 8  33.62570  33.74450 230864 64
-1 -1 26  32.31360  32.95840 230928 208
-1 -1 6  33.54030  33.62570 231136 48
-1 -1 24  33.74450  34.00000 231184 192
-1 -1 6  32.00000  33.37800 231376 48
-1 -1 3  33.37531  33.94749 231424 24
-1 -1 3  32.06170  32.23610 231448 24
-1 -1 2  33.94749  34.00000 231472 16
-1 -1 3  32.00000  32.06170 231488 24
-1 -1 45  33.47970  34.00000 231512 360
-1 -1 117  32.00000  33.49220 231872 936
-1 -1 56  32.00000  34.00000 232808 448
-1 -1 15  33.74770  34.00000 233256 120
-1 -1 63  32.00000  33.13580 233376 504
-1 -1 25  33.94310  34.00000 233880 200
-1 -1 44  33.13280  33.74770 234080 352
-1 -1 5  33.65511  33.76280 234432 40
-1 -1 14  33.76280  34.00000 234472 112
-1 -1 93  32.30300  33.65511 234584 744
-1 -1 44  32.00000  32.30420 235328 352
-1 -1 32  33.40750  34.00000 235680 256
-1 -1 132  32.00000  33.40530 235936 1056
-1 -1 2  32.53560  32.62440 236992 16
-1 -1 13  32.26110  32.71830 237008 104
-1 -1 3  32.00000  32.26110 237112 24
-1 -1 16  32.00000  32.15750 237136 128
-1 -1 94  32.08530  34.00000 237264 752
-1 -1 24  30.00000  30.48650 238016 192
-1 -1 3  30.23390  32.00000 238208 24
-1 -1 50  30.48650  32.00000 238232 400
-1 -1 49  30.00000  31.64690 238632 392
-1 -1 15  30.00000  31.32250 239024 120
-1 -1 89  30.00000  31.83310 239144 712
-1 -1 41  31.82030  32.00000 239856 328
-1 -1 16  31.21720  31.59670 240184 128
-1 -1 7  31.78640  31.80890 240312 56
-1 -1 4  30.00000  30.50350 240368 32
-1 -1 5  30.50560  31.75720 240400 40
-1 -1 3  30.50350  30.50560 240440 24
-1 -1 2  31.75720  32.00000 240464 16
-1 -1 4  31.13930  32.00000 240480 32
-1 -1 7  30.00000  31.13930 240512 56
-1 -1 16  30.99790  32.00000 240568 128
-1 -1 10  30.00000  30.08440 240696 80
-1 -1 2  30.00000  30.00810 240776 16
-1 -1 31  30.00000  30.99790 240792 248
-1 -1 7  30.00000  30.03450 241040 56
-1 -1 37  30.00000  32.00000 241096 296
-1 -1 118  30.00000  31.65690 241392 944
-1 -1 82  31.60390  32.00000 242336 656
-1 -1 31  30.00000  30.52680 242992 248
-1 -1 69  30.52680  31.59640 243240 552
-1 -1 28  31.59920  32.00000 243792 224
-1 -1 128  30.86080  32.00000 244016 1024
-1 -1 79  30.00000  30.86080 245040 632
-1 -1 73  30.01030  30.42500 245672 584
-1 -1 33  30.00000  30.34220 246256 264
-1 -1 3  31.64050  32.00000 246520 24
-1 -1 4  31.33310  31.64050 246544 32
-1 -1 5  31.33310  31.78330 246576 40
-1 -1 23  31.38850  31.78330 246616 184
-1 -1 85  30.00000  31.38850 246800 680
-1 -1 31  30.00000  30.91440 247480 248
-1 -1 66  30.91440  32.00000 247728 528
-1 -1 14  28.00000  30.00000 248256 112
-1 -1 18  28.00000  30.00000 248368 144
-1 -1 2  29.19980  29.36080 248512 16
-1 -1 11  29.48560  30.00000 248528 88
-1 -1 15  29.55110  30.00000 248616 120
-1 -1 2  29.54610  29.57610 248736 16
-1 -1 5  29.18890  30.00000 248752 40
-1 -1 3  29.45940  30.00000 248792 24
-1 -1 4  29.20580  29.47440 248816 32
-1 -1 3  28.77470  29.20530 248848 24
-1 -1 17  28.53890  29.29040 248872 136
-1 -1 17  29.10440  30.00000 249008 136
-1 -1 3  28.93210  29.10250 249144 24
-1 -1 6  29.98390  30.00000 249168 48
-1 -1 6  29.85330  30.00000 249216 48
-1 -1 2  28.54160  28.54530 249264 16
-1 -1 5  28.00000  28.12180 249280 40
-1 -1 9  28.22490  28.69830 249320 72
-1 -1 5  28.00000  28.12180 249392 40
-1 -1 9  28.22490  28.69830 249432 72
-1 -1 2  29.99690  30.00000 249504 16
-1 -1 3  29.90110  30.00000 249520 24
-1 -1 5  28.12180  28.22490 249544 40
-1 -1 5  28.12180  28.22490 249584 40
-1 -1 46  28.52490  30.00000 249624 368
-1 -1 2  29.54260  29.86110 249992 16
-1 -1 27  28.00000  28.52490 250008 216
-1 -1 5  29.40610  29.54260 250224 40
-1 -1 26  29.38830  29.78770 250264 208
-1 -1 11  29.78770  30.00000 250472 88
-1 -1 4  28.00000  28.22170 250560 32
-1 -1 10  28.00000  28.04560 250592 80
-1 -1 13  28.22170  30.00000 250672 104
-1 -1 164  28.00000  30.00000 250776 1312
-1 -1 116  29.16000  30.00000 252088 928
-1 -1 149  28.00000  29.27920 253016 1192
-1 -1 24  28.00000  28.16390 254208 192
-1 -1 21  28.00000  28.11310 254400 168
-1 -1 23  28.00000  28.11920 254568 184
-1 -1 27  28.00000  28.32350 254752 216
-1 -1 16  28.00000  28.09670 254968 128
-1 -1 33  28.00000  28.32470 255096 264
-1 -1 73  28.00000  28.84420 255360 584
-1 -1 74  29.03530  29.42470 255944 592
-1 -1 37  28.84030  29.32720 256536 296
-1 -1 154  28.00000  29.46780 256832 1232
-1 -1 47  28.22330  28.54920 258064 376
-1 -1 18  28.00000  28.28410 258440 144
-1 -1 30  29.31370  30.00000 258584 240
-1 -1 143  28.98080  29.88940 258824 1144
-1 -1 161  28.01210  29.81810 259968 1288
-1 -1 2  28.00000  28.01210 261256 16
-1 -1 22  28.00000  29.11350 261272 176
-1 -1 73  29.11350  29.84750 261448 584
-1 -1 15  29.82990  30.00000 262032 120
-1 -1 37  26.00000  28.00000 262152 296
-1 -1 3  26.00000  28.00000 262448 24
-1 -1 6  27.88030  28.00000 262472 48
-1 -1 6  27.88030  28.00000 262520 48
-1 -1 7  27.17750  27.88110 262568 56
-1 -1 7  27.17750  27.88110 262624 56
-1 -1 4  26.27050  26.39980 262680 32
-1 -1 32  26.00000  26.72690 262712 256
-1 -1 10  26.00000  26.08420 262968 80
-1 -1 10  26.00000  26.08420 263048 80
-1 -1 10  26.00000  26.27880 263128 80
-1 -1 134  26.27880  28.00000 263208 1072
-1 -1 29  26.58500  27.56130 264280 232
-1 -1 29  27.70610  28.00000 264512 232
-1 -1 12  27.56130  28.00000 264744 96
-1 -1 23  26.00000  26.59670 264840 184
-1 -1 15  27.85250  28.00000 265024 120
-1 -1 80  27.33560  27.92220 265144 640
-1 -1 111  26.57030  27.52420 265784 888
-1 -1 8  27.88830  28.00000 266672 64
-1 -1 50  26.41970  26.66310 266736 400
-1 -1 69  26.34780  26.58830 267136 552
-1 -1 5  27.10040  27.13250 267688 40
-1 -1 16  27.88280  28.00000 267728 128
-1 -1 16  27.90800  28.00000 267856 128
-1 -1 61  27.80500  28.00000 267984 488
-1 -1 173  26.00000  26.63190 268472 1384
-1 -1 3  26.00000  26.00360 269856 24
-1 -1 48  26.00000  26.23170 269880 384
-1 -1 4  26.00000  26.00250 270264 32
-1 -1 35  26.36530  27.10040 270296 280
-1 -1 45  27.13250  28.00000 270576 360
-1 -1 106  26.70140  28.00000 270936 848
-1 -1 22  27.32080  28.00000 271784 176
-1 -1 11  27.86330  27.89920 271960 88
-1 -1 77  26.73700  26.90330 272048 616
-1 -1 42  27.41610  28.00000 272664 336
-1 -1 8  27.97000  28.00000 273000 64
-1 -1 10  27.72860  27.76640 273064 80
-1 -1 30  26.85170  27.47730 273144 240
-1 -1 47  27.73230  28.00000 273384 376
-1 -1 72  26.00000  27.14730 273760 576
-1 -1 124  27.08580  28.00000 274336 992
-1 -1 140  26.00000  28.00000 275328 1120
-1 -1 185  26.03830  28.00000 276448 1480
-1 -1 21  26.00000  26.06450 277928 168
-1 -1 2  26.00000  26.00000 278096 16
-1 -1 2  27.66690  27.66700 278112 16
-1 -1 3  26.00000  26.00020 278128 24
-1 -1 4  27.66670  27.66690 278152 32
-1 -1 4  26.00020  28.00000 278184 32
-1 -1 2  26.90930  27.29030 278216 16
-1 -1 2  27.66670  27.66670 278232 16
-1 -1 4  26.00000  26.90930 278248 32
-1 -1 2  25.37080  26.00000 278280 16
-1 -1 12  24.00000  25.37080 278296 96
-1 -1 3  24.00000  26.00000 278392 24
-1 -1 13  24.00000  25.47920 278416 104
-1 -1 5  24.55580  24.62030 278520 40
-1 -1 15  24.00000  24.06650 278560 120
-1 -1 49  24.11440  24.98360 278680 392
-1 -1 8  24.84720  24.89110 279072 64
-1 -1 15  25.63780  25.79000 279136 120
-1 -1 5  24.06650  24.11440 279256 40
-1 -1 9  24.86610  24.97690 279296 72
-1 -1 27  24.73440  24.97940 279368 216
-1 -1 3  25.77500  26.00000 279584 24
-1 -1 28  25.61470  26.00000 279608 224
-1 -1 28  25.61470  26.00000 279832 224
-1 -1 14  25.19300  26.00000 280056 112
-1 -1 10  24.17110  24.29670 280168 80
-1 -1 33  24.00000  24.33530 280248 264
-1 -1 116  24.17260  26.00000 280512 928
-1 -1 200  24.00000  26.00000 281440 1600
-1 -1 3  25.99830  26.00000 283040 24
-1 -1 8  25.96300  26.00000 283064 64
-1 -1 5  25.98970  26.00000 283128 40
-1 -1 37  25.27340  26.00000 283168 296
-1 -1 71  25.12670  25.27340 283464 568
-1 -1 58  24.00000  24.38000 284032 464
-1 -1 67  24.37470  25.18830 284496 536
-1 -1 9  24.00000  24.01690 285032 72
-1 -1 12  24.00000  24.09110 285104 96
-1 -1 94  24.00000  26.00000 285200 752
-1 -1 82  24.00000  25.27140 285952 656
-1 -1 7  24.00000  24.06290 286608 56
-1 -1 68  25.27140  26.00000 286664 544
-1 -1 36  24.00000  24.16080 287208 288
-1 -1 43  25.84030  26.00000 287496 344
-1 -1 3  24.00000  26.00000 287840 24
-1 -1 3  24.00000  24.99950 287864 24
-1 -1 2  25.73150  26.00000 287888 16
-1 -1 5  24.99950  25.73150 287904 40
-1 -1 3  24.49240  25.00030 287944 24
-1 -1 3  24.00000  24.49240 287968 24
-1 -1 3  22.00000  22.37670 287992 24
-1 -1 3  23.51820  24.00000 288016 24
-1 -1 3  22.37670  23.52170 288040 24
-1 -1 6  22.80730  23.51820 288064 48
-1 -1 5  22.61360  23.49750 288112 40
-1 -1 2  22.00000  23.00110 288152 16
-1 -1 3  22.56490  23.49580 288168 24
-1 -1 4  22.00000  22.56490 288192 32
-1 -1 4  22.00000  24.00000 288224 32
-1 -1 3  22.00000  22.00110 288256 24
-1 -1 3  22.00000  22.00330 288280 24
-1 -1 2  22.00000  22.00100 288304 16
-1 -1 3  22.00000  22.00050 288320 24
-1 -1 3  22.00000  22.00360 288344 24
-1 -1 3  22.00000  22.00080 288368 24
-1 -1 3  22.00000  22.00110 288392 24
-1 -1 11  22.00000  22.23220 288416 88
-1 -1 2  22.00000  22.00190 288504 16
-1 -1 3  22.00000  22.00420 288520 24
-1 -1 6  22.00000  23.12610 288544 48
-1 -1 3  22.99970  24.00000 288592 24
-1 -1 3  22.66610  22.99970 288616 24
-1 -1 32  22.69970  24.00000 288640 256
-1 -1 4  22.00000  22.69970 288896 32
-1 -1 38  23.64830  24.00000 288928 304
-1 -1 145  22.00000  24.00000 289232 1160
-1 -1 142  22.94310  24.00000 290392 1136
-1 -1 80  22.00000  23.73670 291528 640
-1 -1 10  23.92460  24.00000 292168 80
-1 -1 13  23.96190  24.00000 292248 104
-1 -1 117  22.00000  24.00000 292352 936
-1 -1 8  22.00000  22.02920 293288 64
-1 -1 22  22.00000  22.15970 293352 176
-1 -1 18  23.84360  24.00000 293528 144
-1 -1 28  23.85170  24.00000 293672 224
-1 -1 178  22.02280  24.00000 293896 1424
-1 -1 5  22.00000  22.05030 295320 40
-1 -1 52  22.00000  22.50080 295360 416
-1 -1 138  22.39610  22.79640 295776 1104
-1 -1 27  22.00000  22.39750 296880 216
-1 -1 141  22.52160  23.37780 297096 1128
-1 -1 114  22.00000  22.99080 298224 912
-1 -1 5  22.00000  22.01530 299136 40
-1 -1 10  22.46140  22.52050 299176 80
-1 -1 7  22.14390  22.45940 299256 56
-1 -1 18  22.09170  22.21420 299312 144
-1 -1 29  22.14390  22.61050 299456 232
-1 -1 11  22.00000  24.00000 299688 88
-1 -1 5  22.00000  24.00000 299776 40
-1 -1 3  23.18920  24.00000 299816 24
-1 -1 5  22.00000  23.18920 299840 40
-1 -1 70  20.22970  21.81530 299880 560
-1 -1 26  20.00000  20.28470 300440 208
-1 -1 3  20.84640  21.18090 300648 24
-1 -1 3  20.00000  20.85220 300672 24
-1 -1 3  21.18090  22.00000 300696 24
-1 -1 19  20.00000  22.00000 300720 152
-1 -1 3  21.58610  22.00000 300872 24
-1 -1 4  20.56500  21.58610 300896 32
-1 -1 2  20.00000  20.56500 300928 16
-1 -1 3  20.00000  22.00000 300944 24
-1 -1 3  20.00000  20.00200 300968 24
-1 -1 2  21.99970  22.00000 300992 16
-1 -1 3  21.99780  22.00000 301008 24
-1 -1 3  21.99830  22.00000 301032 24
-1 -1 3  21.99530  22.00000 301056 24
-1 -1 5  21.99420  22.00000 301080 40
-1 -1 2  21.99870  22.00000 301120 16
-1 -1 3  21.99780  22.00000 301136 24
-1 -1 3  21.99550  22.00000 301160 24
-1 -1 2  21.99970  22.00000 301184 16
-1 -1 4  21.99830  22.00000 301200 32
-1 -1 3  21.99830  22.00000 301232 24
-1 -1 2  21.99890  22.00000 301256 16
-1 -1 3  21.72330  21.98920 301272 24
-1 -1 3  21.76620  22.00000 301296 24
-1 -1 3  20.00000  22.00000 301320 24
-1 -1 18  21.62800  22.00000 301344 144
-1 -1 53  21.14080  22.00000 301488 424
-1 -1 4  21.99140  22.00000 301912 32
-1 -1 7  21.95360  22.00000 301944 56
-1 -1 3  21.98220  22.00000 302000 24
-1 -1 65  20.00000  20.45530 302024 520
-1 -1 14  21.69800  22.00000 302544 112
-1 -1 126  21.13970  22.00000 302656 1008
-1 -1 12  20.34610  20.40490 303664 96
-1 -1 6  20.00000  20.15530 303760 48
-1 -1 139  20.14470  21.77140 303808 1112
-1 -1 23  21.43280  21.69800 304920 184
-1 -1 36  21.43470  21.68530 305104 288
-1 -1 174  20.65720  22.00000 305392 1392
-1 -1 110  20.00000  20.97720 306784 880
-1 -1 9  21.96610  22.00000 307664 72
-1 -1 62  21.58640  22.00000 307736 496
-1 -1 15  21.53580  21.66720 308232 120
-1 -1 6  21.44920  21.55170 308352 48
-1 -1 11  20.76500  21.33930 308400 88
-1 -1 5  21.33580  21.34230 308488 40
-1 -1 4  21.33810  22.00000 308528 32
-1 -1 3  20.09010  22.00000 308560 24
-1 -1 2  20.00000  20.09010 308584 16
-1 -1 2  21.82530  22.00000 308600 16
-1 -1 72  18.97640  20.00000 308616 576
-1 -1 3  18.00000  19.14670 309192 24
-1 -1 3  19.14670  19.60800 309216 24
-1 -1 2  19.60800  20.00000 309240 16
-1 -1 4  18.00000  20.00000 309256 32
-1 -1 3  19.50120  20.00000 309288 24
-1 -1 2  18.00000  19.49970 309312 16
-1 -1 3  19.99920  20.00000 309328 24
-1 -1 3  19.99550  20.00000 309352 24
-1 -1 3  19.50030  20.00000 309376 24
-1 -1 4  18.00000  18.70820 309400 32
-1 -1 2  18.99930  18.99950 309432 16
-1 -1 4  18.70820  18.99930 309448 32
-1 -1 3  18.99950  19.66650 309480 24
-1 -1 2  18.00000  18.99780 309504 16
-1 -1 2  19.66650  20.00000 309520 16
-1 -1 124  18.00000  19.63590 309536 992
-1 -1 76  19.63590  20.00000 310528 608
-1 -1 148  18.00000  20.00000 311136 1184
-1 -1 14  18.00000  18.12960 312320 112
-1 -1 45  18.13720  18.43500 312432 360
-1 -1 18  19.22970  19.40050 312792 144
-1 -1 22  18.00000  18.21500 312936 176
-1 -1 4  18.00000  18.00720 313112 32
-1 -1 8  18.00000  18.13920 313144 64
-1 -1 9  18.00000  18.29840 313208 72
-1 -1 72  19.60560  20.00000 313280 576
-1 -1 24  19.40050  19.69250 313856 192
-1 -1 135  18.00000  19.24000 314048 1080
-1 -1 39  18.00000  18.49030 315128 312
-1 -1 5  18.00000  18.00610 315440 40
-1 -1 6  18.16110  18.18280 315480 48
-1 -1 3  18.59670  18.60300 315528 24
-1 -1 77  18.60300  19.70580 315552 616
-1 -1 27  18.04220  18.59670 316168 216
-1 -1 4  18.00000  20.00000 316384 32
-1 -1 6  16.00540  16.11900 316416 48
-1 -1 3  16.00000  16.00540 316464 24
-1 -1 21  16.11900  18.00000 316488 168
-1 -1 5  16.00000  18.00000 316656 40
-1 -1 3  16.00000  18.00000 316696 24
-1 -1 88  16.00000  17.51970 316720 704
-1 -1 30  17.48110  17.99280 317424 240
-1 -1 96  16.37780  17.52720 317664 768
-1 -1 25  17.26200  17.43410 318432 200
-1 -1 9  16.95070  17.94140 318632 72
-1 -1 2  17.94140  18.00000 318704 16
-1 -1 5  16.63080  18.00000 318720 40
-1 -1 25  17.51400  18.00000 318760 200
-1 -1 150  16.00000  17.51400 318960 1200
-1 -1 48  17.46030  18.00000 320160 384
-1 -1 55  17.53030  18.00000 320544 440
-1 -1 31  17.80170  18.00000 320984 248
-1 -1 7  17.97890  18.00000 321232 56
-1 -1 85  16.00000  18.00000 321288 680
-1 -1 32  17.45560  18.00000 321968 256
-1 -1 52  16.62720  17.45560 322224 416
-1 -1 88  16.00000  16.62860 322640 704
-1 -1 165  16.00000  17.82000 323344 1320
-1 -1 4  16.00000  17.81940 324664 32
-1 -1 18  17.87610  18.00000 324696 144
-1 -1 6  17.81890  18.00000 324840 48
-1 -1 42  16.05220  16.55280 324888 336
-1 -1 117  16.35430  16.69310 325224 936
-1 -1 52  16.00000  16.35430 326160 416
-1 -1 4  16.00000  18.00000 326576 32
-1 -1 26  14.00000  15.00190 326608 208
-1 -1 11  14.94220  15.32010 326816 88
-1 -1 20  15.35720  15.98860 326904 160
-1 -1 6  15.32010  15.43310 327064 48
-1 -1 3  15.98860  16.00000 327112 24
-1 -1 23  14.00000  15.20980 327136 184
-1 -1 3  15.20980  16.00000 327320 24
-1 -1 86  14.00000  16.00000 327344 688
-1 -1 11  14.00000  16.00000 328032 88
-1 -1 132  14.00000  16.00000 328120 1056
-1 -1 66  14.00000  14.44780 329176 528
-1 -1 158  14.00000  16.00000 329704 1264
-1 -1 5  14.32560  14.36840 330968 40
-1 -1 89  14.21750  14.44830 331008 712
-1 -1 20  14.00000  14.32560 331720 160
-1 -1 32  14.35170  14.49450 331880 256
-1 -1 112  14.70530  16.00000 332136 896
-1 -1 95  14.30470  14.70700 333032 760
-1 -1 49  14.00000  14.70800 333792 392
-1 -1 34  14.54720  15.61850 334184 272
-1 -1 2  15.61850  16.00000 334456 16
-1 -1 24  15.88750  16.00000 334472 192
-1 -1 48  14.00000  14.43140 334664 384
-1 -1 67  14.27440  15.07360 335048 536
-1 -1 27  14.00000  14.22720 335584 216
-1 -1 21  15.07360  15.72450 335800 168
-1 -1 16  14.00000  14.06580 335968 128
-1 -1 149  14.00000  14.83110 336096 1192
-1 -1 100  14.75250  15.02500 337288 800
-1 -1 100  14.72470  16.00000 338088 800
-1 -1 8  14.72610  14.77220 338888 64
-1 -1 62  14.21490  14.76420 338952 496
-1 -1 8  14.00000  14.06940 339448 64
-1 -1 143  14.76640  15.64830 339512 1144
-1 -1 8  14.06940  14.21490 340656 64
-1 -1 21  15.37390  15.70470 340720 168
-1 -1 4  15.50080  15.50720 340888 32
-1 -1 3  15.49750  15.50440 340920 24
-1 -1 2  15.49830  16.00000 340944 16
-1 -1 13  14.00000  14.28970 340960 104
-1 -1 9  14.25060  15.09000 341064 72
-1 -1 81  12.60890  14.00000 341136 648
-1 -1 23  12.00000  12.39360 341784 184
-1 -1 38  12.00000  12.72790 341968 304
-1 -1 66  12.00000  12.39580 342272 528
-1 -1 8  12.00000  12.82570 342800 64
-1 -1 6  13.70070  13.89060 342864 48
-1 -1 15  12.82570  13.89190 342912 120
-1 -1 15  12.99530  13.70070 343032 120
-1 -1 39  12.80280  13.32690 343152 312
-1 -1 30  13.17430  13.38920 343464 240
-1 -1 163  13.05670  13.72000 343704 1304
-1 -1 2  13.71720  14.00000 345008 16
-1 -1 63  12.00000  13.18790 345024 504
-1 -1 84  12.00000  12.82970 345528 672
-1 -1 10  12.82780  13.08470 346200 80
-1 -1 20  12.63710  13.10840 346280 160
-1 -1 42  13.10840  14.00000 346440 336
-1 -1 28  12.00000  12.74720 346776 224
-1 -1 16  12.00000  12.72290 347000 128
-1 -1 30  12.69390  14.00000 347128 240
-1 -1 35  12.00000  12.70890 347368 280
-1 -1 109  12.00000  14.00000 347648 872
-1 -1 107  12.00000  14.00000 348520 856
-1 -1 11  13.91500  14.00000 349376 88
-1 -1 9  13.92000  14.00000 349464 72
-1 -1 84  12.00000  13.79610 349536 672
-1 -1 6  13.92970  14.00000 350208 48
-1 -1 9  13.79580  13.93360 350256 72
-1 -1 19  13.74610  13.95370 350328 152
-1 -1 33  13.85420  14.00000 350480 264
-1 -1 7  13.95370  14.00000 350744 56
-1 -1 2  13.98420  14.00000 350800 16
-1 -1 99  12.97970  14.00000 350816 792
-1 -1 20  13.81860  13.90360 351608 160
-1 -1 39  13.40530  13.81810 351768 312
-1 -1 2  12.98670  13.00000 352080 16
-1 -1 37  13.82860  14.00000 352096 296
-1 -1 22  12.32330  12.47250 352392 176
-1 -1 2  13.59000  13.59250 352568 16
-1 -1 16  13.06110  13.16530 352584 128
-1 -1 9  12.43000  12.68470 352712 72
-1 -1 52  13.45390  13.82640 352784 416
-1 -1 66  13.16000  13.59580 353200 528
-1 -1 12  13.56900  13.70810 353728 96
-1 -1 91  12.30140  12.67750 353824 728
-1 -1 23  13.30140  13.58310 354552 184
-1 -1 15  12.00000  12.15530 354736 120
-1 -1 3  13.95610  14.00000 354856 24
-1 -1 3  13.70890  13.75390 354880 24
-1 -1 34  12.15390  12.29330 354904 272
-1 -1 19  12.29390  12.67580 355176 152
-1 -1 170  12.38030  13.56900 355328 1360
-1 -1 57  12.00000  12.22500 356688 456
-1 -1 37  12.00000  12.40780 357144 296
-1 -1 39  12.00000  12.22560 357440 312
-1 -1 9  13.75390  13.95610 357752 72
-1 -1 2  12.00000  12.00810 357824 16
-1 -1 38  12.02750  12.26330 357840 304
-1 -1 48  12.00810  12.50330 358144 384
-1 -1 31  12.25000  12.50420 358528 248
-1 -1 16  12.00000  12.02360 358776 128
-1 -1 106  12.00000  13.43970 358904 848
-1 -1 54  13.16800  13.50420 359752 432
-1 -1 41  13.27640  14.00000 360184 328
-1 -1 19  10.00000  10.27330 360512 152
-1 -1 15  10.00000  10.99580 360664 120
-1 -1 132  10.93690  11.46830 360784 1056
-1 -1 37  10.27330  10.60470 361840 296
-1 -1 6  10.96420  11.09690 362136 48
-1 -1 80  10.00000  12.00000 362184 640
-1 -1 2  11.89530  12.00000 362824 16
-1 -1 10  11.41820  11.67860 362840 80
-1 -1 30  11.67920  12.00000 362920 240
-1 -1 7  11.69390  12.00000 363160 56
-1 -1 35  10.00000  11.28020 363216 280
-1 -1 55  11.23420  12.00000 363496 440
-1 -1 112  10.00000  12.00000 363936 896
-1 -1 62  10.00000  10.73300 364832 496
-1 -1 16  10.00000  10.92170 365328 128
-1 -1 87  10.73300  12.00000 365456 696
-1 -1 63  10.00000  12.00000 366152 504
-1 -1 28  10.93190  11.88970 366656 224
-1 -1 40  10.00000  11.47700 366880 320
-1 -1 45  10.94190  11.09810 367200 360
-1 -1 3  11.88970  12.00000 367560 24
-1 -1 102  10.34500  12.00000 367584 816
-1 -1 10  10.00000  10.35190 368400 80
-1 -1 19  11.63560  12.00000 368480 152
-1 -1 25  10.03200  10.48310 368632 200
-1 -1 38  11.19300  11.69980 368832 304
-1 -1 90  10.41360  11.02280 369136 720
-1 -1 10  10.16810  10.48220 369856 80
-1 -1 24  11.66500  11.77690 369936 192
-1 -1 34  10.77060  11.19300 370128 272
-1 -1 29  11.86940  12.00000 370400 232
-1 -1 11  11.66470  11.87080 370632 88
-1 -1 53  10.76080  11.21360 370720 424
-1 -1 25  10.70830  10.92670 371144 200
-1 -1 52  10.00000  11.62420 371344 416
-1 -1 9  11.62420  11.85610 371760 72
-1 -1 34  10.95810  11.67890 371832 272
-1 -1 34  11.64080  12.00000 372104 272
-1 -1 11  11.89580  12.00000 372376 88
-1 -1 5  11.99470  12.00000 372464 40
-1 -1 8  11.89390  12.00000 372504 64
-1 -1 139  10.34290  12.00000 372568 1112
-1 -1 7  10.00000  10.11610 373680 56
-1 -1 12  10.11610  10.34290 373736 96
-1 -1 118  10.14190  10.66470 373832 944
-1 -1 80  10.25690  10.73530 374776 640
-1 -1 11  10.19060  10.26000 375416 88
-1 -1 209  10.00000  12.00000 375504 1672
-1 -1 3  11.99890  12.00000 377176 24
-1 -1 26  10.19320  10.45830 377200 208
-1 -1 59  10.00000  11.00420 377408 472
-1 -1 8  10.98920  11.00190 377880 64
-1 -1 64  10.91170  11.16670 377944 512
-1 -1 14  10.60830  10.91800 378456 112
-1 -1 9  11.09220  11.13920 378568 72
-1 -1 4  10.92830  10.96080 378640 32
-1 -1 186   8.00000  10.00000 378672 1488
-1 -1 48   8.00000  10.00000 380160 384
-1 -1 103   8.00000  10.00000 380544 824
-1 -1 109   8.00000  10.00000 381368 872
-1 -1 8   9.62066   9.71289 382240 64
-1 -1 40   8.00000   9.62066 382304 320
-1 -1 25   9.71289   9.99890 382624 200
-1 -1 2   9.99222  10.00000 382824 16
-1 -1 2   8.00000   8.00198 382840 16
-1 -1 148   8.00198   9.09999 382856 1184
-1 -1 142   9.08693  10.00000 384040 1136
-1 -1 81   8.69584  10.00000 385176 648
-1 -1 72   8.00000   8.70390 385824 576
-1 -1 87   8.00000   8.48167 386400 696
-1 -1 10   8.45975  10.00000 387096 80
-1 -1 32   9.01680  10.00000 387176 256
-1 -1 4   8.34281   9.01680 387432 32
-1 -1 5   8.00000   8.34281 387464 40
-1 -1 4   9.51803   9.53222 387504 32
-1 -1 22   9.50890  10.00000 387536 176
-1 -1 129   8.02918   9.61221 387712 1032
-1 -1 40   8.00000   8.67500 388744 320
-1 -1 104   8.00000  10.00000 389064 832
-1 -1 9   8.00000   8.10401 389896 72
-1 -1 18   8.10401   8.53529 389968 144
-1 -1 99   9.03557   9.93890 390112 792
-1 -1 140   8.27527   9.99750 390904 1120
-1 -1 48   8.27390   8.53223 392024 384
-1 -1 34   8.00000   8.48804 392408 272
-1 -1 56   9.38695  10.00000 392680 448
-1 -1 48   8.16278   8.50666 393128 384
-1 -1 4   8.09262   8.15030 393512 32
-1 -1 4   8.00000   8.03604 393544 32
-1 -1 91   8.00000   8.56944 393576 728
-1 -1 76   8.37833   9.42473 394304 608
-1 -1 34   8.37082   8.50166 394912 272
-1 -1 6   8.15030   8.19165 395184 48
-1 -1 11   8.01694   8.09262 395232 88
-1 -1 121   9.58111  10.00000 395320 968
-1 -1 83   9.39388   9.95444 396288 664
-1 -1 82   8.78056  10.00000 396952 656
-1 -1 15   8.00000   8.78001 397608 120
-1 -1 85   6.58833   8.00000 397728 680
-1 -1 81   6.28083   8.00000 398408 648
-1 -1 27   6.10056   6.59251 399056 216
-1 -1 15   6.21833   6.28028 399272 120
-1 -1 4   7.89361   8.00000 399392 32
-1 -1 61   6.36472   7.89557 399424 488
-1 -1 28   6.00000   6.88170 399912 224
-1 -1 124   6.43333   7.54406 400136 992
-1 -1 16   7.54406   8.00000 401128 128
-1 -1 70   6.00000   7.52944 401256 560
-1 -1 39   7.45779   8.00000 401816 312
-1 -1 3   7.95834   8.00000 402128 24
-1 -1 64   7.52584   7.87332 402152 512
-1 -1 87   7.54583   7.98972 402664 696
-1 -1 92   7.00346   8.00000 403360 736
-1 -1 101   6.00000   7.00346 404096 808
-1 -1 56   7.40954   8.00000 404904 448
-1 -1 80   6.00000   7.40954 405352 640
-1 -1 2   6.00000   6.04440 405992 16
-1 -1 4   6.04440   8.00000 406008 32
-1 -1 3   6.42139   6.50666 406040 24
-1 -1 92   6.00000   6.71110 406064 736
-1 -1 3   6.00000   6.02847 406800 24
-1 -1 10   6.02847   6.23471 406824 80
-1 -1 57   7.22890   8.00000 406904 456
-1 -1 48   7.02043   8.00000 407360 384
-1 -1 121   6.82744   7.10750 407744 968
-1 -1 50   6.08276   6.82744 408712 400
-1 -1 21   6.19306   6.30945 409112 168
-1 -1 9   6.00000   6.19306 409280 72
-1 -1 179   6.00000   7.84668 409352 1432
-1 -1 14   7.84527   8.00000 410784 112
-1 -1 74   6.92360   8.00000 410896 592
-1 -1 166   6.27500   7.55999 411488 1328
-1 -1 124   7.19390   8.00000 412816 992
-1 -1 57   7.36223   8.00000 413808 456
-1 -1 45   6.00000   6.29926 414264 360
-1 -1 45   6.00000   8.00000 414624 360
-1 -1 79   4.68168   6.00000 414984 632
-1 -1 112   4.00000   6.00000 415616 896
-1 -1 67   4.00000   5.15166 416512 536
-1 -1 92   4.22666   4.97765 417048 736
-1 -1 120   4.12668   4.87333 417784 960
-1 -1 213   4.86824   5.38140 418744 1704
-1 -1 125   4.55113   6.00000 420448 1000
-1 -1 121   5.01723   5.25722 421448 968
-1 -1 169   4.22489   4.68446 422416 1352
-1 -1 13   4.00000   4.22489 423768 104
-1 -1 2   4.00000   4.22547 423872 16
-1 -1 2   4.22144   4.22278 423888 16
-1 -1 61   4.48267   6.00000 423904 488
-1 -1 4   4.22547   4.61946 424392 32
-1 -1 13   4.00000   4.22144 424424 104
-1 -1 32   4.60111   5.02361 424528 256
-1 -1 18   4.00000   4.48267 424784 144
-1 -1 25   4.00000   4.28806 424928 200
-1 -1 3   4.00000   4.00055 425128 24
-1 -1 8   4.00000   4.11450 425152 64
-1 -1 41   4.11450   4.96306 425216 328
-1 -1 4   4.90251   6.00000 425544 32
-1 -1 77   5.63110   6.00000 425576 616
-1 -1 26   4.00000   4.36890 426192 208
-1 -1 94   4.01749   4.89583 426400 752
-1 -1 52   4.31138   4.90251 427152 416
-1 -1 85   4.15946   4.38611 427568 680
-1 -1 92   4.00000   6.00000 428248 736
-1 -1 20   4.00000   4.28861 428984 160
-1 -1 18   4.00000   4.22196 429144 144
-1 -1 35   4.00000   4.18473 429288 280
-1 -1 10   5.10399   5.23223 429568 80
-1 -1 41   4.49390   4.92363 429648 328
-1 -1 79   4.14640   5.20583 429976 632
-1 -1 44   5.17528   6.00000 430608 352
-1 -1 8   4.92363   5.10399 430960 64
-1 -1 58   4.00000   4.50916 431024 464
-1 -1 8   4.00000   4.24494 431488 64
-1 -1 103   4.24494   5.48556 431552 824
-1 -1 63   4.00000   5.70858 432376 504
-1 -1 3   5.70858   5.76501 432880 24
-1 -1 4   4.00000   4.03500 432904 32
-1 -1 184   4.35361   6.00000 432936 1472
-1 -1 28   5.58999   6.00000 434408 224
-1 -1 61   5.09944   5.58862 434632 488
-1 -1 10   5.08611   5.12416 435120 80
-1 -1 13   2.17087   2.34501 435200 104
-1 -1 33   2.16999   2.32694 435304 264
-1 -1 5   2.00000   2.17087 435568 40
-1 -1 77   2.00000   2.31833 435608 616
-1 -1 2   2.15882   2.16361 436224 16
-1 -1 20   2.97987   4.00000 436240 160
-1 -1 18   2.00000   2.03888 436400 144
-1 -1 9   2.00000   2.03195 436544 72
-1 -1 71   2.00000   2.20804 436616 568
-1 -1 74   2.00000   2.99138 437184 592
-1 -1 106   2.22165   3.71307 437776 848
-1 -1 14   3.47887   4.00000 438624 112
-1 -1 13   2.00000   2.42390 438736 104
-1 -1 54   3.07555   3.64193 438840 432
-1 -1 19   2.42722   3.07417 439272 152
-1 -1 143   2.00000   4.00000 439424 1144
-1 -1 35   3.49111   3.82556 440568 280
-1 -1 17   3.51138   4.00000 440848 136
-1 -1 122   2.00000   4.00000 440984 976
-1 -1 3   3.72696   4.00000 441960 24
-1 -1 51   3.40639   3.92859 441984 408
-1 -1 3   3.92859   4.00000 442392 24
-1 -1 29   3.94055   4.00000 442416 232
-1 -1 11   3.94751   4.00000 442648 88
-1 -1 2   2.00000   2.82084 442736 16
-1 -1 3   2.83278   3.98999 442752 24
-1 -1 4   2.00000   2.07056 442776 32
-1 -1 137   2.00000   4.00000 442808 1096
-1 -1 5   2.00000   2.01999 443904 40
-1 -1 38   2.79222   4.00000 443944 304
-1 -1 22   2.00000   2.14389 444248 176
-1 -1 61   2.00000   2.84001 444424 488
-1 -1 42   2.74553   4.00000 444912 336
-1 -1 8   2.46610   2.61341 445248 64
-1 -1 8   3.88385   4.00000 445312 64
-1 -1 6   2.61341   2.74553 445376 48
-1 -1 41   2.00000   2.47388 445424 328
-1 -1 64   3.56027   4.00000 445752 512
-1 -1 135   2.00000   4.00000 446264 1080
-1 -1 4   3.95203   4.00000 447344 32
-1 -1 7   2.00000   2.02390 447376 56
-1 -1 163   2.00000   3.95203 447432 1304
-1 -1 21   2.15604   2.39887 448736 168
-1 -1 9   2.00000   2.15604 448904 72
-1 -1 4   2.39887   2.44166 448976 32
-1 -1 2   2.44166   2.45389 449008 16
-1 -1 127   2.11221   2.61750 449024 1016
-1 -1 75   2.32944   3.57140 450040 600
-1 -1 27   3.62835   4.00000 450640 216
-1 -1 159   2.17389   3.61743 450856 1272
-1 -1 5   3.57140   3.62835 452128 40
-1 -1 20   3.61743   4.00000 452168 160
-1 -1 17   0.97557   1.06972 452328 136
-1 -1 3   1.00194   2.00000 452464 24
-1 -1 115   1.22167   2.00000 452488 920
-1 -1 16   0.00000   0.38923 453408 128
-1 -1 75   0.38923   1.42501 453536 600
-1 -1 45   1.77194   2.00000 454136 360
-1 -1 11   1.97778   2.00000 454496 88
-1 -1 4   1.99582   2.00000 454584 32
-1 -1 35   0.00000   1.35769 454616 280
-1 -1 27   1.65417   2.00000 454896 216
-1 -1 14   1.35769   2.00000 455112 112
-1 -1 32   0.00000   0.85411 455224 256
-1 -1 44   0.85411   2.00000 455480 352
-1 -1 3   0.00000   0.23020 455832 24
-1 -1 40   1.09248   2.00000 455856 320
-1 -1 36   0.23471   1.11388 456176 288
-1 -1 2   0.23020   0.23666 456464 16
-1 -1 3   0.00000   2.00000 456480 24
-1 -1 18   1.27834   1.46361 456504 144
-1 -1 13   1.31112   1.43001 456648 104
-1 -1 41   1.28615   2.00000 456752 328
-1 -1 96   0.85335   1.28615 457080 768
-1 -1 92   1.13417   1.58834 457848 736
-1 -1 48   1.42333   2.00000 458584 384
-1 -1 38   0.90083   1.43777 458968 304
-1 -1 118   0.22944   0.90416 459272 944
-1 -1 19   0.00000   0.27094 460216 152
-1 -1 6   0.00000   0.59110 460368 48
-1 -1 46   0.58167   0.74027 460416 368
-1 -1 11   1.75995   2.00000 460784 88
-1 -1 54   1.70471   2.00000 460872 432
-1 -1 74   0.61887   1.71362 461304 592
-1 -1 15   0.73249   1.22277 461896 120
-1 -1 27   1.17333   2.00000 462016 216
-1 -1 14   1.74249   2.00000 462232 112
-1 -1 32   1.22194   2.00000 462344 256
-1 -1 123   0.64973   1.95212 462600 984
-1 -1 10   1.95212   2.00000 463584 80
-1 -1 111   1.18556   2.00000 463664 888
-1 -1 43   1.53881   2.00000 464552 344
-1 -1 34   1.87250   2.00000 464896 272
-1 -1 15   1.83557   1.94446 465168 120
-1 -1 11   1.83688   2.00000 465288 88
-1 -1 27  -0.26807   0.00000 465376 216
-1 -1 41  -2.00000  -1.82251 465592 328
-1 -1 126  -2.00000  -0.24945 465920 1008
-1 -1 50  -2.00000   0.00000 466928 400
-1 -1 82  -1.47610   0.00000 467328 656
-1 -1 9  -2.00000  -1.69277 467984 72
-1 -1 18  -1.69277  -1.38445 468056 144
-1 -1 58  -1.44469  -0.99779 468200 464
-1 -1 37  -2.00000  -1.06139 468664 296
-1 -1 3  -1.00136  -0.99916 468960 24
-1 -1 4  -1.00111   0.00000 468984 32
-1 -1 9  -2.00000  -1.00136 469016 72
-1 -1 4  -1.67224   0.00000 469088 32
-1 -1 106  -1.09557   0.00000 469120 848
-1 -1 77  -2.00000  -0.10471 469968 616
-1 -1 90  -2.00000  -1.06999 470584 720
-1 -1 5  -0.23166   0.00000 471304 40
-1 -1 70  -2.00000  -0.23166 471344 560
-1 -1 136  -3.92612  -2.33140 471904 1088
-1 -1 118  -2.49708  -2.00000 472992 944
-1 -1 22  -2.41694  -2.00000 473936 176
-1 -1 57  -2.49973  -2.00000 474112 456
-1 -1 12  -4.00000  -3.73104 474568 96
-1 -1 44  -3.73104  -2.00000 474664 352
-1 -1 10  -4.00000  -3.33693 475016 80
-1 -1 125  -3.33361  -2.30945 475096 1000
-1 -1 46  -2.73860  -2.00000 476096 368
-1 -1 182  -4.00000  -2.29807 476464 1456
-1 -1 27  -2.39805  -2.00000 477920 216
-1 -1 2  -2.11392  -2.00000 478136 16
-1 -1 37  -3.80728  -2.11392 478152 296
-1 -1 2  -4.00000  -3.80728 478448 16
-1 -1 3  -4.00000  -2.60542 478464 24
-1 -1 9  -4.00000  -3.97833 478488 72
-1 -1 42  -4.00000  -3.36944 478560 336
-1 -1 45  -4.00000  -3.12087 478896 360
-1 -1 10  -3.12087  -2.04239 479256 80
-1 -1 2  -2.04239  -2.00000 479336 16
-1 -1 81  -2.45527  -2.00000 479352 648
-1 -1 171  -4.00000  -2.13138 480000 1368
-1 -1 4  -4.00000  -2.00000 481368 32
-1 -1 22  -5.89056  -5.83584 481400 176
-1 -1 142  -5.01418  -4.38889 481576 1136
-1 -1 60  -5.77972  -4.63362 482712 480
-1 -1 17  -6.00000  -5.85611 483192 136
-1 -1 25  -5.90805  -5.85171 483328 200
-1 -1 106  -4.90944  -4.00000 483528 848
-1 -1 27  -6.00000  -5.85223 484376 216
-1 -1 33  -4.46110  -4.00000 484592 264
-1 -1 30  -6.00000  -4.44944 484856 240
-1 -1 16  -4.28260  -4.00000 485096 128
-1 -1 2  -4.67085  -4.00000 485224 16
-1 -1 3  -6.00000  -4.00000 485240 24
-1 -1 6  -4.37293  -4.28278 485264 48
-1 -1 41  -4.47807  -4.00000 485312 328
-1 -1 4  -4.01306  -4.00000 485640 32
-1 -1 104  -5.00584  -4.00000 485672 832
-1 -1 91  -6.00000  -4.58805 486504 728
-1 -1 7  -4.16901  -4.00000 487232 56
-1 -1 172  -4.58805  -4.11249 487288 1376
-1 -1 4  -4.22416  -4.00000 488664 32
-1 -1 6  -6.05307  -6.00000 488696 48
-1 -1 178  -8.00000  -6.00000 488744 1424
-1 -1 51  -8.00000  -6.99574 490168 408
-1 -1 4  -8.00000  -7.99667 490576 32
-1 -1 61  -8.00000  -6.91444 490608 488
-1 -1 20  -6.80101  -6.00000 491096 160
-1 -1 24  -8.00000  -6.80101 491256 192
-1 -1 69  -8.00000  -6.00000 491448 552
-1 -1 6  -7.55834  -7.52770 492000 48
-1 -1 84  -7.53194  -6.00000 492048 672
-1 -1 29  -8.00000  -7.55834 492720 232
-1 -1 26  -8.10199  -8.00000 492952 208
-1 -1 6  -8.01529  -8.00000 493160 48
-1 -1 9  -8.10806  -8.00000 493208 72
-1 -1 83  -9.81494  -8.00000 493280 664
-1 -1 17 -10.00000  -9.81494 493944 136
-1 -1 62 -10.00000  -8.48139 494080 496
-1 -1 2  -8.47916  -8.30936 494576 16
-1 -1 5  -8.30936  -8.00000 494592 40
-1 -1 58  -9.07250  -8.19306 494632 464
-1 -1 118 -10.00000  -9.37334 495096 944
-1 -1 41  -9.40612  -9.04082 496040 328
-1 -1 28 -10.00000  -9.48278 496368 224
-1 -1 2  -9.10149  -8.00000 496592 16
-1 -1 121 -10.00000  -8.00000 496608 968
-1 -1 74 -10.00000  -9.42916 497576 592
-1 -1 36 -10.00000  -9.77527 498168 288
-1 -1 61 -10.00000  -9.68139 498456 488
-1 -1 123 -11.25250 -10.00000 498944 984
-1 -1 3 -12.00000 -11.85070 499928 24
-1 -1 3 -11.79000 -11.75550 499952 24
-1 -1 6 -11.73910 -11.56970 499976 48
-1 -1 5 -10.93760 -10.87140 500024 40
-1 -1 145 -11.90130 -10.86940 500064 1160
-1 -1 5 -11.85070 -11.79000 501224 40
-1 -1 3 -11.75550 -11.73910 501264 24
-1 -1 17 -11.56970 -10.93760 501288 136
-1 -1 45 -12.00000 -11.56970 501424 360
-1 -1 30 -12.00000 -11.90030 501784 240
-1 -1 109 -12.00000 -10.00000 502024 872
-1 -1 126 -12.00000 -10.00000 502896 1008
-1 -1 61 -12.00000 -11.41470 503904 488
-1 -1 87 -11.56500 -10.00000 504392 696
-1 -1 4 -12.00000 -11.99440 505088 32
-1 -1 7 -12.00000 -11.96890 505120 56
-1 -1 111 -11.74030 -11.27690 505176 888
-1 -1 20 -11.41530 -11.25220 506064 160
-1 -1 53 -11.41610 -10.80750 506224 424
-1 -1 21 -10.80750 -10.47940 506648 168
-1 -1 3 -10.00390 -10.00000 506816 24
-1 -1 4 -10.00390 -10.00000 506840 32
-1 -1 20 -11.06920 -10.00000 506872 160
-1 -1 77 -11.14060 -10.65780 507032 616
-1 -1 3 -12.00000 -10.95110 507648 24
-1 -1 40 -10.69190 -10.00000 507672 320
-1 -1 7 -10.71330 -10.65750 507992 56
-1 -1 126 -12.00000 -10.00000 508048 1008
-1 -1 6 -14.00000 -13.00420 509056 48
-1 -1 3 -13.00640 -13.00420 509104 24
-1 -1 21 -12.94180 -12.46600 509128 168
-1 -1 4 -12.22670 -12.00000 509296 32
-1 -1 4 -13.00640 -12.94180 509328 32
-1 -1 9 -12.46600 -12.22670 509360 72
-1 -1 27 -12.37310 -12.00000 509432 216
-1 -1 6 -12.01920 -12.00000 509648 48
-1 -1 207 -13.45810 -12.00000 509696 1656
-1 -1 12 -14.00000 -13.92220 511352 96
-1 -1 145 -14.00000 -12.00000 511448 1160
-1 -1 33 -14.00000 -12.00000 512608 264
-1 -1 2 -12.01190 -12.00000 512872 16
-1 -1 17 -12.12390 -12.00000 512888 136
-1 -1 11 -12.07500 -12.00000 513024 88
-1 -1 2 -12.00200 -12.00000 513112 16
-1 -1 100 -14.00000 -12.00000 513128 800
-1 -1 75 -12.53940 -12.00000 513928 600
-1 -1 128 -13.36330 -12.46000 514528 1024
-1 -1 95 -14.00000 -13.36330 515552 760
-1 -1 3 -16.00000 -14.00000 516312 24
-1 -1 34 -16.00000 -15.61610 516336 272
-1 -1 63 -15.66470 -14.41360 516608 504
-1 -1 3 -16.00000 -15.63360 517112 24
-1 -1 4 -16.00000 -15.99470 517136 32
-1 -1 50 -14.60610 -14.00000 517168 400
-1 -1 7 -14.05280 -14.00000 517568 56
-1 -1 10 -14.41360 -14.01250 517624 80
-1 -1 13 -16.00000 -14.00000 517704 104
-1 -1 99 -16.00000 -14.38560 517808 792
-1 -1 93 -16.00000 -14.00000 518600 744
-1 -1 44 -16.00000 -14.00000 519344 352
-1 -1 15 -17.27110 -17.15820 519696 120
-1 -1 109 -17.42500 -16.95220 519816 872
-1 -1 17 -17.42970 -17.38550 520688 136
-1 -1 5 -17.39220 -17.38610 520824 40
-1 -1 79 -17.89830 -17.38610 520864 632
-1 -1 21 -18.00000 -17.93080 521496 168
-1 -1 4 -18.00000 -17.99530 521664 32
-1 -1 32 -18.00000 -17.85610 521696 256
-1 -1 3 -16.17380 -16.00000 521952 24
-1 -1 2 -18.00000 -17.90160 521976 16
-1 -1 27 -17.62550 -16.17380 521992 216
-1 -1 2 -18.00000 -17.99890 522208 16
-1 -1 2 -18.00000 -17.99950 522224 16
-1 -1 3 -17.90160 -17.52470 522240 24
-1 -1 43 -18.00000 -17.80140 522264 344
-1 -1 3 -18.00000 -17.98470 522608 24
-1 -1 69 -18.00000 -17.47280 522632 552
-1 -1 13 -18.00000 -17.94580 523184 104
-1 -1 42 -18.00000 -17.78140 523288 336
-1 -1 2 -17.52470 -17.47950 523624 16
-1 -1 29 -18.00000 -17.88420 523640 232
-1 -1 18 -18.00000 -16.88360 523872 144
-1 -1 31 -16.88360 -16.00000 524016 248
-1 -1 16 -16.06530 -16.00000 524264 128
-1 -1 49 -16.43820 -16.00000 524392 392
-1 -1 37 -17.34610 -16.43820 524784 296
-1 -1 37 -18.00000 -17.35750 525080 296
-1 -1 139 -17.13550 -16.00000 525376 1112
-1 -1 19 -18.00000 -17.50530 526488 152
-1 -1 84 -18.00000 -16.00000 526640 672
-1 -1 3 -16.26930 -16.00000 527312 24
-1 -1 49 -17.40950 -16.26930 527336 392
-1 -1 23 -18.00000 -17.40950 527728 184
-1 -1 2 -18.01440 -18.00000 527912 16
-1 -1 15 -18.03810 -18.00000 527928 120
-1 -1 4 -18.01000 -18.00000 528048 32
-1 -1 4 -20.00000 -18.20330 528080 32
-1 -1 2 -18.01610 -18.00000 528112 16
-1 -1 4 -18.20330 -18.00000 528128 32
-1 -1 70 -18.48530 -18.00000 528160 560
-1 -1 5 -18.00640 -18.00000 528720 40
-1 -1 43 -19.16080 -18.00000 528760 344
-1 -1 24 -18.16780 -18.00000 529104 192
-1 -1 14 -18.06000 -18.00000 529296 112
-1 -1 19 -18.07610 -18.00000 529408 152
-1 -1 45 -20.00000 -19.16080 529560 360
-1 -1 90 -20.00000 -18.40470 529920 720
-1 -1 21 -18.41140 -18.00000 530640 168
-1 -1 11 -18.34810 -18.27000 530808 88
-1 -1 81 -20.00000 -18.00000 530896 648
-1 -1 11 -18.27130 -18.00000 531544 88
-1 -1 4 -20.00000 -19.29930 531632 32
-1 -1 5 -19.84870 -19.49790 531664 40
-1 -1 10 -20.00000 -19.29700 531704 80
-1 -1 12 -19.49790 -18.00000 531784 96
-1 -1 4 -20.00000 -19.84870 531880 32
-1 -1 4 -22.00000 -20.00000 531912 32
-1 -1 40 -20.51000 -20.00000 531944 320
-1 -1 67 -21.53730 -20.50750 532264 536
-1 -1 46 -22.00000 -21.53730 532800 368
-1 -1 2 -22.00000 -21.73220 533168 16
-1 -1 48 -21.34500 -20.00000 533184 384
-1 -1 6 -21.73220 -21.31110 533568 48
-1 -1 60 -22.00000 -20.00000 533616 480
-1 -1 12 -22.00000 -21.78750 534096 96
-1 -1 3 -22.00000 -21.92260 534192 24
-1 -1 3 -22.00000 -21.99670 534216 24
-1 -1 5 -22.00000 -20.19910 534240 40
-1 -1 3 -20.19910 -20.00000 534280 24
-1 -1 7 -20.16860 -20.06020 534304 56
-1 -1 28 -20.43130 -20.00000 534360 224
-1 -1 4 -20.55480 -20.47660 534584 32
-1 -1 9 -20.06020 -20.00000 534616 72
-1 -1 5 -20.47660 -20.43130 534688 40
-1 -1 99 -22.00000 -20.55480 534728 792
-1 -1 13 -23.23970 -22.63720 535520 104
-1 -1 4 -23.97570 -22.00140 535624 32
-1 -1 2 -22.00140 -22.00000 535656 16
-1 -1 2 -24.00000 -23.97570 535672 16
-1 -1 126 -24.00000 -22.93720 535688 1008
-1 -1 73 -22.93720 -22.18220 536696 584
-1 -1 9 -22.08140 -22.00000 537280 72
-1 -1 32 -22.22390 -22.12390 537352 256
-1 -1 7 -22.19200 -22.06310 537608 56
-1 -1 11 -24.00000 -22.41810 537664 88
-1 -1 67 -22.41580 -22.00000 537752 536
-1 -1 2 -22.04420 -22.00000 538288 16
-1 -1 34 -24.00000 -22.04420 538304 272
-1 -1 28 -22.82060 -22.00000 538576 224
-1 -1 106 -22.87360 -22.00000 538800 848
-1 -1 17 -22.14540 -22.00000 539648 136
-1 -1 81 -22.98880 -22.00000 539784 648
-1 -1 2 -22.23920 -22.00000 540432 16
-1 -1 103 -24.00000 -22.98880 540448 824
-1 -1 32 -22.29440 -22.06720 541272 256
-1 -1 5 -22.08970 -22.00000 541528 40
-1 -1 148 -22.29830 -22.08080 541568 1184
-1 -1 74 -24.00000 -22.27330 542752 592
-1 -1 28 -24.00000 -23.80390 543344 224
-1 -1 96 -26.00000 -24.00000 543568 768
-1 -1 2 -26.00000 -24.76610 544336 16
-1 -1 3 -25.65690 -25.65180 544352 24
-1 -1 107 -26.00000 -25.26420 544376 856
-1 -1 59 -25.83220 -25.61970 545232 472
-1 -1 5 -25.65180 -25.61770 545704 40
-1 -1 16 -25.62440 -24.73970 545744 128
-1 -1 8 -24.74450 -24.72330 545872 64
-1 -1 29 -24.63190 -24.00000 545936 232
-1 -1 6 -24.72460 -24.61890 546168 48
-1 -1 4 -24.41210 -24.00000 546216 32
-1 -1 3 -24.77380 -24.60220 546248 24
-1 -1 5 -25.53130 -25.40510 546272 40
-1 -1 11 -26.00000 -25.66190 546312 88
-1 -1 3 -25.99090 -25.95750 546400 24
-1 -1 3 -24.60220 -24.41210 546424 24
-1 -1 4 -25.40510 -24.77380 546448 32
-1 -1 5 -25.66190 -25.53130 546480 40
-1 -1 3 -26.00000 -25.99090 546520 24
-1 -1 77 -26.00000 -24.29320 546544 616
-1 -1 3 -24.29320 -24.00000 547160 24
-1 -1 12 -24.04170 -24.00000 547184 96
-1 -1 2 -24.34860 -24.03290 547280 16
-1 -1 66 -25.04930 -24.24860 547296 528
-1 -1 72 -26.00000 -25.04930 547824 576
-1 -1 6 -24.02030 -24.00000 548400 48
-1 -1 76 -26.00000 -24.00000 548448 608
-1 -1 68 -25.68670 -25.49390 549056 544
-1 -1 32 -26.00000 -25.56820 549600 256
-1 -1 3 -28.00000 -26.45500 549856 24
-1 -1 59 -26.89580 -26.64520 549880 472
-1 -1 39 -26.89670 -26.00000 550352 312
-1 -1 2 -26.45500 -26.00000 550664 16
-1 -1 45 -26.64520 -26.00000 550680 360
-1 -1 39 -27.31610 -26.00000 551040 312
-1 -1 20 -26.88180 -26.80810 551352 160
-1 -1 8 -26.83940 -26.00000 551512 64
-1 -1 78 -28.00000 -26.00000 551576 624
-1 -1 96 -27.29500 -26.10150 552200 768
-1 -1 16 -27.31670 -27.26560 552968 128
-1 -1 9 -26.10150 -26.00000 553096 72
-1 -1 68 -27.58830 -27.26860 553168 544
-1 -1 127 -28.00000 -27.18920 553712 1016
-1 -1 97 -27.44330 -26.00000 554728 776
-1 -1 13 -27.43250 -27.32270 555504 104
-1 -1 19 -27.19950 -27.11940 555608 152
-1 -1 61 -27.17170 -26.00000 555760 488
-1 -1 138 -28.82670 -28.02860 556248 1104
-1 -1 86 -28.96250 -28.42220 557352 688
-1 -1 2 -28.42550 -28.00000 558040 16
-1 -1 85 -29.64170 -28.85330 558056 680
-1 -1 7 -30.00000 -29.64310 558736 56
-1 -1 98 -30.00000 -28.61330 558792 784
-1 -1 44 -28.88530 -28.56940 559576 352
-1 -1 9 -29.45410 -29.26670 559928 72
-1 -1 68 -29.26670 -28.00000 560000 544
-1 -1 17 -30.00000 -29.45410 560544 136
-1 -1 71 -30.00000 -28.49930 560680 568
-1 -1 56 -28.49930 -28.00000 561248 448
-1 -1 20 -30.64630 -30.40450 561696 160
-1 -1 17 -30.31780 -30.00000 561856 136
-1 -1 13 -30.40450 -30.30950 561992 104
-1 -1 55 -30.65890 -30.00000 562096 440
-1 -1 89 -32.00000 -30.35500 562536 712
-1 -1 26 -30.39490 -30.00000 563248 208
-1 -1 9 -31.53570 -31.41490 563456 72
-1 -1 15 -32.00000 -31.66860 563528 120
-1 -1 59 -31.41490 -30.00000 563648 472
-1 -1 7 -31.66860 -31.53570 564120 56
-1 -1 8 -31.08170 -30.91700 564176 64
-1 -1 89 -30.79940 -30.09720 564240 712
-1 -1 90 -31.92530 -30.84440 564952 720
-1 -1 5 -30.91700 -30.79940 565672 40
-1 -1 7 -32.00000 -31.92530 565712 56
-1 -1 52 -32.86990 -32.00000 565768 416
-1 -1 19 -33.29890 -32.90770 566184 152
-1 -1 5 -32.90770 -32.86990 566336 40
-1 -1 49 -34.00000 -33.23720 566376 392
-1 -1 15 -32.45000 -32.00000 566768 120
-1 -1 43 -34.00000 -32.45390 566888 344
-1 -1 62 -33.74580 -32.00000 567232 496
-1 -1 89 -36.00000 -34.27260 567728 712
-1 -1 22 -34.28610 -34.00000 568440 176
-1 -1 4 -34.17360 -34.00000 568616 32
-1 -1 119 -38.00000 -36.00000 568648 952
-1 -1 102 -40.00000 -38.00000 569600 816
-1 -1 102 -42.00000 -40.00000 570416 816
-1 -1 43 -43.12100 -42.12730 571232 344
-1 -1 22 -42.17830 -42.00000 571576 176
-1 -1 80 -44.00000 -43.12100 571752 640
-1 -1 12 -44.90730 -44.75420 572392 96
-1 -1 76 -44.80360 -44.00000 572488 608
-1 -1 76 -46.00000 -44.90730 573096 608
-1 -1 37 -48.00000 -47.19890 573704 296
-1 -1 66 -47.23450 -46.00000 574000 528
-1 -1 92 -50.00000 -48.00000 574528 736
-1 -1 102 -51.82980 -50.00000 575264 816
-1 -1 10 -51.99780 -51.82980 576080 80
-1 -1 3 -51.99800 -51.99550 576160 24
-1 -1 3 -52.00000 -51.99640 576184 24
-1 -1 2 -54.00000 -52.64360 576208 16
-1 -1 10 -52.37810 -52.00000 576224 80
-1 -1 3 -54.88580 -54.00000 576304 24
