-1 -1 2  70.00000  70.06710 0 16
-1 -1 2  70.00000  70.08820 16 16
-1 -1 7  50.00000  51.01900 32 56
-1 -1 7  50.00000  53.60750 88 56
-1 -1 2  54.46630  54.47670 144 16
-1 -1 2  50.00000  50.32320 160 16
-1 -1 18  58.90490  68.50860 176 144
-1 -1 3  50.00000  50.16690 320 24
-1 -1 2  50.00000  51.09100 344 16
-1 -1 4  50.86580  53.27000 360 32
-1 -1 3  50.75650  51.48650 392 24
-1 -1 2  50.00000  50.12660 416 16
-1 -1 2  54.76570  55.08640 432 16
-1 -1 6  50.00000  54.46630 448 48
-1 -1 2  68.40670  69.05760 496 16
-1 -1 8  65.51320  70.00000 512 64
-1 -1 7  62.91430  69.05060 576 56
-1 -1 4  55.67540  56.45060 632 32
-1 -1 4  55.67540  56.45060 664 32
-1 -1 3  53.94780  54.97720 696 24
-1 -1 3  53.94780  54.97720 720 24
-1 -1 4  50.00000  50.95950 744 32
-1 -1 3  51.84390  52.36700 776 24
-1 -1 3  57.53580  58.08450 800 24
-1 -1 2  55.60310  56.14940 824 16
-1 -1 2  55.60310  56.14940 840 16
-1 -1 2  51.37510  51.63029 856 16
-1 -1 2  60.54760  62.91250 872 16
-1 -1 2  56.15120  57.53640 888 16
-1 -1 4  69.02950  70.00000 904 32
-1 -1 2  54.46080  55.60310 936 16
-1 -1 2  51.53110  51.92260 952 16
-1 -1 2  51.63029  51.92080 968 16
-1 -1 2  52.10820  53.12110 984 16
-1 -1 2  53.12110  53.43880 1000 16
-1 -1 3  54.97720  55.67480 1016 24
-1 -1 3  54.97720  55.67480 1040 24
-1 -1 2  50.95950  51.25950 1064 16
-1 -1 2  51.25280  51.37510 1080 16
-1 -1 2  53.43850  53.80440 1096 16
-1 -1 2  51.25310  51.94431 1112 16
-1 -1 2  55.07210  55.24879 1128 16
-1 -1 2  54.36501  55.07180 1144 16
-1 -1 2  58.00980  59.15970 1160 16
-1 -1 2  51.94431  52.10820 1176 16
-1 -1 2  51.36900  51.84330 1192 16
-1 -1 2  57.53580  58.00980 1208 16
-1 -1 2  54.00211  54.46021 1224 16
-1 -1 2  55.67509  55.82650 1240 16
-1 -1 2  55.67509  55.82650 1256 16
-1 -1 2  55.79200  56.14940 1272 16
-1 -1 2  55.79200  56.14940 1288 16
-1 -1 2  53.80320  54.00211 1304 16
-1 -1 2  59.15970  59.35260 1320 16
-1 -1 2  55.79200  55.82650 1336 16
-1 -1 2  55.79200  55.82650 1352 16
-1 -1 2  51.25950  51.36900 1368 16
-1 -1 2  59.35260  59.47860 1384 16
-1 -1 2  60.25529  60.54550 1400 16
-1 -1 3  50.00000  51.76910 1416 24
-1 -1 2  50.00000  50.37510 1440 16
-1 -1 6  50.52831  51.12000 1456 48
-1 -1 3  50.47820  51.15600 1504 24
-1 -1 4  51.45480  51.78100 1528 32
-1 -1 2  50.00000  50.37690 1560 16
-1 -1 2  50.52859  51.50670 1576 16
-1 -1 2  51.46429  51.50670 1592 16
-1 -1 2  51.08490  51.15600 1608 16
-1 -1 2  51.08459  51.12000 1624 16
-1 -1 9  52.00080  54.18250 1640 72
-1 -1 4  50.79260  51.26470 1712 32
-1 -1 2  50.85330  51.66930 1744 16
-1 -1 6  53.43600  54.38790 1760 48
-1 -1 3  54.64520  55.36720 1808 24
-1 -1 4  53.34570  54.47549 1832 32
-1 -1 2  54.39090  54.64301 1864 16
-1 -1 2  54.39090  54.64301 1880 16
-1 -1 3  54.19320  55.29670 1896 24
-1 -1 2  55.29730  55.36840 1920 16
-1 -1 2  51.61990  52.00080 1936 16
-1 -1 3  53.43600  54.11110 1952 24
-1 -1 2  51.66930  53.34540 1976 16
-1 -1 2  54.19780  54.39250 1992 16
-1 -1 2  51.42820  51.61990 2008 16
-1 -1 2  54.18250  54.19680 2024 16
-1 -1 2  51.26680  51.43010 2040 16
-1 -1 5  50.00000  50.87460 2056 40
-1 -1 5  50.00000  52.14360 2096 40
-1 -1 3  50.00000  51.00250 2136 24
-1 -1 4  50.73610  51.31440 2160 32
-1 -1 3  50.00000  50.28410 2192 24
-1 -1 6  50.00000  51.88020 2216 48
-1 -1 2  50.00000  51.12950 2264 16
-1 -1 7  50.20840  53.55410 2280 56
-1 -1 2  50.00000  50.20290 2336 16
-1 -1 3  60.30750  69.64570 2352 24
-1 -1 9  54.70770  60.35229 2376 72
-1 -1 3  54.09950  55.07060 2448 24
-1 -1 4  49.23280  50.00000 2472 32
-1 -1 5  45.76780  46.87100 2504 40
-1 -1 4  47.58510  50.00000 2544 32
-1 -1 6  30.00000  33.17240 2576 48
-1 -1 14  43.78870  47.54060 2624 112
-1 -1 10  47.27470  50.00000 2736 80
-1 -1 6  46.86920  48.15460 2816 48
-1 -1 6  45.93221  47.80700 2864 48
-1 -1 2  39.80700  39.84480 2912 16
-1 -1 3  41.85049  42.62590 2928 24
-1 -1 2  48.61690  49.51810 2952 16
-1 -1 3  49.46010  50.00000 2968 24
-1 -1 3  49.98020  50.00000 2992 24
-1 -1 6  45.59810  47.09470 3016 48
-1 -1 7  30.23380  36.94350 3064 56
-1 -1 5  48.14420  49.01880 3120 40
-1 -1 2  42.60210  42.70920 3160 16
-1 -1 2  49.54500  50.00000 3176 16
-1 -1 2  42.43460  42.50690 3192 16
-1 -1 3  42.50690  42.56550 3208 24
-1 -1 2  42.95280  43.18230 3232 16
-1 -1 2  39.87010  39.93060 3248 16
-1 -1 2  43.91350  43.91620 3264 16
-1 -1 2  47.06420  47.27410 3280 16
-1 -1 2  48.01241  48.14360 3296 16
-1 -1 2  42.46111  42.46230 3312 16
-1 -1 2  42.48650  42.66290 3328 16
-1 -1 2  41.34140  41.41071 3344 16
-1 -1 2  43.72950  43.75750 3360 16
-1 -1 2  47.69310  47.69310 3376 16
-1 -1 10  42.54601  45.18640 3392 80
-1 -1 2  43.12340  43.53440 3472 16
-1 -1 3  44.85310  45.90750 3488 24
-1 -1 4  45.45860  46.48370 3512 32
-1 -1 4  49.07840  49.43690 3544 32
-1 -1 9  43.62480  46.15140 3576 72
-1 -1 8  30.00000  33.37800 3648 64
-1 -1 3  30.00000  31.64710 3712 24
-1 -1 9  45.21201  48.26380 3736 72
-1 -1 4  48.41180  50.00000 3808 32
-1 -1 3  47.95350  48.57600 3840 24
-1 -1 6  40.73530  41.75010 3864 48
-1 -1 5  35.92661  36.83360 3912 40
-1 -1 5  39.66900  42.53990 3952 40
-1 -1 2  30.00000  31.32270 3992 16
-1 -1 6  41.34140  44.22630 4008 48
-1 -1 5  30.00000  31.83290 4056 40
-1 -1 2  49.90331  50.00000 4096 16
-1 -1 2  31.98670  32.75000 4112 16
-1 -1 2  46.55120  48.00990 4128 16
-1 -1 2  49.62310  49.90421 4144 16
-1 -1 3  41.71250  42.08820 4160 24
-1 -1 2  33.37531  33.94480 4184 16
-1 -1 2  31.93850  32.23610 4200 16
-1 -1 3  47.83141  48.36760 4216 24
-1 -1 3  47.10930  47.86830 4240 24
-1 -1 2  48.58820  49.06550 4264 16
-1 -1 2  48.07130  48.46490 4280 16
-1 -1 2  48.25860  48.46490 4296 16
-1 -1 2  33.09390  33.24900 4312 16
-1 -1 2  36.02980  36.20490 4328 16
-1 -1 2  31.21740  31.59670 4344 16
-1 -1 2  48.00960  48.07130 4360 16
-1 -1 2  48.36760  48.58820 4376 16
-1 -1 2  37.64870  37.83950 4392 16
-1 -1 2  36.46920  36.49150 4408 16
-1 -1 2  45.13730  45.43180 4424 16
-1 -1 2  46.41570  46.55120 4440 16
-1 -1 2  36.56290  36.76649 4456 16
-1 -1 2  37.25170  37.50470 4472 16
-1 -1 2  38.11230  38.32440 4488 16
-1 -1 2  39.38741  39.39861 4504 16
-1 -1 2  36.93000  37.06400 4520 16
-1 -1 2  39.81400  40.03620 4536 16
-1 -1 2  36.62970  36.64130 4552 16
-1 -1 2  38.48400  38.70130 4568 16
-1 -1 2  40.25439  40.40359 4584 16
-1 -1 2  38.88040  39.07550 4600 16
-1 -1 2  31.80760  31.80820 4616 16
-1 -1 2  33.20710  33.25170 4632 16
-1 -1 2  43.90430  43.92900 4648 16
-1 -1 2  41.94230  42.32650 4664 16
-1 -1 3  42.56340  43.12340 4680 24
-1 -1 4  33.09450  34.65610 4704 32
-1 -1 14  30.00000  39.64861 4736 112
-1 -1 2  36.83360  37.32160 4848 16
-1 -1 7  36.95200  38.28200 4864 56
-1 -1 8  41.26270  42.79770 4920 64
-1 -1 5  39.63271  41.58310 4984 40
-1 -1 6  38.44530  39.71970 5024 48
-1 -1 3  49.94200  50.00000 5072 24
-1 -1 5  38.87800  41.29870 5096 40
-1 -1 5  36.97060  37.38480 5136 40
-1 -1 4  41.89680  42.89910 5176 32
-1 -1 4  41.89680  42.89910 5208 32
-1 -1 4  41.89680  42.89910 5240 32
-1 -1 6  46.34550  48.24860 5272 48
-1 -1 4  41.28680  42.33720 5320 32
-1 -1 2  49.60510  49.62310 5352 16
-1 -1 3  42.89910  43.54570 5368 24
-1 -1 3  42.89910  43.54570 5392 24
-1 -1 3  41.05000  41.89590 5416 24
-1 -1 3  41.19620  41.89720 5440 24
-1 -1 4  33.94480  37.06190 5464 32
-1 -1 3  30.00000  31.93850 5496 24
-1 -1 3  38.84200  39.70570 5520 24
-1 -1 3  48.24860  50.00000 5544 24
-1 -1 2  49.06550  49.18390 5568 16
-1 -1 3  30.00000  30.01530 5584 24
-1 -1 2  41.11070  41.29780 5608 16
-1 -1 2  41.11070  41.29780 5624 16
-1 -1 2  41.32620  45.00300 5640 16
-1 -1 3  45.00240  45.57120 5656 24
-1 -1 2  37.05970  37.31980 5680 16
-1 -1 2  49.18390  49.60049 5696 16
-1 -1 2  40.66479  40.66510 5712 16
-1 -1 2  30.00000  30.00790 5728 16
-1 -1 2  41.00420  41.00570 5744 16
-1 -1 17  33.40760  41.93130 5760 136
-1 -1 3  44.86230  44.92970 5896 24
-1 -1 23  30.00000  38.47210 5920 184
-1 -1 12  30.00000  37.02560 6104 96
-1 -1 7  30.86490  33.40520 6200 56
-1 -1 3  30.00000  31.59640 6256 24
-1 -1 4  35.60520  36.95200 6280 32
-1 -1 4  41.23430  42.22400 6312 32
-1 -1 7  32.30320  35.50031 6344 56
-1 -1 3  37.36550  40.03100 6400 24
-1 -1 3  37.36550  40.03100 6424 24
-1 -1 6  41.00420  42.25270 6448 48
-1 -1 4  40.14570  41.00600 6496 32
-1 -1 6  42.25330  43.26860 6528 48
-1 -1 3  42.33051  42.80630 6576 24
-1 -1 4  39.50760  40.24490 6600 32
-1 -1 5  40.60750  42.25270 6632 40
-1 -1 4  39.19200  39.62020 6672 32
-1 -1 4  37.18580  39.29430 6704 32
-1 -1 5  40.22450  41.05030 6736 40
-1 -1 4  39.29370  40.14910 6776 32
-1 -1 3  40.03070  41.23550 6808 24
-1 -1 5  42.42419  43.73770 6832 40
-1 -1 5  42.42419  43.73770 6872 40
-1 -1 2  31.59910  32.30410 6912 16
-1 -1 2  42.80630  43.26860 6928 16
-1 -1 3  39.89330  40.16310 6944 24
-1 -1 2  43.48620  44.60530 6968 16
-1 -1 4  41.14370  42.42390 6984 32
-1 -1 2  41.14340  41.19431 7016 16
-1 -1 2  39.88750  39.88820 7032 16
-1 -1 2  40.42979  40.72470 7048 16
-1 -1 2  40.18480  40.22450 7064 16
-1 -1 2  41.05150  41.19431 7080 16
-1 -1 2  40.99930  41.00110 7096 16
-1 -1 2  40.14180  40.14910 7112 16
-1 -1 6  41.93130  44.86230 7128 48
-1 -1 19  42.68790  49.17300 7176 152
-1 -1 2  49.17050  50.00000 7328 16
-1 -1 3  49.73450  50.00000 7344 24
-1 -1 3  30.00000  30.86490 7368 24
-1 -1 5  49.09210  50.00000 7392 40
-1 -1 2  42.19650  42.33051 7432 16
-1 -1 3  30.00000  30.34210 7448 24
-1 -1 19  41.58130  50.00000 7472 152
-1 -1 5  49.14211  50.00000 7624 40
-1 -1 2  49.94350  50.00000 7664 16
-1 -1 2  49.99050  50.00000 7680 16
-1 -1 3  49.50771  49.98930 7696 24
-1 -1 8  40.09290  43.00560 7720 64
-1 -1 8  42.29539  48.26750 7784 64
-1 -1 6  47.68550  50.00000 7848 48
-1 -1 2  38.22490  38.30640 7896 16
-1 -1 2  38.30640  38.62100 7912 16
-1 -1 2  39.82930  40.09600 7928 16
-1 -1 2  38.00060  38.22490 7944 16
-1 -1 2  37.69540  37.83280 7960 16
-1 -1 2  37.83220  38.00060 7976 16
-1 -1 2  37.75860  38.02500 7992 16
-1 -1 2  37.75860  37.99660 8008 16
-1 -1 2  37.65700  37.66430 8024 16
-1 -1 2  37.99660  38.02500 8040 16
-1 -1 4  48.27820  48.99960 8056 32
-1 -1 9  30.00000  32.71820 8088 72
-1 -1 3  48.99960  48.99960 8160 24
-1 -1 5  48.09600  49.37650 8184 40
-1 -1 4  41.67560  42.54990 8224 32
-1 -1 8  43.01630  48.31240 8256 64
-1 -1 2  42.55420  43.01320 8320 16
-1 -1 8  42.48280  46.12240 8336 64
-1 -1 5  45.59320  47.36450 8400 40
-1 -1 3  46.11960  47.47130 8440 24
-1 -1 2  45.18390  45.59470 8464 16
-1 -1 7  30.00000  35.08580 8480 56
-1 -1 8  37.18820  41.99850 8536 64
-1 -1 2  42.70980  43.39709 8600 16
-1 -1 2  35.27350  35.32910 8616 16
-1 -1 2  35.84180  35.91590 8632 16
-1 -1 2  36.15150  36.15150 8648 16
-1 -1 13  10.00000  13.89040 8664 104
-1 -1 11  21.49830  30.00000 8768 88
-1 -1 7  15.35710  21.81540 8856 56
-1 -1 2  10.00000  10.27340 8912 16
-1 -1 4  10.00000  12.39350 8928 32
-1 -1 6  13.71710  23.00100 8960 48
-1 -1 4  10.00000  12.82960 9008 32
-1 -1 3  10.00000  10.99580 9040 24
-1 -1 7  11.89520  15.00190 9064 56
-1 -1 4  11.02480  11.67850 9120 32
-1 -1 2  20.84640  23.52160 9152 16
-1 -1 3  11.67910  12.39600 9168 24
-1 -1 2  14.99180  15.35930 9192 16
-1 -1 3  11.69380  13.89200 9208 24
-1 -1 3  19.14660  20.85220 9232 24
-1 -1 2  10.27340  10.60490 9256 16
-1 -1 2  12.82780  13.08170 9272 16
-1 -1 2  10.96410  11.09680 9288 16
-1 -1 2  10.00000  10.92160 9304 16
-1 -1 10  10.00000  17.99270 9320 80
-1 -1 4  29.18880  30.00000 9400 32
-1 -1 6  19.50030  30.00000 9432 48
-1 -1 8  10.00000  19.49970 9480 64
-1 -1 2  29.48550  30.00000 9544 16
-1 -1 5  21.99850  22.23220 9560 40
-1 -1 2  29.55110  30.00000 9600 16
-1 -1 3  21.76810  23.12610 9616 24
-1 -1 2  29.54620  29.57610 9640 16
-1 -1 3  10.00000  11.47710 9656 24
-1 -1 2  29.85320  30.00000 9680 16
-1 -1 5  22.69980  24.97950 9696 40
-1 -1 4  28.54520  29.47450 9736 32
-1 -1 3  29.45950  30.00000 9768 24
-1 -1 5  10.98210  12.70880 9792 40
-1 -1 3  25.77510  26.72600 9832 24
-1 -1 2  29.10430  30.00000 9856 16
-1 -1 2  27.17740  28.69840 9872 16
-1 -1 2  27.17740  28.69840 9888 16
-1 -1 3  28.77470  29.20530 9904 24
-1 -1 6  18.99920  25.47910 9928 48
-1 -1 2  25.63620  26.06560 9976 16
-1 -1 2  25.63620  26.06560 9992 16
-1 -1 2  25.63780  25.79000 10008 16
-1 -1 2  29.90110  30.00000 10024 16
-1 -1 2  24.55590  24.62030 10040 16
-1 -1 8  16.37770  18.99920 10056 64
-1 -1 9  25.19310  30.00000 10120 72
-1 -1 4  29.38840  30.00000 10192 32
-1 -1 11  24.26900  30.00000 10224 88
-1 -1 3  23.64830  24.32120 10312 24
-1 -1 19  21.14090  26.63200 10336 152
-1 -1 12  10.34490  20.38830 10488 96
-1 -1 7  26.53280  30.00000 10584 56
-1 -1 17  21.98230  29.46750 10640 136
-1 -1 14  22.04850  28.54920 10776 112
-1 -1 9  26.37260  28.32490 10888 72
-1 -1 4  27.76490  29.32710 10960 32
-1 -1 4  27.86430  30.00000 10992 32
-1 -1 2  21.96980  22.05040 11024 16
-1 -1 2  10.00000  10.35190 11040 16
-1 -1 14  21.14270  23.37790 11056 112
-1 -1 2  20.34620  20.35230 11168 16
-1 -1 10  13.92070  18.42110 11184 80
-1 -1 12  19.61200  22.39770 11264 96
-1 -1 4  11.63550  14.35070 11360 32
-1 -1 4  16.62730  19.69250 11392 32
-1 -1 5  17.52760  20.15520 11424 40
-1 -1 5  10.42240  11.66990 11464 40
-1 -1 5  14.70530  16.62850 11504 40
-1 -1 4  20.15760  21.68290 11544 32
-1 -1 3  11.86950  13.79610 11576 24
-1 -1 4  17.53030  18.21420 11600 32
-1 -1 3  14.32410  14.70680 11632 24
-1 -1 4  10.03200  10.42390 11656 32
-1 -1 5  22.14370  22.60940 11688 40
-1 -1 2  13.92980  14.70800 11728 16
-1 -1 2  21.43270  21.96980 11744 16
-1 -1 2  21.43480  21.68540 11760 16
-1 -1 2  22.20330  22.20390 11776 16
-1 -1 2  21.44910  21.66740 11792 16
-1 -1 2  11.66480  11.87080 11808 16
-1 -1 2  13.79580  13.93350 11824 16
-1 -1 6  28.14420  30.00000 11840 48
-1 -1 10  14.54840  17.81990 11888 80
-1 -1 4  25.96640  28.14420 11968 32
-1 -1 8  12.99990  14.99310 12000 64
-1 -1 3  10.70830  11.06290 12064 24
-1 -1 3  13.81870  14.43150 12088 24
-1 -1 2  14.27440  15.07360 12112 16
-1 -1 3  17.81900  18.48770 12128 24
-1 -1 2  13.74610  14.22740 12152 16
-1 -1 2  15.07360  15.72460 12168 16
-1 -1 2  13.40520  13.81810 12184 16
-1 -1 2  12.98680  12.99990 12200 16
-1 -1 3  10.00000  11.85310 12216 24
-1 -1 2  18.04210  19.70600 12240 16
-1 -1 9  20.76490  30.00000 12256 72
-1 -1 7  10.00000  13.50410 12328 56
-1 -1 4  14.72480  16.63860 12384 32
-1 -1 5  12.32330  13.70790 12416 40
-1 -1 6  10.00000  12.00810 12456 48
-1 -1 6  13.06100  13.82640 12504 48
-1 -1 7  14.72600  15.70470 12552 56
-1 -1 6  15.49840  27.29030 12608 48
-1 -1 2  10.00000  11.00400 12656 16
-1 -1 4  10.95800  12.15520 12672 32
-1 -1 4  10.15110  10.66470 12704 32
-1 -1 6  13.27640  15.09010 12736 48
-1 -1 3  11.89580  12.25190 12784 24
-1 -1 4  11.89390  12.40790 12808 32
-1 -1 2  11.00130  11.10930 12840 16
-1 -1 2  21.82510  25.00020 12856 16
-1 -1 2  13.70890  14.76420 12872 16
-1 -1 3  10.25700  10.72140 12888 24
-1 -1 2  12.00810  12.50340 12912 16
-1 -1 2  10.25820  10.43370 12928 16
-1 -1 2  27.66660  27.66690 12944 16
-1 -1 2  12.15400  12.29340 12960 16
-1 -1 2  12.25010  12.50430 12976 16
-1 -1 2  12.29400  12.67580 12992 16
-1 -1 2  10.60820  10.91800 13008 16
-1 -1 2  11.09860  11.13920 13024 16
-1 -1 2  10.92840  10.96070 13040 16
-1 -1 7  -8.09812  -5.85657 13056 56
-1 -1 7   4.68162  10.00000 13112 56
-1 -1 18  -3.92325   2.26642 13168 144
-1 -1 5   7.98520   9.08598 13312 40
-1 -1 4   3.47890   5.13542 13352 32
-1 -1 9  -5.01427   2.42390 13384 72
-1 -1 7   1.72198   7.52956 13456 56
-1 -1 4   6.58839  10.00000 13512 32
-1 -1 7   7.52682   9.98993 13544 56
-1 -1 4   7.89364  10.00000 13600 32
-1 -1 4   2.22156   3.64187 13632 32
-1 -1 2   9.99237  10.00000 13664 16
-1 -1 4   0.97551   2.34485 13680 32
-1 -1 4   6.28077  10.00000 13712 32
-1 -1 4  -5.77966  -4.63371 13744 32
-1 -1 2   6.36469   7.89548 13776 16
-1 -1 2   7.54574   7.98672 13792 16
-1 -1 2  -6.05249  -5.85626 13808 16
-1 -1 2   2.42725   3.07424 13824 16
-1 -1 2   6.10040   6.59236 13840 16
-1 -1 2   6.21820   6.28016 13856 16
-1 -1 3 -10.00000  -8.48142 13872 24
-1 -1 4 -10.00000  -7.05531 13896 32
-1 -1 23  -4.67094  10.00000 13928 184
-1 -1 13   3.40658  10.00000 14112 104
-1 -1 4 -10.00000  -9.39605 14216 32
-1 -1 3   9.08598  10.00000 14248 24
-1 -1 9   4.12680   5.38140 14272 72
-1 -1 10  -4.46098  -2.30945 14344 80
-1 -1 4  -8.47929  -4.44938 14424 32
-1 -1 6   3.49111   4.61936 14456 48
-1 -1 4   1.11254   4.22263 14504 32
-1 -1 2  -9.40612  -8.19303 14536 16
-1 -1 3  -2.39796  -1.06126 14552 24
-1 -1 3   4.60105   5.02373 14576 24
-1 -1 2  -2.73854  -1.69268 14600 16
-1 -1 2   0.23483   1.11376 14616 16
-1 -1 2  -1.00114   0.23666 14632 16
-1 -1 2  -1.69268  -1.38445 14648 16
-1 -1 9   3.72335  10.00000 14664 72
-1 -1 3  -1.67224   2.82094 14736 24
-1 -1 2   2.83284   3.99008 14760 16
-1 -1 2   6.41993   6.42145 14776 16
-1 -1 2   9.52819  10.00000 14792 16
-1 -1 9   0.85374   4.36118 14808 72
-1 -1 7   5.63104   6.71107 14880 56
-1 -1 3   4.01877   4.89586 14936 24
-1 -1 3   4.31418   4.90257 14960 24
-1 -1 2   1.27825   1.31121 14984 16
-1 -1 2  -9.10155  -2.60548 15000 16
-1 -1 2  -4.37064  -4.28275 15016 16
-1 -1 3   8.02914   9.56847 15032 24
-1 -1 4  -4.42802  -3.36934 15056 32
-1 -1 13  -4.22416   1.43786 15088 104
-1 -1 4 -10.00000  -9.69207 15192 32
-1 -1 9 -10.00000  -4.14603 15224 72
-1 -1 4 -10.00000  -9.42992 15296 32
-1 -1 3   4.38285   5.23217 15328 24
-1 -1 9   6.11872  10.00000 15352 72
-1 -1 8  -4.99565  -0.10788 15424 64
-1 -1 8   0.64957   4.22202 15488 64
-1 -1 6   3.56039   5.20592 15552 48
-1 -1 5   7.22896   8.67491 15600 40
-1 -1 7   5.20348   7.84665 15640 56
-1 -1 4   2.79225   6.19318 15696 32
-1 -1 6   1.22484   2.14374 15728 48
-1 -1 3   1.22210   2.79011 15776 24
-1 -1 4   0.61875   1.71374 15800 32
-1 -1 2   7.84543   8.11643 15832 16
-1 -1 11   1.18547   5.48547 15848 88
-1 -1 8   1.89319   4.03494 15936 64
-1 -1 4   2.32959   5.76501 16000 32
-1 -1 3   8.11643   8.53513 16032 24
-1 -1 4   9.48180  10.00000 16056 32
-1 -1 4   8.37827  10.00000 16088 32
-1 -1 5   4.35355   7.56008 16120 40
-1 -1 5   8.27543   9.99756 16160 40
-1 -1 7   7.19387   8.44663 16200 56
-1 -1 3   7.41817   8.56840 16256 24
-1 -1 2   8.78080  10.00000 16280 16
-1 -1 2   6.92653   8.48814 16296 16
-1 -1 4   5.59014   8.77989 16312 32
-1 -1 2   5.10033   5.58862 16344 16
-1 -1 2   5.08598   5.11406 16360 16
-1 -1 6 -17.90330 -16.96880 16376 48
-1 -1 3 -23.97570 -22.00120 16424 24
-1 -1 6 -28.96090 -28.02850 16448 48
-1 -1 2 -28.42560 -26.45530 16496 16
-1 -1 3 -23.23960 -22.68510 16512 24
-1 -1 17 -13.45400 -10.00000 16536 136
-1 -1 20 -17.13540 -10.00000 16672 160
-1 -1 2 -11.56500 -10.00000 16832 16
-1 -1 8 -17.95940 -14.01250 16848 64
-1 -1 2 -18.01430 -17.90330 16912 16
-1 -1 5 -26.89570 -25.29960 16928 40
-1 -1 5 -17.62550 -10.87130 16968 40
-1 -1 4 -22.00120 -17.99880 17008 32
-1 -1 4 -26.89660 -23.97570 17040 32
-1 -1 4 -20.51010 -17.47840 17072 32
-1 -1 3 -24.63190 -22.19230 17104 24
-1 -1 4 -30.00000 -28.61330 17128 32
-1 -1 10 -27.31620 -22.41810 17160 80
-1 -1 5 -21.34510 -18.40470 17240 40
-1 -1 4 -17.34600 -15.63360 17280 32
-1 -1 3 -18.48520 -17.79770 17312 24
-1 -1 3 -22.06560 -20.50740 17336 24
-1 -1 3 -22.41600 -21.34720 17360 24
-1 -1 2 -11.41600 -10.68970 17384 16
-1 -1 3 -29.64170 -28.61420 17400 24
-1 -1 2 -26.45530 -24.76620 17424 16
-1 -1 2 -18.41140 -17.35760 17440 16
-1 -1 2 -18.01620 -17.47940 17456 16
-1 -1 2 -30.00000 -29.64290 17472 16
-1 -1 2 -25.62430 -24.73960 17488 16
-1 -1 2 -12.01210 -12.01140 17504 16
-1 -1 2 -26.83960 -25.95760 17520 16
-1 -1 2 -24.74450 -24.63070 17536 16
-1 -1 2 -22.19200 -22.06320 17552 16
-1 -1 2 -10.68970 -10.47940 17568 16
-1 -1 13 -30.00000 -17.50530 17584 104
-1 -1 2 -10.69180 -10.00000 17688 16
-1 -1 10 -16.26440 -10.00000 17704 80
-1 -1 3 -10.00400 -10.00000 17784 24
-1 -1 4 -11.13470 -10.00000 17808 32
-1 -1 7 -18.34790 -10.95120 17840 56
-1 -1 8 -24.16620 -21.78760 17896 64
-1 -1 3 -22.23930 -19.29880 17960 24
-1 -1 5 -20.16860 -16.26440 17984 40
-1 -1 3 -30.00000 -27.17160 18024 24
-1 -1 6 -27.43400 -22.08550 18048 48
-1 -1 2 -24.34870 -24.16620 18096 16
-1 -1 3 -27.29490 -24.24860 18112 24
-1 -1 5 -22.08970 -19.29700 18136 40
-1 -1 3 -27.17160 -25.57370 18176 24
-1 -1 2 -27.43250 -27.29640 18200 16
-1 -1 2 -22.08910 -22.08240 18216 16
-1 -1 4 -30.65890 -30.00000 18232 32
-1 -1 2 -30.31770 -30.00000 18264 16
-1 -1 2 -30.40440 -30.31710 18280 16
-1 -1 21 -50.00000 -30.00000 18296 168
-1 -1 3 -32.45000 -30.00000 18464 24
-1 -1 8 -33.74580 -30.10990 18488 64
-1 -1 2 -34.17360 -32.45399 18552 16
-1 -1 5 -51.99770 -50.00000 18568 40
-1 -1 2 -54.88589 -52.64350 18608 16
-1 -1 2 -52.37800 -51.99561 18624 16
