-1 -1 5  70.00000  70.08888 0 40
-1 -1 2  70.00000  70.08835 40 16
-1 -1 9  65.00000  66.14915 56 72
-1 -1 3  68.53330  68.56489 128 24
-1 -1 27  66.14915  68.53918 152 216
-1 -1 6  68.56489  69.05753 368 48
-1 -1 3  68.37041  68.53330 416 24
-1 -1 96  65.51331  69.32609 440 768
-1 -1 29  68.61059  70.00000 1208 232
-1 -1 12  67.70496  69.05058 1440 96
-1 -1 16  65.95262  67.67796 1536 128
-1 -1 14  65.00000  65.68681 1664 112
-1 -1 21  69.02945  70.00000 1776 168
-1 -1 3  67.67796  67.70496 1944 24
-1 -1 6  65.66499  65.95262 1968 48
-1 -1 13  69.45678  69.79362 2016 104
-1 -1 2  65.00000  69.64553 2120 16
-1 -1 38  60.00000  65.00000 2136 304
-1 -1 4  64.79393  65.00000 2440 32
-1 -1 3  64.52415  64.58709 2472 24
-1 -1 3  63.73953  63.74556 2496 24
-1 -1 18  60.54749  61.73587 2520 144
-1 -1 5  60.25528  60.54559 2664 40
-1 -1 8  64.58709  64.79553 2704 64
-1 -1 15  63.74556  64.52415 2768 120
-1 -1 12  62.91447  63.73953 2888 96
-1 -1 11  61.73587  62.91249 2984 88
-1 -1 6  60.19310  65.00000 3072 48
-1 -1 6  60.00000  60.35225 3120 48
-1 -1 4  55.00000  55.08636 3168 32
-1 -1 23  58.88472  60.00000 3200 184
-1 -1 38  56.07812  56.45060 3384 304
-1 -1 38  56.07812  56.45060 3688 304
-1 -1 10  57.87083  58.02831 3992 80
-1 -1 17  55.02747  55.28717 4072 136
-1 -1 2  55.00000  55.07187 4208 16
-1 -1 18  55.67529  56.29556 4224 144
-1 -1 18  55.67529  56.29556 4368 144
-1 -1 35  57.52277  58.08438 4512 280
-1 -1 22  55.68887  56.14938 4792 176
-1 -1 22  55.68887  56.14938 4968 176
-1 -1 22  56.15106  57.53643 5144 176
-1 -1 20  55.00000  55.67468 5320 160
-1 -1 20  55.00000  55.67468 5480 160
-1 -1 13  58.00969  59.15968 5640 104
-1 -1 15  57.53582  58.00969 5744 120
-1 -1 8  55.67499  55.84642 5864 64
-1 -1 8  55.67499  55.84642 5928 64
-1 -1 9  55.79187  56.16716 5992 72
-1 -1 9  55.79187  56.16716 6064 72
-1 -1 5  59.15968  59.35248 6136 40
-1 -1 3  55.79187  55.82643 6176 24
-1 -1 3  55.79187  55.82643 6200 24
-1 -1 3  59.35248  59.47860 6224 24
-1 -1 14  55.59670  55.86610 6248 112
-1 -1 14  55.59670  55.86610 6360 112
-1 -1 15  55.00000  55.60311 6472 120
-1 -1 19  55.00000  55.36720 6592 152
-1 -1 18  55.20416  55.44473 6744 144
-1 -1 8  55.00000  55.31891 6888 64
-1 -1 7  55.13893  55.29716 6952 56
-1 -1 3  59.33073  59.37300 7008 24
-1 -1 30  58.90723  60.00000 7032 240
-1 -1 4  55.00000  55.26108 7272 32
-1 -1 46  55.31830  59.33073 7304 368
-1 -1 3  59.37300  59.39391 7672 24
-1 -1 3  55.26108  55.31830 7696 24
-1 -1 5  55.00000  55.07057 7720 40
-1 -1 9  50.00000  50.16693 7760 72
-1 -1 46  50.00000  51.09109 7832 368
-1 -1 34  51.20531  51.50080 8200 272
-1 -1 115  50.00000  53.60754 8472 920
-1 -1 36  50.75388  51.48669 9392 288
-1 -1 12  50.00000  50.18219 9680 96
-1 -1 18  54.77989  55.00000 9776 144
-1 -1 68  50.16808  51.05280 9920 544
-1 -1 3  50.88960  50.92752 10464 24
-1 -1 3  50.97879  51.01160 10488 24
-1 -1 12  50.00000  50.32310 10512 96
-1 -1 5  50.86580  51.15472 10608 40
-1 -1 44  51.32021  53.92859 10648 352
-1 -1 2  54.76585  54.77989 11000 16
-1 -1 3  50.86717  50.88960 11016 24
-1 -1 3  50.92752  50.97879 11040 24
-1 -1 96  50.00000  51.02808 11064 768
-1 -1 9  50.00000  50.05920 11832 72
-1 -1 3  54.41505  54.47669 11904 24
-1 -1 3  51.15472  51.32021 11928 24
-1 -1 96  50.00000  54.41863 11952 768
-1 -1 26  53.88861  54.15862 12720 208
-1 -1 26  53.88861  54.15862 12928 208
-1 -1 13  51.52079  51.92294 13136 104
-1 -1 12  54.36499  55.00000 13240 96
-1 -1 35  54.13107  54.97719 13336 280
-1 -1 35  54.13107  54.97719 13616 280
-1 -1 35  51.37498  51.66110 13896 280
-1 -1 5  51.92249  51.95972 14176 40
-1 -1 19  51.59777  51.93919 14216 152
-1 -1 2  54.97719  55.00000 14368 16
-1 -1 2  54.97719  55.00000 14384 16
-1 -1 14  51.37498  51.49889 14400 112
-1 -1 43  51.84390  52.37972 14512 344
-1 -1 15  54.46082  55.00000 14856 120
-1 -1 28  52.10811  53.12108 14976 224
-1 -1 25  53.08720  53.43893 15200 200
-1 -1 10  51.17250  51.26360 15400 80
-1 -1 8  51.25276  51.49187 15480 64
-1 -1 17  53.43862  53.82002 15544 136
-1 -1 24  51.25307  51.94438 15680 192
-1 -1 14  51.94438  52.11673 15872 112
-1 -1 14  51.36888  51.84329 15984 112
-1 -1 12  54.00221  54.46029 16096 96
-1 -1 3  53.80331  54.00221 16192 24
-1 -1 4  51.25940  51.36888 16216 32
-1 -1 43  50.00000  50.95941 16248 344
-1 -1 4  50.00000  50.07309 16592 32
-1 -1 11  50.95941  51.22141 16624 88
-1 -1 25  50.00000  51.23155 16712 200
-1 -1 13  50.00000  50.46082 16912 104
-1 -1 9  50.00000  50.37690 17016 72
-1 -1 19  51.23155  51.76921 17088 152
-1 -1 18  50.52827  51.03693 17240 144
-1 -1 30  51.45472  51.78111 17384 240
-1 -1 29  50.52857  51.50668 17624 232
-1 -1 15  51.44862  51.51469 17856 120
-1 -1 38  50.53246  51.12001 17976 304
-1 -1 29  50.47829  51.15610 18280 232
-1 -1 6  51.05440  51.15610 18512 48
-1 -1 5  51.07607  51.12001 18560 40
-1 -1 104  51.99924  54.18250 18600 832
-1 -1 14  50.66171  51.26466 19432 112
-1 -1 6  54.34111  54.40917 19544 48
-1 -1 6  54.34111  54.40917 19592 48
-1 -1 14  51.61997  52.00076 19640 112
-1 -1 12  54.19783  54.39246 19752 96
-1 -1 10  51.42809  51.61997 19848 80
-1 -1 7  54.16968  54.26001 19928 56
-1 -1 3  51.26672  51.43000 19984 24
-1 -1 17  54.64500  55.00000 20008 136
-1 -1 16  54.31563  54.71359 20144 128
-1 -1 16  54.31563  54.71359 20272 128
-1 -1 78  53.43610  54.38781 20400 624
-1 -1 22  54.19310  55.00000 21024 176
-1 -1 28  53.43610  53.84444 21200 224
-1 -1 4  50.81400  51.66919 21424 32
-1 -1 25  53.34576  54.47562 21456 200
-1 -1 8  53.80667  54.11528 21656 64
-1 -1 5  51.66919  53.34531 21720 40
-1 -1 47  50.07996  51.00252 21760 376
-1 -1 2  50.00000  50.00198 22136 16
-1 -1 36  50.73610  51.31441 22152 288
-1 -1 4  50.00198  50.07996 22440 32
-1 -1 54  50.00000  50.87473 22472 432
-1 -1 2  50.00000  50.03090 22904 16
-1 -1 4  50.00000  50.02197 22920 32
-1 -1 3  50.00000  50.00694 22952 24
-1 -1 37  50.00000  52.14359 22976 296
-1 -1 57  50.13611  51.74800 23272 456
-1 -1 21  50.00000  50.48333 23728 168
-1 -1 13  50.00000  50.28419 23896 104
-1 -1 4  50.00000  50.02831 24000 32
-1 -1 3  50.00000  50.16258 24032 24
-1 -1 38  50.00000  51.50767 24056 304
-1 -1 83  51.50767  53.55413 24360 664
-1 -1 72  50.20836  53.19447 25024 576
-1 -1 4  50.00000  50.20302 25600 32
-1 -1 5  54.70779  55.00000 25632 40
-1 -1 75  54.03693  55.00000 25672 600
-1 -1 11  49.78943  50.00000 26272 88
-1 -1 9  49.93858  50.00000 26360 72
-1 -1 84  47.58503  50.00000 26432 672
-1 -1 116  45.00000  46.50805 27104 928
-1 -1 22  46.90715  47.54055 28032 176
-1 -1 9  47.48920  47.59502 28208 72
-1 -1 127  45.93225  47.80698 28280 1016
-1 -1 30  49.44724  49.79767 29296 240
-1 -1 17  49.54498  50.00000 29536 136
-1 -1 7  47.06416  47.27420 29672 56
-1 -1 5  47.69307  47.71306 29728 40
-1 -1 21  46.38636  46.63531 29768 168
-1 -1 44  46.22278  47.00114 29936 352
-1 -1 152  47.27466  50.00000 30288 1216
-1 -1 82  45.58526  47.09476 31504 656
-1 -1 27  48.55642  49.01640 32160 216
-1 -1 17  45.42886  45.63875 32376 136
-1 -1 4  49.97696  50.00000 32512 32
-1 -1 49  49.19196  50.00000 32544 392
-1 -1 122  45.74831  46.87663 32936 976
-1 -1 97  46.86916  48.23392 33912 776
-1 -1 43  48.61700  49.51797 34688 344
-1 -1 46  48.14221  49.01892 35032 368
-1 -1 5  48.01251  48.14359 35400 40
-1 -1 37  45.00000  45.23705 35440 296
-1 -1 8  45.00000  45.21469 35736 64
-1 -1 31  45.00000  45.90746 35800 248
-1 -1 36  45.41314  46.53361 36048 288
-1 -1 44  49.07835  49.45670 36336 352
-1 -1 35  45.00000  46.16747 36688 280
-1 -1 96  46.11803  48.10719 36968 768
-1 -1 40  48.41192  50.00000 37736 320
-1 -1 50  47.95361  48.57641 38056 400
-1 -1 115  45.21194  48.26390 38456 920
-1 -1 49  46.55108  48.00999 39376 392
-1 -1 24  48.07141  48.48669 39768 192
-1 -1 19  48.25856  48.46502 39960 152
-1 -1 7  48.00969  48.16060 40112 56
-1 -1 5  46.48814  46.55108 40168 40
-1 -1 53  45.45228  46.54490 40208 424
-1 -1 6  46.41558  46.49462 40632 48
-1 -1 3  46.38201  46.41657 40680 24
-1 -1 2  49.90334  50.00000 40704 16
-1 -1 5  49.90417  50.00000 40720 40
-1 -1 24  49.55306  50.00000 40760 192
-1 -1 16  47.81827  48.24521 40952 128
-1 -1 5  48.27779  48.36751 41080 40
-1 -1 17  47.10941  47.86832 41120 136
-1 -1 9  48.58808  48.82254 41256 72
-1 -1 11  48.86000  49.14137 41328 88
-1 -1 7  48.36751  48.58808 41416 56
-1 -1 3  45.13718  45.43191 41472 24
-1 -1 3  49.60502  49.61440 41496 24
-1 -1 3  48.24521  48.29350 41520 24
-1 -1 5  48.80110  48.89578 41544 40
-1 -1 2  49.14137  49.18387 41584 16
-1 -1 8  49.18387  49.60059 41600 64
-1 -1 11  49.81689  50.00000 41664 88
-1 -1 36  46.34561  48.24857 41752 288
-1 -1 14  48.24857  50.00000 42040 112
-1 -1 2  45.00000  45.00313 42152 16
-1 -1 3  45.00252  45.57107 42168 24
-1 -1 62  45.00000  47.22362 42192 496
-1 -1 4  49.90623  50.00000 42688 32
-1 -1 85  46.90692  49.17303 42720 680
-1 -1 37  49.16251  49.98207 43400 296
-1 -1 47  49.09216  49.90623 43696 376
-1 -1 60  45.00000  47.89227 44072 480
-1 -1 3  49.98207  50.00000 44552 24
-1 -1 7  49.89334  50.00000 44576 56
-1 -1 3  49.94415  50.00000 44632 24
-1 -1 21  49.73358  50.00000 44656 168
-1 -1 27  49.18997  49.94583 44824 216
-1 -1 6  49.94362  50.00000 45040 48
-1 -1 10  45.00000  45.10056 45088 80
-1 -1 8  45.00000  45.44221 45168 64
-1 -1 26  49.14221  50.00000 45232 208
-1 -1 100  45.38834  50.00000 45440 800
-1 -1 6  49.88304  50.00000 46240 48
-1 -1 2  49.99054  50.00000 46288 16
-1 -1 23  49.50774  49.98947 46304 184
-1 -1 47  48.98512  50.00000 46488 376
-1 -1 88  45.00000  48.26749 46864 704
-1 -1 67  47.65614  48.98512 47568 536
-1 -1 12  48.22224  48.99969 48104 96
-1 -1 3  48.99969  48.99969 48200 24
-1 -1 3  48.99969  48.99969 48224 24
-1 -1 3  48.99969  48.99969 48248 24
-1 -1 3  48.99969  48.99969 48272 24
-1 -1 7  48.99947  49.37667 48296 56
-1 -1 63  48.04112  49.36079 48352 504
-1 -1 4  48.03052  48.12253 48856 32
-1 -1 13  46.96124  48.31219 48888 104
-1 -1 23  45.00000  46.96124 48992 184
-1 -1 4  45.00000  45.01915 49176 32
-1 -1 38  45.00000  46.12253 49208 304
-1 -1 10  46.11971  46.70718 49512 80
-1 -1 25  45.59335  47.36446 49592 200
-1 -1 5  46.70718  47.47135 49792 40
-1 -1 12  45.14999  45.59472 49832 96
-1 -1 23  42.60220  42.87610 49928 184
-1 -1 24  42.33974  42.50698 50112 192
-1 -1 18  42.44473  42.66553 50304 144
-1 -1 6  42.45831  42.50942 50448 48
-1 -1 41  43.78859  45.00000 50496 328
-1 -1 3  42.95277  43.18219 50824 24
-1 -1 2  42.48638  42.66278 50848 16
-1 -1 3  41.29251  41.41055 50864 24
-1 -1 4  43.72946  43.77058 50888 32
-1 -1 8  43.89555  43.98695 50920 64
-1 -1 28  41.85054  42.66141 50984 224
-1 -1 63  42.54612  45.00000 51208 504
-1 -1 3  44.99512  45.00000 51712 24
-1 -1 45  42.54612  45.00000 51736 360
-1 -1 6  43.06081  43.53460 52096 48
-1 -1 8  44.85313  45.00000 52144 64
-1 -1 63  43.68475  45.00000 52208 504
-1 -1 78  40.85611  41.57084 52712 624
-1 -1 65  40.00000  42.56390 53336 520
-1 -1 65  41.34142  44.22636 53856 520
-1 -1 21  41.94232  42.36179 54376 168
-1 -1 13  42.56329  43.06081 54544 104
-1 -1 38  43.62470  44.14809 54648 304
-1 -1 68  40.73526  41.74998 54952 544
-1 -1 40  41.71252  42.10834 55496 320
-1 -1 2  40.00000  40.03609 55816 16
-1 -1 5  40.25444  40.40360 55832 40
-1 -1 2  43.90448  43.92920 55872 16
-1 -1 65  40.00000  41.59472 55888 520
-1 -1 22  42.55779  42.89922 56408 176
-1 -1 22  42.55779  42.89922 56584 176
-1 -1 22  42.55779  42.89922 56760 176
-1 -1 35  42.89922  43.57999 56936 280
-1 -1 35  42.89922  43.57999 57216 280
-1 -1 22  41.11078  41.28687 57496 176
-1 -1 22  41.11078  41.28687 57672 176
-1 -1 4  41.04944  41.08720 57848 32
-1 -1 4  41.04944  41.08720 57880 32
-1 -1 37  40.00000  41.29861 57912 296
-1 -1 22  41.89670  42.72504 58208 176
-1 -1 22  41.89670  42.72504 58384 176
-1 -1 22  41.89670  42.72504 58560 176
-1 -1 45  41.04997  41.89578 58736 360
-1 -1 35  41.19608  41.89723 59096 280
-1 -1 2  41.28580  41.29778 59376 16
-1 -1 2  41.28580  41.29778 59392 16
-1 -1 7  40.60967  40.66499 59408 56
-1 -1 4  41.03113  41.08438 59464 32
-1 -1 2  41.08438  41.08675 59496 16
-1 -1 4  41.03113  41.08438 59512 32
-1 -1 2  41.08438  41.08675 59544 16
-1 -1 4  40.97307  41.00557 59560 32
-1 -1 13  41.74220  42.34859 59592 104
-1 -1 4  41.95201  42.00923 59696 32
-1 -1 3  42.10384  42.13702 59728 24
-1 -1 60  41.26283  42.79782 59752 480
-1 -1 12  41.26222  41.77486 60232 96
-1 -1 2  41.32608  45.00000 60328 16
-1 -1 29  41.16136  41.95201 60344 232
-1 -1 3  42.00923  42.10384 60576 24
-1 -1 4  42.13702  42.22301 60600 32
-1 -1 2  40.00000  40.03113 60632 16
-1 -1 2  40.00000  40.03113 60648 16
-1 -1 19  40.03082  41.30251 60664 152
-1 -1 6  43.48562  43.73778 60816 48
-1 -1 6  43.48562  43.73778 60864 48
-1 -1 5  43.48608  44.60532 60912 40
-1 -1 6  40.00000  40.21683 60952 48
-1 -1 47  40.59113  41.77203 61000 376
-1 -1 21  40.18967  40.81110 61376 168
-1 -1 9  40.00000  40.14923 61544 72
-1 -1 6  42.42420  43.67567 61616 48
-1 -1 6  42.42420  43.67567 61664 48
-1 -1 8  41.14359  42.42390 61712 64
-1 -1 5  41.14328  41.19440 61776 40
-1 -1 6  40.18471  40.23857 61816 48
-1 -1 7  41.04356  41.19440 61864 56
-1 -1 2  40.14168  40.14923 61920 16
-1 -1 17  40.00000  40.51919 61936 136
-1 -1 56  41.00420  42.30472 62072 448
-1 -1 75  40.14580  41.08278 62520 600
-1 -1 55  42.25330  43.26863 63120 440
-1 -1 10  40.00000  40.24498 63560 80
-1 -1 11  40.00000  40.21889 63640 88
-1 -1 16  41.77203  42.25276 63728 128
-1 -1 18  40.72580  41.05028 63856 144
-1 -1 10  42.93584  43.26863 64000 80
-1 -1 9  40.00000  40.16312 64080 72
-1 -1 6  40.00000  40.16312 64152 48
-1 -1 6  40.42970  40.72473 64200 48
-1 -1 7  40.94392  41.03311 64248 56
-1 -1 62  40.29915  42.03296 64304 496
-1 -1 4  44.80179  44.97307 64800 32
-1 -1 59  42.39590  42.99641 64832 472
-1 -1 4  42.80637  42.93584 65304 32
-1 -1 50  42.02914  44.82445 65336 400
-1 -1 2  44.97307  45.00000 65736 16
-1 -1 4  42.19638  42.39590 65752 32
-1 -1 15  44.26871  45.00000 65784 120
-1 -1 23  42.57084  44.29640 65904 184
-1 -1 18  41.59190  42.69109 66088 144
-1 -1 25  41.58137  42.64310 66232 200
-1 -1 31  42.64310  45.00000 66432 248
-1 -1 14  44.74525  45.00000 66680 112
-1 -1 11  40.09308  40.47524 66792 88
-1 -1 4  40.00000  40.09613 66880 32
-1 -1 150  40.45594  43.00557 66912 1200
-1 -1 17  42.41947  42.97833 68112 136
-1 -1 54  42.29556  45.00000 68248 432
-1 -1 12  41.67560  42.55001 68680 96
-1 -1 3  43.01610  45.00000 68776 24
-1 -1 8  42.55413  43.01335 68800 64
-1 -1 22  42.43343  44.98024 68864 176
-1 -1 4  44.98024  45.00000 69040 32
-1 -1 3  44.99222  45.00000 69072 24
-1 -1 88  40.00000  42.15419 69096 704
-1 -1 33  42.71001  43.39719 69800 264
-1 -1 35  35.00000  36.94362 70064 280
-1 -1 5  39.66446  39.84474 70344 40
-1 -1 4  39.87030  39.93416 70384 32
-1 -1 18  39.64531  40.00000 70416 144
-1 -1 7  36.02975  36.20500 70560 56
-1 -1 6  37.64859  37.83948 70616 48
-1 -1 4  36.46914  36.54360 70664 32
-1 -1 5  36.56306  36.76639 70696 40
-1 -1 3  37.25169  37.50469 70736 24
-1 -1 5  38.11223  38.32440 70760 40
-1 -1 5  39.38720  39.42695 70800 40
-1 -1 5  36.93004  37.06386 70840 40
-1 -1 3  39.81392  40.00000 70880 24
-1 -1 5  36.62975  36.70306 70904 40
-1 -1 4  38.48386  38.70139 70944 32
-1 -1 4  38.88052  39.07553 70976 32
-1 -1 54  35.81750  36.91447 71008 432
-1 -1 78  36.75548  39.78058 71440 624
-1 -1 17  36.81232  37.32166 72064 136
-1 -1 7  39.63280  40.00000 72200 56
-1 -1 9  39.40818  39.65057 72256 72
-1 -1 37  36.97055  37.38476 72328 296
-1 -1 11  35.00000  37.06195 72624 88
-1 -1 4  39.70558  39.75876 72712 32
-1 -1 7  37.05974  37.31975 72744 56
-1 -1 61  35.00000  36.75548 72800 488
-1 -1 75  38.39223  39.71970 73288 600
-1 -1 33  38.87808  40.00000 73888 264
-1 -1 26  38.84192  39.77890 74152 208
-1 -1 13  37.32722  37.84177 74360 104
-1 -1 69  37.04250  38.28496 74464 552
-1 -1 72  35.00000  37.21194 75016 576
-1 -1 26  35.60525  37.04250 75592 208
-1 -1 13  38.61761  40.00000 75800 104
-1 -1 13  38.61761  40.00000 75904 104
-1 -1 84  36.92416  37.61501 76008 672
-1 -1 23  37.36560  38.61761 76680 184
-1 -1 23  37.36560  38.61761 76864 184
-1 -1 19  39.51812  40.00000 77048 152
-1 -1 37  37.18578  39.29419 77200 296
-1 -1 31  39.29358  40.00000 77496 248
-1 -1 26  36.91165  37.30281 77744 208
-1 -1 55  37.53986  40.00000 77952 440
-1 -1 111  36.67529  38.47219 78392 888
-1 -1 67  35.00000  37.02556 79280 536
-1 -1 8  39.90807  40.00000 79816 64
-1 -1 14  39.50751  39.62470 79880 112
-1 -1 51  39.19188  39.62028 79992 408
-1 -1 13  39.88083  40.00000 80400 104
-1 -1 10  39.76608  39.88831 80504 80
-1 -1 7  39.90753  39.98863 80584 56
-1 -1 60  35.00000  37.00168 80640 480
-1 -1 7  37.29404  37.53986 81120 56
-1 -1 4  35.00000  35.50027 81176 32
-1 -1 6  39.82918  40.00000 81208 48
-1 -1 4  37.75861  38.02502 81256 32
-1 -1 3  37.75861  37.99664 81288 24
-1 -1 2  37.99664  38.02502 81312 16
-1 -1 11  38.22499  38.33302 81328 88
-1 -1 7  38.30640  38.62112 81416 56
-1 -1 4  38.00053  38.22499 81472 32
-1 -1 9  37.69528  37.83528 81504 72
-1 -1 4  37.83223  38.00053 81576 32
-1 -1 4  37.65698  37.69276 81608 32
-1 -1 56  37.18829  40.00000 81640 448
-1 -1 2  35.84169  35.91585 82088 16
-1 -1 2  36.15137  36.15137 82104 16
-1 -1 4  35.00000  35.08583 82120 32
-1 -1 5  35.26306  35.32913 82152 40
-1 -1 7  30.00000  30.48257 82192 56
-1 -1 24  30.23392  35.00000 82248 192
-1 -1 29  30.48257  33.17250 82440 232
-1 -1 6  30.82803  31.46944 82672 48
-1 -1 7  30.00000  30.72900 82720 56
-1 -1 4  31.46944  31.64690 82776 32
-1 -1 3  30.72900  30.82803 82808 24
-1 -1 10  30.00000  31.32250 82832 80
-1 -1 8  31.34974  31.64339 82912 64
-1 -1 3  32.07446  32.22369 82976 24
-1 -1 3  31.94293  32.02151 83000 24
-1 -1 4  31.82193  31.86771 83024 32
-1 -1 4  31.83513  31.85794 83056 32
-1 -1 7  31.21721  31.59670 83088 56
-1 -1 29  30.00000  33.37804 83144 232
-1 -1 6  31.64339  31.83276 83376 48
-1 -1 21  30.00000  31.49752 83424 168
-1 -1 21  32.22369  32.68994 83592 168
-1 -1 3  32.02151  32.07446 83760 24
-1 -1 4  31.86771  31.94293 83784 32
-1 -1 7  31.82239  31.86053 83816 56
-1 -1 6  31.85794  31.98665 83872 48
-1 -1 2  33.37530  33.94492 83920 16
-1 -1 2  32.06172  32.23613 83936 16
-1 -1 4  31.78638  31.80804 83952 32
-1 -1 61  33.06302  34.69223 83984 488
-1 -1 10  32.68994  33.24673 84472 80
-1 -1 18  31.49760  32.38964 84552 144
-1 -1 5  33.94492  35.00000 84696 40
-1 -1 8  30.00000  32.06172 84736 64
-1 -1 105  30.00000  35.00000 84800 840
-1 -1 5  30.00000  30.08446 85640 40
-1 -1 2  30.00000  30.00809 85680 16
-1 -1 4  30.00000  30.03365 85696 32
-1 -1 48  30.00000  35.00000 85728 384
-1 -1 10  33.74953  34.05226 86112 80
-1 -1 83  30.00000  33.13512 86192 664
-1 -1 31  33.94308  35.00000 86856 248
-1 -1 16  33.13512  33.74953 87104 128
-1 -1 39  30.00000  31.59640 87232 312
-1 -1 60  32.44892  34.78310 87544 480
-1 -1 13  31.59914  32.06447 88024 104
-1 -1 29  33.40749  35.00000 88128 232
-1 -1 87  30.86183  33.40528 88360 696
-1 -1 25  34.50141  35.00000 89056 200
-1 -1 6  32.30304  32.47837 89256 48
-1 -1 15  32.06279  32.30418 89304 120
-1 -1 26  30.00000  30.86183 89424 208
-1 -1 38  30.00000  30.42443 89632 304
-1 -1 2  32.53559  32.69696 89936 16
-1 -1 9  31.33303  32.71832 89952 72
-1 -1 25  30.66239  31.78333 90024 200
-1 -1 13  30.00000  30.66239 90224 104
-1 -1 4  30.00000  30.41100 90328 32
-1 -1 83  30.41100  35.00000 90360 664
-1 -1 26  25.37148  30.00000 91024 208
-1 -1 3  25.00000  25.37148 91232 24
-1 -1 7  25.00000  30.00000 91256 56
-1 -1 2  29.35485  29.36080 91312 16
-1 -1 6  29.48554  30.00000 91328 48
-1 -1 2  29.55108  29.62653 91376 16
-1 -1 2  29.54612  29.57610 91392 16
-1 -1 5  29.18890  30.00000 91408 40
-1 -1 7  29.62653  30.00000 91448 56
-1 -1 3  29.20584  29.46693 91504 24
-1 -1 3  29.45945  30.00000 91528 24
-1 -1 2  29.05096  29.20531 91552 16
-1 -1 4  29.85336  30.00000 91568 32
-1 -1 10  28.53887  29.47448 91600 80
-1 -1 5  29.10445  30.00000 91680 40
-1 -1 3  28.77470  29.10246 91720 24
-1 -1 4  29.98528  30.00000 91744 32
-1 -1 3  29.90112  30.00000 91776 24
-1 -1 12  25.61524  26.08362 91800 96
-1 -1 12  25.61524  26.08362 91896 96
-1 -1 82  25.19302  30.00000 91992 656
-1 -1 10  29.38834  29.86115 92648 80
-1 -1 7  29.54108  30.00000 92728 56
-1 -1 13  26.58503  27.56466 92784 104
-1 -1 29  27.56466  30.00000 92888 232
-1 -1 23  25.00000  26.59472 93120 184
-1 -1 121  26.89662  30.00000 93304 968
-1 -1 67  28.54414  30.00000 94272 536
-1 -1 145  25.00000  26.63195 94808 1160
-1 -1 36  26.41970  26.89662 95968 288
-1 -1 97  26.34776  28.11917 96256 776
-1 -1 14  27.32082  28.32349 97032 112
-1 -1 82  27.80499  28.64111 97144 656
-1 -1 39  25.00000  25.27351 97800 312
-1 -1 7  29.12794  29.32777 98112 56
-1 -1 4  29.14854  29.17365 98168 32
-1 -1 16  25.00000  25.73167 98200 128
-1 -1 75  26.73328  28.32471 98328 600
-1 -1 54  27.72862  29.32723 98928 432
-1 -1 4  29.12390  29.14854 99360 32
-1 -1 144  25.73167  29.46754 99392 1152
-1 -1 105  25.00000  28.54917 100544 840
-1 -1 117  28.02319  30.00000 101384 936
-1 -1 80  25.84169  28.02319 102320 640
-1 -1 3  25.00000  26.00015 102960 24
-1 -1 2  27.66674  27.66697 102984 16
-1 -1 36  26.00015  30.00000 103000 288
-1 -1 2  25.00000  25.00015 103288 16
-1 -1 3  25.11818  27.29030 103304 24
-1 -1 2  27.66666  27.66674 103328 16
-1 -1 3  25.00015  25.11818 103344 24
-1 -1 2  25.00000  25.00031 103368 16
-1 -1 26  20.00000  21.81529 103384 208
-1 -1 3  20.84642  22.37499 103592 24
-1 -1 2  20.00000  20.85222 103616 16
-1 -1 15  22.61364  25.00000 103632 120
-1 -1 2  22.99405  23.00114 103752 16
-1 -1 2  22.37499  23.52163 103768 16
-1 -1 5  21.58511  23.49752 103784 40
-1 -1 12  20.00000  22.99405 103824 96
-1 -1 3  22.52209  25.00000 103920 24
-1 -1 3  20.00000  20.00191 103944 24
-1 -1 3  20.00000  21.58511 103968 24
-1 -1 2  20.00000  22.52209 103992 16
-1 -1 3  21.99863  21.99969 104008 24
-1 -1 8  21.99832  22.23224 104032 64
-1 -1 7  21.72336  22.84863 104096 56
-1 -1 3  22.77081  23.12611 104152 24
-1 -1 2  20.00000  20.00008 104176 16
-1 -1 9  22.49943  24.74892 104192 72
-1 -1 3  24.55581  24.62028 104264 24
-1 -1 54  22.69971  24.98360 104288 432
-1 -1 4  20.00008  22.69971 104720 32
-1 -1 5  24.17113  24.29663 104752 40
-1 -1 25  23.64835  24.33280 104792 200
-1 -1 35  24.17265  25.00000 104992 280
-1 -1 86  21.62806  25.00000 105272 688
-1 -1 134  21.14084  25.00000 105960 1072
-1 -1 83  21.95476  25.00000 107032 664
-1 -1 21  20.00000  20.45525 107696 168
-1 -1 104  22.02281  25.00000 107864 832
-1 -1 6  21.69902  22.05028 108696 48
-1 -1 119  21.13969  23.19005 108744 952
-1 -1 5  20.34608  20.40696 109696 40
-1 -1 103  20.00000  22.39750 109736 824
-1 -1 2  20.00000  20.15526 110560 16
-1 -1 48  20.14503  21.76997 110576 384
-1 -1 8  21.43275  21.69902 110960 64
-1 -1 15  21.43473  21.68528 111024 120
-1 -1 87  21.58640  23.37782 111144 696
-1 -1 8  21.44915  21.66720 111840 64
-1 -1 17  22.14389  22.60944 111904 136
-1 -1 9  22.09163  22.21164 112040 72
-1 -1 7  20.76501  21.33837 112112 56
-1 -1 11  21.33807  25.00000 112168 88
-1 -1 4  20.00000  25.00000 112256 32
-1 -1 3  21.82529  25.00000 112288 24
-1 -1 39  15.35722  20.00000 112312 312
-1 -1 2  15.00000  15.00191 112624 16
-1 -1 6  15.00000  15.43305 112640 48
-1 -1 3  15.00000  15.00084 112688 24
-1 -1 3  15.00000  15.00137 112712 24
-1 -1 2  19.14664  19.29076 112736 16
-1 -1 3  19.29076  20.00000 112752 24
-1 -1 5  15.00000  16.39132 112776 40
-1 -1 5  16.39132  20.00000 112816 40
-1 -1 2  19.99916  20.00000 112856 16
-1 -1 3  19.50027  20.00000 112872 24
-1 -1 16  15.00000  19.49973 112896 128
-1 -1 3  19.99916  20.00000 113024 24
-1 -1 56  15.00000  17.99275 113048 448
-1 -1 48  16.37782  17.52560 113496 384
-1 -1 13  16.95071  18.70825 113880 104
-1 -1 2  18.99931  20.00000 113984 16
-1 -1 5  16.63081  18.99931 114000 40
-1 -1 157  15.00000  20.00000 114040 1256
-1 -1 39  16.26321  18.43504 115296 312
-1 -1 28  19.60555  20.00000 115608 224
-1 -1 36  18.73831  19.69254 115832 288
-1 -1 66  17.46029  20.00000 116120 528
-1 -1 46  17.53025  18.21416 116648 368
-1 -1 30  15.00000  16.26321 117016 240
-1 -1 52  16.62722  18.74442 117256 416
-1 -1 60  15.00000  16.62859 117672 480
-1 -1 68  15.00000  17.82002 118152 544
-1 -1 9  15.88976  17.81941 118696 72
-1 -1 3  15.00000  15.07362 118768 24
-1 -1 25  17.81888  18.48775 118792 200
-1 -1 11  15.07362  15.72443 118992 88
-1 -1 3  15.00000  15.00305 119080 24
-1 -1 3  15.00000  15.02502 119104 24
-1 -1 3  15.00000  15.01472 119128 24
-1 -1 37  18.04219  19.70581 119152 296
-1 -1 35  16.05447  16.67345 119448 280
-1 -1 74  15.00000  16.69307 119728 592
-1 -1 38  15.00000  15.64835 120320 304
-1 -1 10  15.37316  15.70473 120624 80
-1 -1 4  15.49836  20.00000 120704 32
-1 -1 6  15.00000  15.09003 120736 48
-1 -1 8  10.00000  10.27336 120784 64
-1 -1 40  10.00000  12.39361 120848 320
-1 -1 11  10.00000  10.99580 121168 88
-1 -1 57  11.89525  15.00000 121256 456
-1 -1 48  10.93698  11.67864 121712 384
-1 -1 32  11.67918  12.39582 122096 256
-1 -1 5  14.94225  15.00000 122352 40
-1 -1 3  14.96056  15.00000 122392 24
-1 -1 4  14.97223  15.00000 122416 32
-1 -1 19  11.69390  13.78142 122448 152
-1 -1 14  10.27336  10.60471 122600 112
-1 -1 5  10.96414  11.09697 122712 40
-1 -1 31  12.80278  13.89059 122752 248
-1 -1 6  13.73373  13.89197 123000 48
-1 -1 109  10.00000  13.72000 123048 872
-1 -1 13  13.71725  15.00000 123920 104
-1 -1 21  12.09163  12.82971 124024 168
-1 -1 5  12.82780  13.08469 124192 40
-1 -1 38  10.00000  12.10719 124232 304
-1 -1 7  10.00000  10.92165 124536 56
-1 -1 101  10.00000  15.00000 124592 808
-1 -1 4  11.20515  11.34066 125400 32
-1 -1 19  10.00000  11.17387 125432 152
-1 -1 35  11.34066  15.00000 125584 280
-1 -1 3  11.17387  11.20515 125864 24
-1 -1 93  14.18341  14.89380 125888 744
-1 -1 15  10.00000  11.47692 126632 120
-1 -1 48  10.93195  12.70885 126752 384
-1 -1 24  12.46502  14.54879 127136 192
-1 -1 93  10.34501  15.00000 127328 744
-1 -1 4  10.00000  10.35195 128072 32
-1 -1 83  11.63554  14.44831 128104 664
-1 -1 3  14.30427  14.36973 128768 24
-1 -1 7  10.41413  10.66117 128792 56
-1 -1 17  10.03197  10.48302 128848 136
-1 -1 57  13.91501  15.00000 128984 456
-1 -1 3  14.36973  14.38400 129440 24
-1 -1 6  14.21751  14.35058 129464 48
-1 -1 57  10.66117  11.77692 129512 456
-1 -1 8  14.70527  15.00000 129968 64
-1 -1 40  11.86946  13.79614 130032 320
-1 -1 34  14.30473  14.70695 130352 272
-1 -1 17  13.92973  14.70802 130624 136
-1 -1 6  11.66476  11.87083 130760 48
-1 -1 5  13.79584  13.93362 130808 40
-1 -1 8  14.54719  15.00000 130848 64
-1 -1 6  13.74609  13.95102 130912 48
-1 -1 75  12.97971  14.72679 130960 600
-1 -1 8  10.97963  11.21362 131560 64
-1 -1 42  13.81865  14.43137 131624 336
-1 -1 26  14.27443  15.00000 131960 208
-1 -1 12  13.95102  14.22720 132168 96
-1 -1 11  13.40528  13.81804 132264 88
-1 -1 2  12.98665  13.00000 132352 16
-1 -1 3  14.97971  15.00000 132368 24
-1 -1 3  14.99641  15.00000 132392 24
-1 -1 4  14.97948  15.00000 132416 32
-1 -1 54  14.61806  15.00000 132448 432
-1 -1 27  10.70832  11.07805 132880 216
-1 -1 22  10.00000  11.85443 133096 176
-1 -1 17  12.32334  12.68475 133272 136
-1 -1 9  13.58945  13.82635 133408 72
-1 -1 19  13.06111  13.59556 133480 152
-1 -1 2  10.95804  10.97223 133632 16
-1 -1 8  14.72473  15.00000 133648 64
-1 -1 99  12.30137  13.70802 133712 792
-1 -1 43  13.23331  13.80415 134504 344
-1 -1 10  14.72610  15.00000 134848 80
-1 -1 33  10.97223  12.15526 134928 264
-1 -1 24  11.89586  12.22415 135192 192
-1 -1 31  11.89388  12.40780 135384 248
-1 -1 26  13.70885  14.76418 135632 208
-1 -1 12  12.15388  12.29336 135840 96
-1 -1 7  12.29389  12.67582 135936 56
-1 -1 59  10.06157  11.98306 135992 472
-1 -1 50  10.00000  12.00809 136464 400
-1 -1 43  10.14389  10.66476 136864 344
-1 -1 14  12.02747  12.26337 137208 112
-1 -1 30  10.25696  10.73526 137320 240
-1 -1 18  12.00809  12.50332 137560 144
-1 -1 14  10.19058  10.45831 137704 112
-1 -1 11  12.25002  12.50416 137816 88
-1 -1 5  10.00000  10.06157 137904 40
-1 -1 62  11.98108  13.50416 137944 496
-1 -1 22  10.00000  11.00420 138440 176
-1 -1 32  13.27641  15.00000 138616 256
-1 -1 2  14.99863  15.00000 138872 16
-1 -1 32  10.91165  11.16670 138888 256
-1 -1 7  10.60830  10.91806 139144 56
-1 -1 4  11.09224  11.13916 139200 32
-1 -1 2  10.92836  10.96086 139232 16
-1 -1 86   6.58831  10.00000 139248 688
-1 -1 40   7.89365  10.00000 139936 320
-1 -1 43   6.28085  10.00000 140256 344
-1 -1 22   6.36469   7.89555 140600 176
-1 -1 14   6.10056   6.59251 140776 112
-1 -1 4   6.21835   6.28031 140888 32
-1 -1 33   5.00000   6.88167 140920 264
-1 -1 95   6.43336  10.00000 141184 760
-1 -1 31   5.00000   6.74228 141944 248
-1 -1 21   8.67071   9.99886 142192 168
-1 -1 47   7.95834   9.10002 142360 376
-1 -1 10   5.00000   5.15167 142736 80
-1 -1 16   6.74228   7.52941 142816 128
-1 -1 41   7.45777   8.67071 142944 328
-1 -1 6   9.92691   9.99001 143272 48
-1 -1 2   9.99222  10.00000 143320 16
-1 -1 25   7.54581   7.98726 143336 200
-1 -1 60   7.96902  10.00000 143536 480
-1 -1 47   9.08858  10.00000 144016 376
-1 -1 14   5.00000   5.11559 144392 112
-1 -1 89   5.00000   7.96902 144504 712
-1 -1 87   5.00000   5.38140 145216 696
-1 -1 3   5.00000   5.01778 145912 24
-1 -1 81   5.85695  10.00000 145936 648
-1 -1 19   5.00000   5.85695 146584 152
-1 -1 4   5.00000   5.02357 146736 32
-1 -1 17   8.67529  10.00000 146768 136
-1 -1 7   5.00000   8.67529 146904 56
-1 -1 3   6.42138   6.50668 146960 24
-1 -1 10   9.50889  10.00000 146984 80
-1 -1 59   5.63111   6.71114 147064 472
-1 -1 40   8.02914   9.61219 147536 320
-1 -1 37   7.22888   8.67498 147856 296
-1 -1 105   6.82742  10.00000 148152 840
-1 -1 24   6.08278   6.82742 148992 192
-1 -1 18   5.00000   6.19302 149184 144
-1 -1 3   5.10941   5.23224 149328 24
-1 -1 3   5.00000   5.20584 149352 24
-1 -1 75   5.17525   7.84665 149376 600
-1 -1 8   7.84528   8.09163 149976 64
-1 -1 4   5.00000   5.10941 150040 32
-1 -1 3   5.00000   5.01053 150072 24
-1 -1 3   5.00000   5.01251 150096 24
-1 -1 19   5.00000   5.48554 150120 152
-1 -1 9   8.09163   8.53529 150272 72
-1 -1 9   5.00000   5.76501 150344 72
-1 -1 86   8.27527   9.99748 150416 688
-1 -1 17   8.27390   8.53223 151104 136
-1 -1 31   6.92638   8.48806 151240 248
-1 -1 44   8.37835  10.00000 151488 352
-1 -1 100   5.00000   7.56001 151840 800
-1 -1 72   7.19386   8.50416 152640 576
-1 -1 48   7.36698   8.56947 153216 384
-1 -1 74   9.39635  10.00000 153600 592
-1 -1 29   8.78081  10.00000 154192 232
-1 -1 41   5.58999   8.77997 154424 328
-1 -1 17   5.10025   5.58862 154752 136
-1 -1 5   5.08614   5.12413 154888 40
-1 -1 8   4.68169   5.00000 154928 64
-1 -1 6   2.17303   2.34501 154992 48
-1 -1 6   0.97559   1.06973 155040 48
-1 -1 103   0.00000   2.32693 155088 824
-1 -1 10   4.42123   5.00000 155912 80
-1 -1 31   1.99832   2.20805 155992 248
-1 -1 5   1.00191   2.17303 156240 40
-1 -1 3   4.97696   5.00000 156280 24
-1 -1 24   3.47890   5.00000 156304 192
-1 -1 23   0.00000   2.42390 156496 184
-1 -1 76   1.65415   4.42123 156680 608
-1 -1 54   2.22163   3.71305 157288 432
-1 -1 6   2.42725   3.07416 157720 48
-1 -1 14   4.91081   5.00000 157768 112
-1 -1 85   4.12665   5.00000 157880 680
-1 -1 75   4.22491   5.00000 158560 600
-1 -1 13   0.00000   0.85123 159160 104
-1 -1 3   4.99527   5.00000 159264 24
-1 -1 3   4.94583   5.00000 159288 24
-1 -1 65   0.85123   4.22491 159312 520
-1 -1 25   3.49111   4.61372 159832 200
-1 -1 54   1.95209   4.22278 160032 432
-1 -1 16   1.09247   1.87755 160464 128
-1 -1 5   4.60113   4.90898 160592 40
-1 -1 15   0.23476   1.11391 160632 120
-1 -1 3   0.00000   0.23666 160752 24
-1 -1 51   3.40665   5.00000 160776 408
-1 -1 2   4.61372   4.61944 161184 16
-1 -1 3   1.87755   1.95209 161200 24
-1 -1 4   4.90898   5.00000 161224 32
-1 -1 11   4.60471   5.00000 161256 88
-1 -1 40   3.93408   4.96307 161344 320
-1 -1 2   0.00000   2.82086 161664 16
-1 -1 3   2.83276   3.99001 161680 24
-1 -1 2   4.95613   5.00000 161704 16
-1 -1 10   1.27833   1.46365 161720 80
-1 -1 16   1.29412   2.07057 161800 128
-1 -1 91   0.85390   2.36462 161928 728
-1 -1 28   4.01892   4.86511 162656 224
-1 -1 72   2.36462   4.38613 162880 576
-1 -1 2   4.86511   4.89586 163456 16
-1 -1 18   4.31419   4.90250 163472 144
-1 -1 61   0.00000   1.43778 163616 488
-1 -1 4   0.00000   0.59113 164104 32
-1 -1 17   0.58167   0.74029 164136 136
-1 -1 31   0.64973   1.22278 164272 248
-1 -1 36   2.79225   5.00000 164520 288
-1 -1 37   1.17334   2.14389 164808 296
-1 -1 29   1.22194   2.84001 165104 232
-1 -1 25   0.61890   1.71358 165336 200
-1 -1 16   4.49386   4.93027 165536 128
-1 -1 66   1.17105   4.28443 165664 528
-1 -1 74   3.56031   5.00000 166192 592
-1 -1 2   4.93027   5.00000 166784 16
-1 -1 208   1.18555   5.00000 166800 1664
-1 -1 3   4.99191   5.00000 168464 24
-1 -1 4   4.98947   5.00000 168488 32
-1 -1 42   1.83559   2.58900 168520 336
-1 -1 84   2.11360   4.03502 168856 672
-1 -1 50   2.32944   5.00000 169528 400
-1 -1 18   4.35363   5.00000 169928 144
-1 -1 177  -3.92332   0.00000 170072 1416
-1 -1 68  -5.00000  -4.27276 171488 544
-1 -1 14  -5.00000  -4.63363 172032 112
-1 -1 47  -4.57542   0.00000 172144 376
-1 -1 32  -1.47608   0.00000 172520 256
-1 -1 15  -4.46113  -3.33692 172776 120
-1 -1 45  -3.33364  -2.30946 172896 360
-1 -1 5  -5.00000  -4.44946 173256 40
-1 -1 21  -2.73861  -1.69276 173296 168
-1 -1 7  -1.69276  -1.38445 173464 56
-1 -1 23  -1.55672  -0.99779 173520 184
-1 -1 70  -4.28519  -2.29809 173704 560
-1 -1 26  -2.39803  -1.06142 174264 208
-1 -1 4  -1.00114   0.00000 174472 32
-1 -1 16  -4.67086  -1.55672 174504 128
-1 -1 4  -1.67223   0.00000 174632 32
-1 -1 2  -5.00000  -2.60540 174664 16
-1 -1 5  -4.37064  -4.28275 174680 40
-1 -1 31  -4.47807  -3.36942 174720 248
-1 -1 10  -0.15732   0.00000 174968 80
-1 -1 71  -5.00000  -0.10780 175048 568
-1 -1 21  -5.00000  -4.37064 175616 168
-1 -1 158  -4.17235  -0.15732 175784 1264
-1 -1 3  -0.22552   0.00000 177048 24
-1 -1 76  -5.00000  -4.11253 177072 608
-1 -1 29  -4.22415  -0.22552 177680 232
-1 -1 17  -5.90807  -5.83582 177912 136
-1 -1 2  -5.01419  -5.00000 178048 16
-1 -1 8  -5.77974  -5.00000 178064 64
-1 -1 8  -6.05249  -5.85611 178128 64
-1 -1 109  -8.10803  -5.85222 178192 872
-1 -1 52 -10.00000  -6.91447 179064 416
-1 -1 23 -10.00000  -8.48142 179480 184
-1 -1 15  -6.80270  -5.00000 179664 120
-1 -1 2  -8.47913  -8.30938 179784 16
-1 -1 48 -10.00000  -9.37331 179800 384
-1 -1 10  -8.30938  -6.80270 180184 80
-1 -1 36  -9.40612  -8.19302 180264 288
-1 -1 25  -9.10147  -5.00000 180552 200
-1 -1 3  -5.00580  -5.00000 180752 24
-1 -1 101 -10.00000  -5.00000 180776 808
-1 -1 32 -10.00000  -9.43000 181584 256
-1 -1 35 -10.00000  -9.68139 181840 280
-1 -1 68 -11.46365 -10.00000 182120 544
-1 -1 25 -15.00000 -10.87137 182664 200
-1 -1 167 -13.45808 -10.00000 182864 1336
-1 -1 16 -13.60769 -11.57427 184200 128
-1 -1 137 -15.00000 -10.00000 184328 1096
-1 -1 31 -11.56496 -10.00000 185424 248
-1 -1 13 -15.00000 -14.01251 185672 104
-1 -1 8 -12.12390 -11.99443 185776 64
-1 -1 8 -12.07500 -11.96887 185840 64
-1 -1 58 -11.74030 -11.25223 185904 464
-1 -1 9 -15.00000 -13.60769 186368 72
-1 -1 17 -11.41611 -10.80713 186440 136
-1 -1 8 -10.80713 -10.47944 186576 64
-1 -1 4 -10.00389 -10.00000 186640 32
-1 -1 7 -11.06920 -10.00000 186672 56
-1 -1 16 -10.69192 -10.00000 186728 128
-1 -1 44 -11.90715 -10.00000 186856 352
-1 -1 3 -11.99550 -11.92393 187208 24
-1 -1 34 -11.14053 -10.65751 187232 272
-1 -1 50 -15.00000 -10.95110 187504 400
-1 -1 3 -11.92393 -11.90715 187904 24
-1 -1 114 -15.00000 -11.99550 187928 912
-1 -1 43 -17.42970 -16.95224 188840 344
-1 -1 23 -17.89830 -17.38636 189184 184
-1 -1 23 -18.03693 -17.85664 189368 184
-1 -1 11 -17.62554 -15.00000 189552 88
-1 -1 5 -20.00000 -17.99886 189640 40
-1 -1 15 -17.58778 -17.47280 189680 120
-1 -1 44 -18.48531 -17.78920 189800 352
-1 -1 2 -18.01610 -17.47944 190152 16
-1 -1 63 -18.07614 -15.61608 190168 504
-1 -1 40 -20.00000 -17.58526 190672 320
-1 -1 7 -17.83223 -17.78279 190992 56
-1 -1 34 -16.79439 -15.00000 191048 272
-1 -1 16 -15.66476 -15.00000 191320 128
-1 -1 34 -20.00000 -18.40475 191448 272
-1 -1 37 -17.34608 -15.63363 191720 296
-1 -1 20 -18.41138 -17.35752 192016 160
-1 -1 41 -17.13557 -15.00000 192176 328
-1 -1 5 -18.34806 -18.26993 192504 40
-1 -1 43 -20.00000 -17.50530 192544 344
-1 -1 55 -18.26993 -15.00000 192888 440
-1 -1 6 -16.26932 -15.00000 193328 48
-1 -1 4 -20.00000 -19.29930 193376 32
-1 -1 39 -20.00000 -16.26932 193408 312
-1 -1 7 -20.00000 -19.29694 193720 56
-1 -1 8 -23.23972 -22.63859 193776 64
-1 -1 3 -23.97574 -22.00137 193840 24
-1 -1 3 -22.00137 -20.00000 193864 24
-1 -1 6 -25.00000 -23.97574 193888 48
-1 -1 2 -25.00000 -24.76608 193936 16
-1 -1 17 -20.51003 -20.00000 193952 136
-1 -1 73 -24.63195 -22.18219 194088 584
-1 -1 38 -22.07942 -20.50751 194672 304
-1 -1 14 -22.22545 -22.12390 194976 112
-1 -1 3 -25.00000 -24.73976 195088 24
-1 -1 7 -24.74442 -24.61890 195112 56
-1 -1 3 -22.19196 -22.06302 195168 24
-1 -1 13 -25.00000 -22.41802 195192 104
-1 -1 21 -21.34501 -20.00000 195296 168
-1 -1 20 -22.41581 -21.31113 195464 160
-1 -1 60 -25.00000 -20.00000 195624 480
-1 -1 29 -22.82056 -21.78752 196104 232
-1 -1 97 -24.04166 -21.99664 196336 776
-1 -1 5 -22.23918 -20.00000 197112 40
-1 -1 8 -20.16861 -20.00000 197152 64
-1 -1 39 -24.02029 -22.06721 197216 312
-1 -1 2 -24.34859 -24.03288 197528 16
-1 -1 16 -25.00000 -24.24864 197544 128
-1 -1 44 -22.08972 -20.00000 197672 352
-1 -1 53 -22.29831 -22.08080 198024 424
-1 -1 19 -25.00000 -23.80392 198448 152
-1 -1 74 -28.96086 -28.02861 198600 592
-1 -1 2 -28.42558 -26.45548 199192 16
-1 -1 98 -26.89586 -25.26413 199208 784
-1 -1 44 -26.89670 -25.00000 199992 352
-1 -1 2 -26.45548 -25.00000 200344 16
-1 -1 7 -25.76219 -25.62165 200360 56
-1 -1 33 -30.00000 -28.61333 200416 264
-1 -1 41 -29.64164 -28.56947 200680 328
-1 -1 4 -30.00000 -29.64309 201008 32
-1 -1 5 -25.62447 -25.00000 201040 40
-1 -1 41 -27.31609 -25.00000 201080 328
-1 -1 9 -26.83948 -25.95750 201408 72
-1 -1 5 -29.44968 -29.26352 201480 40
-1 -1 63 -29.26352 -25.00000 201520 504
-1 -1 8 -30.00000 -29.44968 202024 64
-1 -1 55 -30.00000 -27.77112 202088 440
-1 -1 17 -27.43946 -26.78836 202528 136
-1 -1 62 -27.29503 -25.00000 202664 496
-1 -1 36 -27.58831 -27.26558 203160 288
-1 -1 33 -27.78951 -27.11948 203448 264
-1 -1 31 -26.78836 -25.00000 203712 248
-1 -1 59 -27.17166 -25.49447 203960 472
-1 -1 26 -30.65888 -30.00000 204432 208
-1 -1 8 -30.31777 -30.00000 204640 64
-1 -1 5 -30.40444 -30.31197 204704 40
-1 -1 55 -32.87343 -30.35638 204744 440
-1 -1 8 -33.29488 -32.91013 205184 64
-1 -1 11 -35.00000 -34.27672 205248 88
-1 -1 10 -30.39033 -30.00000 205336 80
-1 -1 3 -32.91013 -32.87343 205416 24
-1 -1 26 -34.28610 -33.23720 205440 208
-1 -1 37 -32.44999 -30.00000 205648 296
-1 -1 58 -31.32861 -30.09720 205944 464
-1 -1 15 -34.17365 -32.45388 206408 120
-1 -1 44 -33.74586 -31.28961 206528 352
-1 -1 103 -40.00000 -35.00000 206880 824
-1 -1 120 -45.00000 -40.00000 207704 960
-1 -1 91 -50.00000 -45.00000 208664 728
-1 -1 44 -51.99779 -50.00000 209392 352
-1 -1 2 -51.99641 -51.99557 209744 16
-1 -1 2 -54.88586 -52.64363 209760 16
-1 -1 8 -52.37804 -51.99641 209776 64
