-1 -1 16  67.00350  68.90000 0 128
-1 -1 16  67.00350  68.90000 128 128
-1 -1 67  65.00000  67.00350 256 536
-1 -1 67  65.00000  67.00350 792 536
-1 -1 5  63.22510  63.35110 1328 40
-1 -1 53  63.61971  65.00000 1368 424
-1 -1 5  63.22510  63.35100 1792 40
-1 -1 54  63.61971  65.00000 1832 432
-1 -1 90  60.74360  63.22510 2264 720
-1 -1 8  63.35110  63.61971 2984 64
-1 -1 90  60.74360  63.22510 3048 720
-1 -1 8  63.35100  63.61971 3768 64
-1 -1 21  60.01050  60.97250 3832 168
-1 -1 21  60.01050  60.97250 4000 168
-1 -1 15  60.00000  60.37140 4168 120
-1 -1 15  60.00000  60.37140 4288 120
-1 -1 4  60.30530  60.39750 4408 32
-1 -1 4  60.30530  60.39750 4440 32
-1 -1 2  59.99750  59.99770 4472 16
-1 -1 2  59.99750  59.99770 4488 16
-1 -1 3  59.99770  59.99789 4504 24
-1 -1 3  59.99770  59.99789 4528 24
-1 -1 3  59.99789  59.99820 4552 24
-1 -1 3  59.99789  59.99820 4576 24
-1 -1 3  55.00000  59.99950 4600 24
-1 -1 3  55.00000  59.99950 4624 24
-1 -1 3  59.99820  59.99850 4648 24
-1 -1 3  59.99820  59.99850 4672 24
-1 -1 3  59.99850  59.99870 4696 24
-1 -1 3  59.99850  59.99870 4720 24
-1 -1 3  59.99870  59.99890 4744 24
-1 -1 3  59.99870  59.99890 4768 24
-1 -1 3  55.00000  59.99950 4792 24
-1 -1 3  55.00000  59.99950 4816 24
-1 -1 3  59.99890  59.99920 4840 24
-1 -1 3  59.99890  59.99920 4864 24
-1 -1 3  59.99920  59.99950 4888 24
-1 -1 3  59.99920  59.99950 4912 24
-1 -1 8  55.00000  59.99950 4936 64
-1 -1 8  55.00000  59.99950 5000 64
-1 -1 3  59.99950  59.99969 5064 24
-1 -1 3  59.99950  59.99969 5088 24
-1 -1 2  59.99969  59.99969 5112 16
-1 -1 2  59.99969  59.99969 5128 16
-1 -1 4  55.00000  56.19980 5144 32
-1 -1 4  55.00000  56.19980 5176 32
-1 -1 2  56.19980  56.84440 5208 16
-1 -1 2  56.19980  56.84440 5224 16
-1 -1 7  55.00000  55.08940 5240 56
-1 -1 13  55.00000  55.33720 5296 104
-1 -1 13  55.00000  55.33720 5400 104
-1 -1 7  55.00000  55.08940 5504 56
-1 -1 154  55.00000  60.00000 5560 1232
-1 -1 154  55.00000  60.00000 6792 1232
-1 -1 3  53.80550  55.00000 8024 24
-1 -1 3  53.80580  55.00000 8048 24
-1 -1 118  50.54700  53.80550 8072 944
-1 -1 116  50.54700  53.80580 9016 928
-1 -1 9  50.00000  50.56390 9944 72
-1 -1 9  50.00000  50.56390 10016 72
-1 -1 3  50.00000  55.00000 10088 24
-1 -1 3  50.00000  55.00000 10112 24
-1 -1 28  50.00000  55.00000 10136 224
-1 -1 28  50.00000  55.00000 10360 224
-1 -1 3  50.00000  52.91590 10584 24
-1 -1 3  50.00000  52.91590 10608 24
-1 -1 4  52.91590  55.00000 10632 32
-1 -1 4  52.91590  55.00000 10664 32
-1 -1 2  50.00000  51.18470 10696 16
-1 -1 2  50.00000  51.18470 10712 16
-1 -1 2  51.19170  51.45890 10728 16
-1 -1 2  51.19170  51.45890 10744 16
-1 -1 104  52.04280  55.00000 10760 832
-1 -1 13  54.73199  55.00000 11592 104
-1 -1 11  54.69500  55.00000 11696 88
-1 -1 11  54.69500  55.00000 11784 88
-1 -1 15  54.73199  55.00000 11872 120
-1 -1 104  52.04280  55.00000 11992 832
-1 -1 48  51.55970  53.11830 12824 384
-1 -1 11  54.59669  55.00000 13208 88
-1 -1 11  54.59669  55.00000 13296 88
-1 -1 49  51.55970  53.11830 13384 392
-1 -1 24  52.00000  52.77500 13776 192
-1 -1 25  52.00000  52.77500 13968 200
-1 -1 3  51.41700  52.00000 14168 24
-1 -1 3  51.41700  52.00000 14192 24
-1 -1 41  45.56660  46.31200 14216 328
-1 -1 41  45.56660  46.31200 14544 328
-1 -1 26  46.97910  48.99950 14872 208
-1 -1 26  46.97910  48.99950 15080 208
-1 -1 11  45.81710  46.00140 15288 88
-1 -1 11  45.81710  46.00140 15376 88
-1 -1 19  45.00000  49.00000 15464 152
-1 -1 19  45.00000  49.00000 15616 152
-1 -1 28  48.99810  50.00000 15768 224
-1 -1 28  48.99730  50.00000 15992 224
-1 -1 2  45.00000  45.00031 16216 16
-1 -1 2  45.00000  45.00031 16232 16
-1 -1 66  45.00000  46.97910 16248 528
-1 -1 66  45.00000  46.97910 16776 528
-1 -1 2  48.99950  50.00000 17304 16
-1 -1 2  48.99950  50.00000 17320 16
-1 -1 2  48.99730  48.99810 17336 16
-1 -1 3  45.00031  45.00190 17352 24
-1 -1 3  45.00031  45.00190 17376 24
-1 -1 3  45.00190  49.00690 17400 24
-1 -1 3  45.00190  49.00720 17424 24
-1 -1 2  45.00000  45.00031 17448 16
-1 -1 2  45.00000  45.00031 17464 16
-1 -1 3  45.94180  45.94189 17480 24
-1 -1 3  45.94180  45.94189 17504 24
-1 -1 8  49.00000  50.00000 17528 64
-1 -1 8  49.00000  50.00000 17592 64
-1 -1 2  49.37670  50.00000 17656 16
-1 -1 2  49.37670  50.00000 17672 16
-1 -1 33  45.00000  47.92000 17688 264
-1 -1 33  45.00000  47.92000 17952 264
-1 -1 2  45.94160  45.94180 18216 16
-1 -1 2  45.94160  45.94180 18232 16
-1 -1 11  47.91720  48.99750 18248 88
-1 -1 11  47.91720  48.99750 18336 88
-1 -1 7  46.31610  46.58220 18424 56
-1 -1 7  46.31610  46.58220 18480 56
-1 -1 28  45.00000  46.76450 18536 224
-1 -1 28  45.00000  46.76450 18760 224
-1 -1 2  47.15891  47.23540 18984 16
-1 -1 2  47.15891  47.23540 19000 16
-1 -1 3  47.25640  47.30530 19016 24
-1 -1 3  47.25640  47.30530 19040 24
-1 -1 2  46.92250  47.02980 19064 16
-1 -1 2  46.92250  47.02980 19080 16
-1 -1 2  47.29160  47.29220 19096 16
-1 -1 2  47.29160  47.29220 19112 16
-1 -1 40  45.10410  46.31610 19128 320
-1 -1 40  45.10410  46.31610 19448 320
-1 -1 9  45.07140  45.45470 19768 72
-1 -1 9  45.07140  45.45470 19840 72
-1 -1 2  45.00000  45.02299 19912 16
-1 -1 2  45.00000  45.02299 19928 16
-1 -1 2  47.23540  47.39000 19944 16
-1 -1 2  47.23540  47.39000 19960 16
-1 -1 2  47.86140  48.00420 19976 16
-1 -1 2  47.86140  48.00420 19992 16
-1 -1 2  47.29140  47.29160 20008 16
-1 -1 2  47.29140  47.29160 20024 16
-1 -1 43  45.37250  46.81250 20040 344
-1 -1 42  45.37250  46.81250 20384 336
-1 -1 10  46.81640  50.00000 20720 80
-1 -1 10  46.81640  50.00000 20800 80
-1 -1 13  45.00360  45.64330 20880 104
-1 -1 12  45.00360  45.64330 20984 96
-1 -1 2  45.00000  45.00999 21080 16
-1 -1 2  45.00000  45.00970 21096 16
-1 -1 4  45.00000  45.02200 21112 32
-1 -1 4  45.00000  45.02200 21144 32
-1 -1 2  45.00000  45.30251 21176 16
-1 -1 2  45.00000  45.30251 21192 16
-1 -1 18  47.29500  48.00190 21208 144
-1 -1 18  47.29530  48.00190 21352 144
-1 -1 3  45.00000  45.18330 21496 24
-1 -1 8  48.02200  48.09641 21520 64
-1 -1 8  48.02200  48.09641 21584 64
-1 -1 5  45.82890  45.98920 21648 40
-1 -1 5  45.82890  45.98920 21688 40
-1 -1 2  46.16810  46.25360 21728 16
-1 -1 2  46.16810  46.25360 21744 16
-1 -1 3  45.76970  45.79890 21760 24
-1 -1 3  45.76970  45.79890 21784 24
-1 -1 2  40.00000  41.99950 21808 16
-1 -1 2  40.00000  41.99950 21824 16
-1 -1 2  41.99969  41.99969 21840 16
-1 -1 2  41.99969  41.99969 21856 16
-1 -1 23  41.99950  45.00000 21872 184
-1 -1 23  41.99950  45.00000 22056 184
-1 -1 4  41.99969  41.99969 22240 32
-1 -1 4  41.99969  41.99969 22272 32
-1 -1 3  40.99969  45.00000 22304 24
-1 -1 3  40.99969  45.00000 22328 24
-1 -1 52  44.37110  45.00000 22352 416
-1 -1 52  44.37140  45.00000 22768 416
-1 -1 2  41.99969  41.99969 23184 16
-1 -1 2  41.99969  41.99969 23200 16
-1 -1 2  40.00000  41.99969 23216 16
-1 -1 2  40.00000  41.99969 23232 16
-1 -1 3  40.00000  41.00000 23248 24
-1 -1 3  40.00000  41.00000 23272 24
-1 -1 3  40.99940  40.99969 23296 24
-1 -1 3  40.99940  40.99969 23320 24
-1 -1 3  40.00000  40.99940 23344 24
-1 -1 3  40.00000  40.99940 23368 24
-1 -1 2  41.00439  45.00000 23392 16
-1 -1 2  41.00439  45.00000 23408 16
-1 -1 2  40.00010  40.00031 23424 16
-1 -1 2  40.00010  40.00031 23440 16
-1 -1 3  43.00031  43.00070 23456 24
-1 -1 3  43.00031  43.00070 23480 24
-1 -1 83  40.00000  43.00390 23504 664
-1 -1 83  40.00000  43.00390 24168 664
-1 -1 2  40.59109  40.60080 24832 16
-1 -1 2  40.59109  40.60080 24848 16
-1 -1 2  43.49940  45.00000 24864 16
-1 -1 2  43.49940  45.00000 24880 16
-1 -1 15  43.00000  43.50031 24896 120
-1 -1 15  42.99950  43.50031 25016 120
-1 -1 2  40.00000  40.00010 25136 16
-1 -1 2  40.00000  40.00010 25152 16
-1 -1 2  43.00070  43.00080 25168 16
-1 -1 2  43.00070  43.00080 25184 16
-1 -1 13  42.51310  43.00050 25200 104
-1 -1 13  42.51310  43.00050 25304 104
-1 -1 6  40.00000  40.37670 25408 48
-1 -1 6  40.00000  40.37670 25456 48
-1 -1 48  40.37670  43.07640 25504 384
-1 -1 48  40.37670  43.07640 25888 384
-1 -1 3  43.50031  43.50080 26272 24
-1 -1 3  43.50031  43.50080 26296 24
-1 -1 5  44.75390  45.00000 26320 40
-1 -1 5  44.75390  45.00000 26360 40
-1 -1 2  42.50650  42.51080 26400 16
-1 -1 2  42.50650  42.51080 26416 16
-1 -1 7  43.91810  44.42030 26432 56
-1 -1 7  43.91810  44.42030 26488 56
-1 -1 7  43.07890  43.72390 26544 56
-1 -1 7  43.07890  43.72390 26600 56
-1 -1 5  44.42080  44.61250 26656 40
-1 -1 5  44.42080  44.61250 26696 40
-1 -1 2  44.61140  44.75220 26736 16
-1 -1 2  44.61140  44.75220 26752 16
-1 -1 2  43.78419  43.92030 26768 16
-1 -1 2  43.78450  43.92030 26784 16
-1 -1 2  43.72580  43.78160 26800 16
-1 -1 2  43.72580  43.78140 26816 16
-1 -1 2  41.75900  41.75970 26832 16
-1 -1 2  41.75900  41.75970 26848 16
-1 -1 2  40.00000  41.71310 26864 16
-1 -1 2  40.00000  41.71310 26880 16
-1 -1 2  42.49160  42.50650 26896 16
-1 -1 2  42.49160  42.50650 26912 16
-1 -1 4  42.38190  42.83530 26928 32
-1 -1 4  42.38220  42.83530 26960 32
-1 -1 2  44.75560  45.00000 26992 16
-1 -1 2  44.75560  45.00000 27008 16
-1 -1 3  43.20810  43.51250 27024 24
-1 -1 3  43.20810  43.51250 27048 24
-1 -1 2  44.08940  44.29830 27072 16
-1 -1 2  44.08940  44.29830 27088 16
-1 -1 2  41.76420  41.77030 27104 16
-1 -1 2  41.76420  41.77030 27120 16
-1 -1 2  42.49001  42.49060 27136 16
-1 -1 2  42.49001  42.49060 27152 16
-1 -1 2  41.76780  41.84220 27168 16
-1 -1 3  41.74001  41.76810 27184 24
-1 -1 3  41.74001  41.76780 27208 24
-1 -1 2  41.76780  41.84220 27232 16
-1 -1 12  40.00000  40.64280 27248 96
-1 -1 12  40.00000  40.64280 27344 96
-1 -1 3  40.00000  41.75900 27440 24
-1 -1 3  40.00000  41.75900 27464 24
-1 -1 2  40.00000  41.97750 27488 16
-1 -1 2  40.00000  41.97750 27504 16
-1 -1 2  41.69920  41.73830 27520 16
-1 -1 2  41.69920  41.73830 27536 16
-1 -1 14  41.51510  42.26559 27552 112
-1 -1 10  40.68280  41.06610 27664 80
-1 -1 14  41.51510  42.26559 27744 112
-1 -1 10  40.68280  41.06610 27856 80
-1 -1 3  40.00000  40.01950 27936 24
-1 -1 7  40.40600  40.68470 27960 56
-1 -1 7  40.40600  40.68470 28016 56
-1 -1 3  40.00000  40.02050 28072 24
-1 -1 36  42.70030  45.00000 28096 288
-1 -1 36  42.70030  45.00000 28384 288
-1 -1 13  41.06610  41.51510 28672 104
-1 -1 13  41.06610  41.51510 28776 104
-1 -1 32  42.72610  45.00000 28880 256
-1 -1 32  42.72610  45.00000 29136 256
-1 -1 11  40.01950  40.40600 29392 88
-1 -1 11  40.02050  40.40600 29480 88
-1 -1 7  43.07970  45.00000 29568 56
-1 -1 7  43.07970  45.00000 29624 56
-1 -1 12  41.32140  42.05500 29680 96
-1 -1 12  41.32140  42.05500 29776 96
-1 -1 7  41.01050  42.75220 29872 56
-1 -1 7  41.01050  42.75220 29928 56
-1 -1 11  40.48170  41.35500 29984 88
-1 -1 11  40.48170  41.35500 30072 88
-1 -1 11  41.51220  42.01720 30160 88
-1 -1 11  41.51220  42.01720 30248 88
-1 -1 6  44.76910  45.00000 30336 48
-1 -1 3  39.00640  40.00000 30384 24
-1 -1 3  39.00600  40.00000 30408 24
-1 -1 5  35.29400  39.00640 30432 40
-1 -1 5  35.29410  39.00600 30472 40
-1 -1 2  37.00020  37.00031 30512 16
-1 -1 2  37.00020  37.00031 30528 16
-1 -1 2  35.00000  35.29400 30544 16
-1 -1 2  35.00000  35.29410 30560 16
-1 -1 26  35.34030  40.00000 30576 208
-1 -1 26  35.34030  40.00000 30784 208
-1 -1 6  35.00000  35.34109 30992 48
-1 -1 6  35.00000  35.34109 31040 48
-1 -1 3  35.00000  40.00000 31088 24
-1 -1 3  35.00000  40.00000 31112 24
-1 -1 3  37.00000  37.00020 31136 24
-1 -1 3  37.00000  37.00020 31160 24
-1 -1 4  35.00000  36.50000 31184 32
-1 -1 3  36.99980  37.00000 31216 24
-1 -1 3  36.99980  37.00000 31240 24
-1 -1 2  37.00270  40.00000 31264 16
-1 -1 2  37.00270  40.00000 31280 16
-1 -1 4  35.00000  36.50000 31296 32
-1 -1 2  36.50000  36.99950 31328 16
-1 -1 2  36.50000  36.99950 31344 16
-1 -1 3  36.99969  36.99980 31360 24
-1 -1 3  36.99969  36.99980 31384 24
-1 -1 8  39.86270  40.00000 31408 64
-1 -1 7  39.43311  39.67640 31472 56
-1 -1 8  39.86270  40.00000 31528 64
-1 -1 7  39.43311  39.67640 31592 56
-1 -1 2  39.99969  40.00000 31648 16
-1 -1 2  39.99969  40.00000 31664 16
-1 -1 30  37.96380  40.00000 31680 240
-1 -1 25  35.00000  35.56110 31920 200
-1 -1 29  37.96380  40.00000 32120 232
-1 -1 25  35.00000  35.56110 32352 200
-1 -1 3  36.99969  39.13340 32552 24
-1 -1 3  36.99969  39.13340 32576 24
-1 -1 8  39.67640  39.90210 32600 64
-1 -1 12  39.12020  39.43311 32664 96
-1 -1 8  39.67640  39.90210 32760 64
-1 -1 12  39.12020  39.43311 32824 96
-1 -1 16  35.00000  36.50060 32920 128
-1 -1 14  35.98560  36.99969 33048 112
-1 -1 4  35.00000  36.50060 33160 32
-1 -1 2  35.00170  35.00180 33192 16
-1 -1 2  35.00170  35.00180 33208 16
-1 -1 2  36.49969  36.99969 33224 16
-1 -1 77  35.53889  37.96380 33240 616
-1 -1 77  35.53889  37.96380 33856 616
-1 -1 2  38.68860  38.76980 34472 16
-1 -1 2  38.68860  38.76980 34488 16
-1 -1 14  36.49860  36.69050 34504 112
-1 -1 14  36.49860  36.69050 34616 112
-1 -1 90  36.98280  38.74720 34728 720
-1 -1 90  36.98280  38.74610 35448 720
-1 -1 2  35.99400  36.00000 36168 16
-1 -1 3  35.00000  35.02361 36184 24
-1 -1 3  35.00000  35.02361 36208 24
-1 -1 2  35.99400  36.00000 36232 16
-1 -1 39  37.80500  39.35690 36248 312
-1 -1 39  37.80500  39.35690 36560 312
-1 -1 2  39.35500  40.00000 36872 16
-1 -1 2  39.35500  40.00000 36888 16
-1 -1 2  35.00180  35.00250 36904 16
-1 -1 2  35.00180  35.00250 36920 16
-1 -1 2  36.50080  36.50140 36936 16
-1 -1 2  36.50080  36.50140 36952 16
-1 -1 90  38.40410  40.00000 36968 720
-1 -1 90  38.40410  40.00000 37688 720
-1 -1 60  37.20450  38.41730 38408 480
-1 -1 12  36.54970  36.62560 38888 96
-1 -1 12  36.54970  36.62560 38984 96
-1 -1 39  37.20690  38.00380 39080 312
-1 -1 52  35.00000  36.61060 39392 416
-1 -1 52  35.00000  36.61060 39808 416
-1 -1 21  35.00000  35.22079 40224 168
-1 -1 21  35.00000  35.22079 40392 168
-1 -1 37  36.60250  38.41730 40560 296
-1 -1 2  39.09940  40.00000 40856 16
-1 -1 2  39.09940  40.00000 40872 16
-1 -1 3  39.72141  40.00000 40888 24
-1 -1 3  39.72141  40.00000 40912 24
-1 -1 16  36.60250  37.53940 40936 128
-1 -1 37  38.00380  39.45590 41064 296
-1 -1 2  36.54950  36.54970 41360 16
-1 -1 2  36.54950  36.54970 41376 16
-1 -1 35  38.00380  39.45590 41392 280
-1 -1 24  37.89810  38.90780 41672 192
-1 -1 23  37.89810  38.90780 41864 184
-1 -1 37  38.90500  39.69890 42048 296
-1 -1 37  38.90500  39.69890 42344 296
-1 -1 2  39.72141  39.72169 42640 16
-1 -1 2  39.72141  39.72169 42656 16
-1 -1 15  39.45641  40.00000 42672 120
-1 -1 15  39.45641  40.00000 42792 120
-1 -1 8  38.45280  39.85080 42912 64
-1 -1 8  38.45280  39.85080 42976 64
-1 -1 19  39.20390  39.72141 43040 152
-1 -1 19  39.20390  39.72141 43192 152
-1 -1 9  37.91550  38.03910 43344 72
-1 -1 9  37.91550  38.03910 43416 72
-1 -1 4  38.79000  38.99471 43488 32
-1 -1 4  38.79000  38.99500 43520 32
-1 -1 2  32.25390  32.31560 43552 16
-1 -1 2  31.96500  32.12560 43568 16
-1 -1 2  32.13910  32.25170 43584 16
-1 -1 2  34.99561  35.00000 43600 16
-1 -1 2  34.99610  35.00000 43616 16
-1 -1 39  32.71810  34.74140 43632 312
-1 -1 39  32.71810  34.74140 43944 312
-1 -1 4  34.81060  35.00000 44256 32
-1 -1 4  34.81060  35.00000 44288 32
-1 -1 7  32.31560  32.50800 44320 56
-1 -1 3  32.12560  32.13910 44376 24
-1 -1 3  34.73640  34.80800 44400 24
-1 -1 3  34.73640  34.80800 44424 24
-1 -1 2  31.33330  35.00000 44448 16
-1 -1 2  31.33330  35.00000 44464 16
-1 -1 7  30.00000  31.33360 44480 56
-1 -1 4  31.78310  32.00050 44536 32
-1 -1 4  31.78310  32.00050 44568 32
-1 -1 3  33.00110  35.00000 44600 24
-1 -1 3  34.58070  35.00000 44624 24
-1 -1 2  34.58080  35.00000 44648 16
-1 -1 3  33.00110  35.00000 44664 24
-1 -1 3  32.00000  32.99950 44688 24
-1 -1 3  32.00000  32.99950 44712 24
-1 -1 2  34.58080  34.58110 44736 16
-1 -1 104  33.69830  34.58070 44752 832
-1 -1 103  33.69830  34.57970 45584 824
-1 -1 2  34.57970  34.58080 46408 16
-1 -1 180  30.99970  35.00000 46424 1440
-1 -1 180  30.99970  35.00000 47864 1440
-1 -1 23  33.55340  33.86050 49304 184
-1 -1 23  33.55340  33.86050 49488 184
-1 -1 2  33.64750  35.00000 49672 16
-1 -1 42  30.00000  33.54970 49688 336
-1 -1 42  30.00000  33.54970 50024 336
-1 -1 2  33.64750  35.00000 50360 16
-1 -1 2  33.01170  33.01220 50376 16
-1 -1 2  33.01170  33.01220 50392 16
-1 -1 16  30.18690  31.00080 50408 128
-1 -1 16  30.18690  31.00080 50536 128
-1 -1 5  30.39020  35.00000 50664 40
-1 -1 5  30.39020  35.00000 50704 40
-1 -1 5  32.05360  32.18221 50744 40
-1 -1 12  32.51900  34.99920 50784 96
-1 -1 5  32.05360  32.18221 50880 40
-1 -1 12  32.51900  34.99920 50920 96
-1 -1 18  30.27530  30.99970 51016 144
-1 -1 18  30.27530  30.99970 51160 144
-1 -1 10  31.04110  31.62720 51304 80
-1 -1 3  30.98330  31.00360 51384 24
-1 -1 10  31.04110  31.62720 51408 80
-1 -1 3  30.98330  31.00360 51488 24
-1 -1 2  34.99950  34.99990 51512 16
-1 -1 2  34.99950  34.99990 51528 16
-1 -1 6  31.62890  32.05580 51544 48
-1 -1 6  31.62890  32.05580 51592 48
-1 -1 2  34.98610  35.00000 51640 16
-1 -1 2  34.98610  35.00000 51656 16
-1 -1 4  34.81250  35.00000 51672 32
-1 -1 4  34.81250  35.00000 51704 32
-1 -1 30  30.36310  30.92060 51736 240
-1 -1 30  30.36310  30.92060 51976 240
-1 -1 11  32.18221  32.51900 52216 88
-1 -1 43  32.02890  33.65640 52304 344
-1 -1 43  32.02890  33.65640 52648 344
-1 -1 11  32.18221  32.51900 52992 88
-1 -1 3  34.98610  35.00000 53080 24
-1 -1 14  34.35609  35.00000 53104 112
-1 -1 3  34.98610  35.00000 53216 24
-1 -1 14  34.35609  35.00000 53240 112
-1 -1 11  33.65891  34.35840 53352 88
-1 -1 10  33.65891  34.35840 53440 80
-1 -1 3  31.00360  31.04110 53520 24
-1 -1 3  30.91780  30.98330 53544 24
-1 -1 3  31.00360  31.04110 53568 24
-1 -1 3  30.91780  30.98330 53592 24
-1 -1 2  34.99990  35.00000 53616 16
-1 -1 2  34.99990  35.00000 53632 16
-1 -1 3  33.85860  34.81250 53648 24
-1 -1 3  33.85860  34.81250 53672 24
-1 -1 2  27.99950  28.00030 53696 16
-1 -1 23  25.00000  27.06140 53712 184
-1 -1 28  25.61170  26.83860 53896 224
-1 -1 27  26.26310  30.00000 54120 216
-1 -1 59  25.00000  27.79420 54336 472
-1 -1 29  25.00000  26.76080 54808 232
-1 -1 7  25.00000  25.15560 55040 56
-1 -1 3  26.66700  28.99390 55096 24
-1 -1 2  25.00000  25.07390 55120 16
-1 -1 3  27.63530  27.77140 55136 24
-1 -1 47  25.00000  27.66750 55160 376
-1 -1 5  29.70700  30.00000 55536 40
-1 -1 5  29.70700  30.00000 55576 40
-1 -1 41  22.46690  25.00000 55616 328
-1 -1 4  22.96280  23.06860 55944 32
-1 -1 6  20.70000  20.93770 55976 48
-1 -1 56  20.38860  25.00000 56024 448
-1 -1 3  22.80060  22.87560 56472 24
-1 -1 7  23.10290  23.41250 56496 56
-1 -1 21  20.00000  21.18440 56552 168
-1 -1 85  21.05450  22.76470 56720 680
-1 -1 4  20.00000  20.20360 57400 32
-1 -1 44  20.00000  20.40310 57432 352
-1 -1 6  24.69670  25.00000 57784 48
-1 -1 24  22.31810  25.00000 57832 192
-1 -1 38  23.19450  25.00000 58024 304
-1 -1 41  20.70800  22.96280 58328 328
-1 -1 3  20.00000  20.09000 58656 24
-1 -1 15  21.51030  21.86140 58680 120
-1 -1 22  21.72560  22.45890 58800 176
-1 -1 3  24.69640  25.00000 58976 24
-1 -1 31  20.00000  20.80280 59000 248
-1 -1 42  21.40170  22.80060 59248 336
-1 -1 5  22.87560  23.10290 59584 40
-1 -1 22  23.37250  25.00000 59624 176
-1 -1 7  21.17420  21.41390 59800 56
-1 -1 58  20.00000  21.40050 59856 464
-1 -1 11  20.00000  20.26920 60320 88
-1 -1 4  20.00000  20.04200 60408 32
-1 -1 17  21.15920  21.64390 60440 136
-1 -1 20  22.21580  22.47140 60576 160
-1 -1 14  20.27190  21.14640 60736 112
-1 -1 5  21.11250  21.18170 60848 40
-1 -1 8  20.44300  20.86390 60888 64
-1 -1 2  20.00000  20.45530 60952 16
-1 -1 4  20.00000  21.49530 60968 32
-1 -1 25  18.39500  20.00000 61000 200
-1 -1 8  19.90140  20.00000 61200 64
-1 -1 32  18.95500  20.00000 61264 256
-1 -1 52  18.23920  18.85970 61520 416
-1 -1 2  19.94250  20.00000 61936 16
-1 -1 23  18.96610  19.51830 61952 184
-1 -1 12  18.68700  18.97440 62136 96
-1 -1 7  17.92160  18.26140 62232 56
-1 -1 83  16.31980  20.00000 62288 664
-1 -1 23  17.89280  18.76500 62952 184
-1 -1 3  19.67170  20.00000 63136 24
-1 -1 45  17.33210  18.68110 63160 360
-1 -1 46  19.08970  19.71390 63520 368
-1 -1 11  19.77330  20.00000 63888 88
-1 -1 12  19.58690  20.00000 63976 96
-1 -1 29  18.66940  19.53940 64072 232
-1 -1 21  18.37090  19.47690 64304 168
-1 -1 6  19.06140  19.14340 64472 48
-1 -1 23  15.00000  16.07500 64520 184
-1 -1 2  15.00000  15.14150 64704 16
-1 -1 49  15.00000  16.07530 64720 392
-1 -1 72  17.25700  18.20750 65112 576
-1 -1 5  17.15000  17.37860 65688 40
-1 -1 7  15.99660  16.08550 65728 56
-1 -1 10  15.00000  15.21110 65784 80
-1 -1 7  15.20530  15.29750 65864 56
-1 -1 6  15.00000  15.26250 65920 48
-1 -1 18  17.81970  18.65530 65968 144
-1 -1 11  15.20970  15.43810 66112 88
-1 -1 14  16.04280  17.15000 66200 112
-1 -1 13  15.07360  15.30360 66312 104
-1 -1 54  15.00000  15.91780 66416 432
-1 -1 2  15.00000  15.00950 66848 16
-1 -1 18  15.43640  15.71530 66864 144
-1 -1 14  15.00000  15.41190 67008 112
-1 -1 22  15.84000  16.01560 67120 176
-1 -1 19  15.08660  15.77080 67296 152
-1 -1 23  16.41440  17.10560 67448 184
-1 -1 17  17.10440  17.50190 67632 136
-1 -1 4  15.00000  15.16030 67768 32
-1 -1 15  15.00000  15.53700 67800 120
-1 -1 12  15.18000  15.86080 67920 96
-1 -1 4  15.15660  15.28780 68016 32
-1 -1 9  17.46520  17.96250 68048 72
-1 -1 3  17.81940  20.00000 68120 24
-1 -1 7  15.00000  15.29530 68144 56
-1 -1 2  19.65190  20.00000 68200 16
-1 -1 8  16.52610  16.70000 68216 64
-1 -1 2  15.00000  15.01610 68280 16
-1 -1 4  17.96090  18.23580 68296 32
-1 -1 2  15.07640  15.08660 68328 16
-1 -1 2  15.00000  15.99110 68344 16
-1 -1 12  18.05670  18.24140 68360 96
-1 -1 12  17.92970  18.07390 68456 96
-1 -1 8  17.85080  18.46970 68552 64
-1 -1 7  18.14860  18.40640 68616 56
-1 -1 8  17.98250  18.16950 68672 64
-1 -1 5  18.19500  18.43580 68736 40
-1 -1 7  17.87890  18.18550 68776 56
-1 -1 6  18.07420  18.26580 68832 48
-1 -1 6  18.28860  18.33860 68880 48
-1 -1 3  17.85830  18.22110 68928 24
-1 -1 3  19.89250  19.96560 68952 24
-1 -1 4  19.90110  19.96220 68976 32
-1 -1 27  14.80800  15.00000 69008 216
-1 -1 16  14.25580  15.00000 69224 128
-1 -1 44  13.80090  14.51890 69352 352
-1 -1 23  14.12440  14.74050 69704 184
-1 -1 26  14.04390  14.49030 69888 208
-1 -1 15  14.53140  15.00000 70096 120
-1 -1 20  14.48640  14.73980 70216 160
-1 -1 10  14.73980  15.00000 70376 80
-1 -1 11  14.40360  14.77720 70456 88
-1 -1 10  14.51470  14.89030 70544 80
-1 -1 2  14.43330  14.43440 70624 16
-1 -1 4  14.53090  14.82580 70640 32
-1 -1 7  14.67410  14.79060 70672 56
-1 -1 7  14.81800  14.91060 70728 56
-1 -1 32  13.81480  15.00000 70784 256
-1 -1 39  13.49970  15.00000 71040 312
-1 -1 12  12.63860  13.88050 71352 96
-1 -1 3  14.24510  14.59890 71448 24
-1 -1 10  10.00000  10.16720 71472 80
-1 -1 30  12.39890  12.79500 71552 240
-1 -1 27  14.21860  14.94000 71792 216
-1 -1 27  13.98750  14.41080 72008 216
-1 -1 5  11.63080  11.70240 72224 40
-1 -1 13  10.66570  11.06450 72264 104
-1 -1 19  13.97000  14.78920 72368 152
-1 -1 7  14.76420  15.00000 72520 56
-1 -1 27  13.94030  14.40410 72576 216
-1 -1 18  12.96750  13.82800 72792 144
-1 -1 12  12.45830  13.20670 72936 96
-1 -1 18  14.41920  15.00000 73032 144
-1 -1 23  13.16670  13.69530 73176 184
-1 -1 4  14.92230  15.00000 73360 32
-1 -1 11  14.04420  14.39060 73392 88
-1 -1 11  12.04970  12.37280 73480 88
-1 -1 14  13.41220  14.04780 73568 112
-1 -1 16  13.25220  13.86420 73680 128
-1 -1 8  11.76390  12.31330 73808 64
-1 -1 12  13.16670  13.89590 73872 96
-1 -1 15  13.51450  13.90840 73968 120
-1 -1 14  13.37390  13.75590 74088 112
-1 -1 8  13.45530  13.62610 74200 64
-1 -1 13  12.77860  13.34060 74264 104
-1 -1 14  13.53890  13.90500 74368 112
-1 -1 7  13.20610  13.44560 74480 56
-1 -1 13  13.66410  14.04140 74536 104
-1 -1 9  14.50470  14.72890 74640 72
-1 -1 7  11.51890  12.15270 74712 56
-1 -1 10  13.25800  13.66250 74768 80
-1 -1 4  14.92160  15.00000 74848 32
-1 -1 9  13.64190  13.94310 74880 72
-1 -1 7  12.90360  13.08310 74952 56
-1 -1 10  13.70610  14.06690 75008 80
-1 -1 12  14.77860  14.95090 75088 96
-1 -1 8  11.60170  11.72270 75184 64
-1 -1 11  13.74390  13.81390 75248 88
-1 -1 9  13.67830  13.85360 75336 72
-1 -1 7  12.11800  12.54970 75408 56
-1 -1 6  14.41170  14.63250 75464 48
-1 -1 4  14.81970  15.00000 75512 32
-1 -1 9  14.43310  14.57750 75544 72
-1 -1 6  12.00080  12.30640 75616 48
-1 -1 6  14.79060  14.87590 75664 48
-1 -1 5  13.77580  14.03250 75712 40
-1 -1 5  13.48920  13.63780 75752 40
-1 -1 2  11.85640  11.94920 75792 16
-1 -1 2  13.99340  14.01420 75808 16
-1 -1 2  11.04000  11.10140 75824 16
-1 -1 6  10.00000  10.19610 75840 48
-1 -1 10  13.88050  14.24510 75888 80
-1 -1 17  10.00000  10.77000 75968 136
-1 -1 19  10.00000  10.33250 76104 152
-1 -1 3  11.86610  12.39890 76256 24
-1 -1 2  10.00000  10.13890 76280 16
-1 -1 15  10.94280  11.86830 76296 120
-1 -1 10  10.31280  10.66570 76416 80
-1 -1 2  12.37280  12.37700 76496 16
-1 -1 2  14.74170  15.00000 76512 16
-1 -1 4  10.00000  10.78390 76528 32
-1 -1 9  10.00000  10.15030 76560 72
-1 -1 9  10.34040  10.80890 76632 72
-1 -1 22  10.00000  11.85440 76704 176
-1 -1 20  10.00000  11.12530 76880 160
-1 -1 9  10.51830  10.67270 77040 72
-1 -1 24  10.00000  11.27000 77112 192
-1 -1 4  10.00000  10.30910 77304 32
-1 -1 17  10.40780  10.91810 77336 136
-1 -1 15  10.44080  10.98920 77472 120
-1 -1 2  10.25950  10.34040 77592 16
-1 -1 10  10.30830  10.52610 77608 80
-1 -1 3  10.00000  10.03780 77688 24
-1 -1 8  10.01030  10.32250 77712 64
-1 -1 4  10.00000  10.00920 77776 32
-1 -1 35  10.00000  10.76690 77808 280
-1 -1 14  10.00000  10.46330 78088 112
-1 -1 4  10.00000  10.01270 78200 32
-1 -1 7  10.00000  10.13110 78232 56
-1 -1 5  10.00000  10.14000 78288 40
-1 -1 4  10.00000  10.02030 78328 32
-1 -1 4  10.00000  10.01720 78360 32
-1 -1 20  10.00000  10.53500 78392 160
-1 -1 18  10.39410  10.62470 78552 144
-1 -1 20  10.00000  10.76080 78696 160
-1 -1 4  10.58970  10.73250 78856 32
-1 -1 4  10.00000  10.07970 78888 32
-1 -1 37  10.03390  10.32060 78920 296
-1 -1 12  10.06920  10.25170 79216 96
-1 -1 13   9.73114  10.00000 79312 104
-1 -1 54   9.06554  10.00000 79416 432
-1 -1 46   8.09026   9.02945 79848 368
-1 -1 23   9.46830  10.00000 80216 184
-1 -1 6   9.82391  10.00000 80400 48
-1 -1 23   9.06500  10.00000 80448 184
-1 -1 4   8.94079   8.98497 80632 32
-1 -1 23   8.53109   8.91058 80664 184
-1 -1 21   7.97833   8.78386 80848 168
-1 -1 25   7.23110   8.13497 81016 200
-1 -1 13   7.51942   8.00000 81216 104
-1 -1 3   9.95697  10.00000 81320 24
-1 -1 8   8.62058   8.87610 81344 64
-1 -1 78   5.50225   8.13359 81408 624
-1 -1 35   7.23941   8.90608 82032 280
-1 -1 20   8.25414   9.42031 82312 160
-1 -1 38   8.34691   9.08698 82472 304
-1 -1 32   9.08721   9.54170 82776 256
-1 -1 30   8.96345   9.48112 83032 240
-1 -1 15   9.43938  10.00000 83272 120
-1 -1 5   5.00000   5.08194 83392 40
-1 -1 30   5.00000   5.72747 83432 240
-1 -1 6   5.00000   5.29015 83672 48
-1 -1 13   5.46387   5.73030 83720 104
-1 -1 12   5.00000   5.50004 83824 96
-1 -1 104   6.82742  10.00000 83920 832
-1 -1 85   5.00000   9.17281 84752 680
-1 -1 38   5.00000   5.82582 85432 304
-1 -1 11   5.00000   5.76051 85736 88
-1 -1 33   7.28557   7.75082 85824 264
-1 -1 6   8.05821   8.25414 86088 48
-1 -1 54   5.69276   7.06058 86136 432
-1 -1 43   8.14885  10.00000 86568 344
-1 -1 22   8.97612  10.00000 86912 176
-1 -1 18   9.43030   9.84970 87088 144
-1 -1 49   6.08278   6.34112 87232 392
-1 -1 16   8.84436   9.42969 87624 128
-1 -1 14   8.19364   9.43938 87752 112
-1 -1 44   7.36469   8.61135 87864 352
-1 -1 31   7.01724   7.70390 88216 248
-1 -1 21   7.00664   8.19448 88464 168
-1 -1 31   7.68391   8.95415 88632 248
-1 -1 3   5.28641   5.31167 88880 24
-1 -1 26   8.39086   8.96559 88904 208
-1 -1 13   9.59945  10.00000 89112 104
-1 -1 7   5.68223   5.77638 89216 56
-1 -1 20   8.95476   9.35447 89272 160
-1 -1 9   6.34058   7.01053 89432 72
-1 -1 9   9.83413  10.00000 89504 72
-1 -1 4   9.89334  10.00000 89576 32
-1 -1 8   8.92500   9.17334 89608 64
-1 -1 5   9.09781   9.20890 89672 40
-1 -1 4   9.13222   9.29198 89712 32
-1 -1 63   6.08278   7.91775 89744 504
-1 -1 53   5.00000   6.19165 90248 424
-1 -1 8   5.76051   6.11864 90672 64
-1 -1 63   7.65446   8.07279 90736 504
-1 -1 4   9.85725  10.00000 91240 32
-1 -1 6   9.87556  10.00000 91272 48
-1 -1 35   9.23087  10.00000 91320 280
-1 -1 32   9.39498   9.84695 91600 256
-1 -1 5   6.03525   6.14794 91856 40
-1 -1 19   9.12131   9.95277 91896 152
-1 -1 15   7.87861   8.75914 92048 120
-1 -1 30   8.11330   8.84436 92168 240
-1 -1 17   8.93027  10.00000 92408 136
-1 -1 7   9.89586  10.00000 92544 56
-1 -1 11   9.81865  10.00000 92600 88
-1 -1 16   9.92752  10.00000 92688 128
-1 -1 7   9.96666  10.00000 92816 56
-1 -1 3   9.99863  10.00000 92872 24
-1 -1 45   7.95552   9.36919 92896 360
-1 -1 37   8.53277   9.95552 93256 296
-1 -1 2   9.99001  10.00000 93552 16
-1 -1 5   9.53780   9.69947 93568 40
-1 -1 71   7.66941   9.99809 93608 568
-1 -1 3   5.00000   5.20584 94176 24
-1 -1 11   8.73907   9.12131 94200 88
-1 -1 39   8.38087  10.00000 94288 312
-1 -1 7   7.06638   7.15526 94600 56
-1 -1 16   7.74807   8.44915 94656 128
-1 -1 7   5.00000   5.71191 94784 56
-1 -1 15   5.00000   6.26581 94840 120
-1 -1 9   5.00000   5.35668 94960 72
-1 -1 23   6.94858   7.68055 95032 184
-1 -1 29   6.26749   7.04555 95216 232
-1 -1 30   5.00221   6.52613 95448 240
-1 -1 6   5.73365   5.88502 95688 48
-1 -1 14   6.76143   7.13031 95736 112
-1 -1 19   5.83886   6.23110 95848 152
-1 -1 10   5.93469   6.54475 96000 80
-1 -1 10   5.35775   5.73777 96080 80
-1 -1 6   5.63973   5.94026 96160 48
-1 -1 2   5.00031   5.00221 96208 16
-1 -1 8   5.32723   5.92805 96224 64
-1 -1 4   6.52834   6.81224 96288 32
-1 -1 18   5.00000   5.96475 96320 144
-1 -1 8   5.00000   5.57137 96464 64
-1 -1 2   5.29915   5.33593 96528 16
-1 -1 16   5.00000   5.73365 96544 128
-1 -1 3   0.35622   0.38972 96672 24
-1 -1 21   0.00000   0.25833 96696 168
-1 -1 57   0.36584   1.43336 96864 456
-1 -1 3   0.37545   0.41756 97320 24
-1 -1 3   0.30511   0.32090 97344 24
-1 -1 56   1.53635   3.31891 97368 448
-1 -1 47   3.21248   4.98413 97816 376
-1 -1 4   2.74861   2.86763 98192 32
-1 -1 22   1.06752   2.68444 98224 176
-1 -1 23   1.31304   2.60998 98400 184
-1 -1 5   4.81445   5.00000 98584 40
-1 -1 6   4.92248   5.00000 98624 48
-1 -1 25   0.07721   0.89670 98672 200
-1 -1 18   2.99641   3.44808 98872 144
-1 -1 12   4.08110   5.00000 99016 96
-1 -1 20   0.38697   1.20226 99112 160
-1 -1 4   0.00000   0.07805 99272 32
-1 -1 2   4.98222   5.00000 99304 16
-1 -1 6   0.10246   0.55863 99320 48
-1 -1 5   4.67582   4.72831 99368 40
-1 -1 4   0.10330   0.19363 99408 32
-1 -1 58   3.69306   5.00000 99440 464
-1 -1 49   4.29137   5.00000 99904 392
-1 -1 68   0.00000   1.68360 100296 544
-1 -1 44   2.67666   3.52720 100840 352
-1 -1 3   0.41756   0.46418 101192 24
-1 -1 3   0.32090   0.37545 101216 24
-1 -1 12   0.00000   0.30511 101240 96
-1 -1 84   1.73831   4.89891 101336 672
-1 -1 9   1.74075   1.91447 102008 72
-1 -1 4   0.00000   0.32029 102080 32
-1 -1 9   2.86763   3.72862 102112 72
-1 -1 4   2.68444   2.74861 102184 32
-1 -1 31   3.73747   4.82444 102216 248
-1 -1 11   3.28473   3.83749 102464 88
-1 -1 11   1.67941   2.69223 102552 88
-1 -1 17   1.91447   2.68414 102640 136
-1 -1 4   4.69055   5.00000 102776 32
-1 -1 63   3.49943   4.04692 102808 504
-1 -1 44   1.17334   2.14389 103312 352
-1 -1 80   3.56107   5.00000 103664 640
-1 -1 10   0.00000   1.76471 104304 80
-1 -1 4   0.00000   0.05905 104384 32
-1 -1 4   0.05905   0.23056 104416 32
-1 -1 2   0.00000   1.31975 104448 16
-1 -1 77   2.52247   5.00000 104464 616
-1 -1 29   3.27054   4.18418 105080 232
-1 -1 13   3.99947   5.00000 105312 104
-1 -1 19   3.63920   5.00000 105416 152
-1 -1 74   0.00000   2.45670 105568 592
-1 -1 16   4.13832   5.00000 106160 128
-1 -1 31   2.31640   5.00000 106288 248
-1 -1 11   0.00000   0.72861 106536 88
-1 -1 6   4.88746   5.00000 106624 48
-1 -1 15  -1.75113  -1.15030 106672 120
-1 -1 2  -3.87999  -3.83627 106792 16
-1 -1 5  -4.21248  -4.05364 106808 40
-1 -1 19  -5.00000  -2.97169 106848 152
-1 -1 40  -2.14305   0.00000 107000 320
-1 -1 6  -5.00000  -4.58610 107320 48
-1 -1 41  -1.55337  -0.93195 107368 328
-1 -1 35  -2.58030  -1.30053 107696 280
-1 -1 32  -4.76143  -3.06668 107976 256
-1 -1 27  -2.80941  -2.19219 108232 216
-1 -1 6  -1.16114  -0.85748 108448 48
-1 -1 15  -2.06386  -0.91638 108496 120
-1 -1 19  -1.29915  -0.66750 108616 152
-1 -1 11  -0.91554   0.00000 108768 88
-1 -1 14  -3.84527  -3.32753 108856 112
-1 -1 14  -3.78859  -3.32029 108968 112
-1 -1 10  -3.31891  -2.62554 109080 80
-1 -1 11  -2.32136  -1.57473 109160 88
-1 -1 5  -5.00000  -4.82780 109248 40
-1 -1 6  -3.08362  -2.52529 109288 48
-1 -1 2  -1.42000  -1.16388 109336 16
-1 -1 2  -0.91470  -0.91081 109352 16
-1 -1 2  -2.19554  -2.14336 109368 16
-1 -1 25  -0.87976   0.00000 109384 200
-1 -1 14  -0.19753   0.00000 109584 112
-1 -1 38  -0.56107   0.00000 109696 304
-1 -1 3  -4.33608  -4.32769 110000 24
-1 -1 18  -1.09476  -0.81445 110024 144
-1 -1 4  -4.32769  -4.22110 110168 32
-1 -1 63  -1.42275   0.00000 110200 504
-1 -1 56  -2.58946   0.00000 110704 448
-1 -1 13  -5.00000  -2.15999 111152 104
-1 -1 33  -1.22026   0.00000 111256 264
-1 -1 15  -1.14000   0.00000 111520 120
-1 -1 93  -5.00000  -1.21080 111640 744
-1 -1 20  -5.00000  -3.02441 112384 160
-1 -1 48  -5.00000  -2.76722 112544 384
-1 -1 9  -5.00000  -4.32639 112928 72
-1 -1 10  -4.17693  -3.57832 113000 80
-1 -1 8  -3.52636  -3.29610 113080 64
-1 -1 3  -5.00000  -4.80835 113144 24
-1 -1 4  -6.37583  -5.44251 113168 32
-1 -1 15  -9.40528  -8.79759 113200 120
-1 -1 54  -8.55581  -5.00000 113320 432
-1 -1 59  -8.98337  -5.36194 113752 472
-1 -1 62  -7.77195  -5.00000 114224 496
-1 -1 18 -10.00000  -8.56306 114720 144
-1 -1 49  -9.00526  -8.01137 114864 392
-1 -1 5 -10.00000  -9.77531 115256 40
-1 -1 19  -5.98863  -5.52956 115296 152
-1 -1 30  -7.18029  -5.97696 115448 240
-1 -1 18  -7.70802  -7.01137 115688 144
-1 -1 10  -5.53056  -5.00000 115832 80
-1 -1 3  -7.12222  -7.03113 115912 24
-1 -1 24 -10.00000  -8.62470 115936 192
-1 -1 2 -10.00000  -9.94499 116128 16
-1 -1 5  -8.34890  -7.05028 116144 40
-1 -1 4  -9.79248  -9.59831 116184 32
-1 -1 21  -9.83665  -9.26658 116216 168
-1 -1 4  -9.91608  -8.34890 116384 32
-1 -1 2  -8.82635  -8.82231 116416 16
-1 -1 32  -9.26658  -7.99969 116432 256
-1 -1 8 -10.00000  -8.83192 116688 64
-1 -1 54  -9.56985  -7.33028 116752 432
-1 -1 12  -7.33028  -5.00000 117184 96
-1 -1 3  -9.84413  -9.56985 117280 24
-1 -1 11 -10.00000  -9.25002 117304 88
-1 -1 66  -9.25002  -5.35721 117392 528
-1 -1 49 -10.00000  -7.49088 117920 392
-1 -1 65 -10.00000  -7.44663 118312 520
-1 -1 2  -5.35332  -5.00000 118832 16
-1 -1 54  -7.44610  -5.16503 118848 432
-1 -1 100 -10.00000  -8.70726 119280 800
-1 -1 58  -7.49088  -6.25780 120080 464
-1 -1 21  -7.39055  -5.00000 120544 168
-1 -1 20  -6.25971  -5.00000 120712 160
-1 -1 32  -8.71191  -7.38354 120872 256
-1 -1 5  -5.38170  -5.00000 121128 40
-1 -1 63 -10.00000  -8.53086 121168 504
-1 -1 155  -8.28359  -5.00000 121672 1240
-1 -1 92  -6.98413  -6.01999 122912 736
-1 -1 56  -9.38445  -8.82780 123648 448
-1 -1 21  -7.85779  -7.34890 124096 168
-1 -1 11 -10.00000  -9.52918 124264 88
-1 -1 3  -7.54253  -7.47471 124352 24
-1 -1 2  -6.51102  -6.50446 124376 16
-1 -1 2 -15.00000 -14.88050 124392 16
-1 -1 44 -12.68610 -11.06000 124408 352
-1 -1 24 -11.06140 -10.44250 124760 192
-1 -1 14 -14.61890 -14.07710 124952 112
-1 -1 28 -10.74780 -10.00000 125064 224
-1 -1 24 -10.44530 -10.00000 125288 192
-1 -1 32 -14.14000 -12.98050 125480 256
-1 -1 5 -12.98140 -12.68190 125736 40
-1 -1 101 -14.81970 -11.98140 125776 808
-1 -1 15 -10.92970 -10.00000 126584 120
-1 -1 31 -15.00000 -13.00660 126704 248
-1 -1 65 -11.43390 -10.00000 126952 520
-1 -1 10 -15.00000 -14.55190 127472 80
-1 -1 45 -14.07710 -12.14860 127552 360
-1 -1 34 -13.13420 -11.26190 127912 272
-1 -1 9 -15.00000 -14.73080 128184 72
-1 -1 20 -15.00000 -14.66670 128256 160
-1 -1 16 -12.27660 -11.32330 128416 128
-1 -1 17 -13.77030 -13.20640 128544 136
-1 -1 127 -14.69560 -10.39390 128680 1016
-1 -1 3 -13.35230 -13.02670 129696 24
-1 -1 15 -12.49920 -11.90390 129720 120
-1 -1 5 -15.00000 -14.65700 129840 40
-1 -1 5 -15.00000 -13.54560 129880 40
-1 -1 14 -13.68470 -12.69110 129920 112
-1 -1 8 -11.85410 -11.49840 130032 64
-1 -1 19 -11.17080 -10.00000 130096 152
-1 -1 12 -12.69110 -11.85410 130248 96
-1 -1 7 -11.49840 -11.17080 130344 56
-1 -1 25 -11.75030 -10.00000 130400 200
-1 -1 6 -15.00000 -14.96280 130600 48
-1 -1 66 -15.00000 -11.75670 130648 528
-1 -1 77 -14.86640 -10.32810 131176 616
-1 -1 16 -15.00000 -14.70970 131792 128
-1 -1 6 -10.31640 -10.00000 131920 48
-1 -1 13 -10.33300 -10.00000 131968 104
-1 -1 9 -15.00000 -14.65650 132072 72
-1 -1 25 -10.87950 -10.00000 132144 200
-1 -1 20 -15.00000 -14.57470 132344 160
-1 -1 26 -14.65650 -14.23610 132504 208
-1 -1 3 -14.57340 -14.34610 132712 24
-1 -1 16 -10.49690 -10.00000 132736 128
-1 -1 38 -11.57530 -10.00000 132864 304
-1 -1 3 -20.00000 -15.00000 133168 24
-1 -1 2 -20.00000 -16.54470 133192 16
-1 -1 2 -15.44220 -15.30820 133208 16
-1 -1 37 -17.32250 -15.00000 133224 296
-1 -1 3 -15.08780 -15.00000 133520 24
-1 -1 32 -17.79840 -15.97330 133544 256
-1 -1 30 -15.61470 -15.00000 133800 240
-1 -1 22 -15.33470 -15.00000 134040 176
-1 -1 3 -17.14740 -16.97580 134216 24
-1 -1 4 -15.30820 -15.09190 134240 32
-1 -1 43 -18.68220 -17.40360 134272 344
-1 -1 16 -16.41250 -15.80140 134616 128
-1 -1 4 -20.00000 -19.94290 134744 32
-1 -1 8 -19.38330 -19.08610 134776 64
-1 -1 28 -19.84640 -17.98950 134840 224
-1 -1 20 -19.38310 -18.56860 135064 160
-1 -1 27 -17.55000 -15.91970 135224 216
-1 -1 11 -15.91750 -15.00000 135440 88
-1 -1 7 -17.29970 -17.14740 135528 56
-1 -1 11 -18.56530 -18.34300 135584 88
-1 -1 4 -20.00000 -19.30380 135672 32
-1 -1 32 -20.00000 -18.49280 135704 256
-1 -1 19 -15.86640 -15.00000 135960 152
-1 -1 64 -18.66450 -15.86610 136112 512
-1 -1 10 -19.94290 -19.35600 136624 80
-1 -1 2 -19.33560 -19.30220 136704 16
-1 -1 8 -19.71390 -19.35390 136720 64
-1 -1 7 -20.00000 -19.29690 136784 56
-1 -1 4 -20.00000 -19.33560 136840 32
-1 -1 11 -20.00000 -19.78110 136872 88
-1 -1 22 -16.00500 -15.00000 136960 176
-1 -1 4 -15.02140 -15.00000 137136 32
-1 -1 32 -20.00000 -18.59720 137168 256
-1 -1 41 -18.61810 -16.00440 137424 328
-1 -1 23 -19.45280 -18.61550 137752 184
-1 -1 4 -20.00000 -19.96610 137936 32
-1 -1 4 -20.00000 -19.97580 137968 32
-1 -1 15 -20.00000 -19.90390 138000 120
-1 -1 4 -15.24610 -15.00000 138120 32
-1 -1 139 -18.48840 -15.00000 138152 1112
-1 -1 33 -18.64500 -18.30440 139264 264
-1 -1 8 -15.21920 -15.00000 139528 64
-1 -1 39 -17.97750 -16.36120 139592 312
-1 -1 35 -15.99370 -15.00000 139904 280
-1 -1 75 -20.00000 -17.87170 140184 600
-1 -1 11 -16.36120 -15.99370 140784 88
-1 -1 2 -18.32610 -18.12490 140872 16
-1 -1 3 -25.00000 -20.00000 140888 24
-1 -1 3 -25.00000 -20.00000 140912 24
-1 -1 2 -21.42560 -21.42150 140936 16
-1 -1 54 -24.57380 -23.36720 140952 432
-1 -1 21 -23.28710 -22.09310 141384 168
-1 -1 15 -21.53360 -20.00000 141552 120
-1 -1 16 -22.09310 -20.94470 141672 128
-1 -1 21 -21.46330 -20.86200 141800 168
-1 -1 5 -22.23920 -20.00000 141968 40
-1 -1 12 -20.47550 -20.00000 142008 96
-1 -1 26 -24.61500 -23.28710 142104 208
-1 -1 22 -25.00000 -24.12020 142312 176
-1 -1 10 -23.78610 -23.30000 142488 80
-1 -1 28 -21.14530 -20.88750 142568 224
-1 -1 3 -25.00000 -22.47030 142792 24
-1 -1 114 -25.00000 -20.00000 142816 912
-1 -1 53 -23.36770 -23.01080 143728 424
-1 -1 16 -25.00000 -23.99780 144152 128
-1 -1 30 -25.00000 -23.75830 144280 240
-1 -1 4 -25.00000 -24.89360 144520 32
-1 -1 3 -25.00000 -24.96330 144552 24
-1 -1 20 -21.23500 -20.00000 144576 160
-1 -1 30 -23.50450 -22.68000 144736 240
-1 -1 23 -23.82410 -23.29300 144976 184
-1 -1 10 -22.88030 -22.24800 145160 80
-1 -1 9 -22.89000 -22.68140 145240 72
-1 -1 53 -24.05300 -20.00000 145312 424
-1 -1 45 -22.96500 -22.52310 145736 360
-1 -1 4 -20.07860 -20.00000 146096 32
-1 -1 119 -22.89860 -20.00000 146128 952
-1 -1 4 -20.03860 -20.00000 147080 32
-1 -1 41 -20.43860 -20.00000 147112 328
-1 -1 75 -25.00000 -22.90250 147440 600
-1 -1 10 -25.00000 -24.85470 148040 80
-1 -1 4 -25.00000 -24.95310 148120 32
-1 -1 31 -22.45720 -22.00170 148152 248
-1 -1 12 -20.47550 -20.00000 148400 96
-1 -1 40 -22.09920 -20.77890 148496 320
-1 -1 44 -23.35530 -22.40610 148816 352
-1 -1 30 -21.27440 -20.47220 149168 240
-1 -1 3 -30.00000 -25.00000 149408 24
-1 -1 2 -26.00090 -26.00050 149432 16
-1 -1 3 -26.00310 -26.00090 149448 24
-1 -1 3 -26.00530 -26.00310 149472 24
-1 -1 2 -26.00240 -25.00000 149496 16
-1 -1 2 -26.00570 -26.00530 149512 16
-1 -1 2 -30.00000 -26.00570 149528 16
-1 -1 3 -29.00680 -29.00470 149544 24
-1 -1 28 -29.00470 -28.57730 149568 224
-1 -1 93 -29.18430 -28.16010 149792 744
-1 -1 8 -26.08720 -25.79640 150536 64
-1 -1 18 -29.74670 -29.04810 150600 144
-1 -1 4 -27.50350 -27.40190 150744 32
-1 -1 5 -27.76230 -27.55860 150776 40
-1 -1 16 -29.35360 -27.77430 150816 128
-1 -1 34 -30.00000 -28.40140 150944 272
-1 -1 42 -28.05250 -26.07250 151216 336
-1 -1 49 -30.00000 -27.73690 151552 392
-1 -1 20 -26.38890 -25.16390 151944 160
-1 -1 14 -25.81030 -25.27170 152104 112
-1 -1 2 -29.73360 -29.71560 152216 16
-1 -1 2 -30.00000 -29.93560 152232 16
-1 -1 22 -30.00000 -25.57140 152248 176
-1 -1 4 -27.55860 -27.50350 152424 32
-1 -1 3 -27.77430 -27.76230 152456 24
-1 -1 20 -30.00000 -29.35360 152480 160
-1 -1 23 -25.73750 -25.00000 152640 184
-1 -1 6 -26.27580 -26.21250 152824 48
-1 -1 2 -25.65720 -25.00000 152872 16
-1 -1 4 -29.93560 -29.55730 152888 32
-1 -1 2 -28.00050 -28.00010 152920 16
-1 -1 7 -25.29420 -25.00000 152936 56
-1 -1 28 -30.00000 -27.31610 152992 224
-1 -1 33 -26.88420 -25.73750 153216 264
-1 -1 67 -26.77550 -25.75940 153480 536
-1 -1 7 -25.23790 -25.00000 154016 56
-1 -1 23 -26.26220 -25.24090 154072 184
-1 -1 5 -25.01500 -25.00000 154256 40
-1 -1 4 -25.01360 -25.00000 154296 32
-1 -1 21 -25.65310 -25.00950 154328 168
-1 -1 16 -26.19080 -25.55860 154496 128
-1 -1 22 -26.13830 -25.51310 154624 176
-1 -1 11 -25.98390 -25.43580 154800 88
-1 -1 2 -28.00010 -27.99970 154888 16
-1 -1 12 -27.40720 -26.50000 154904 96
-1 -1 10 -26.51940 -26.11800 155000 80
-1 -1 9 -27.37220 -26.73750 155080 72
-1 -1 8 -28.14030 -27.34450 155152 64
-1 -1 3 -25.69470 -25.65030 155216 24
-1 -1 130 -28.49110 -27.07800 155240 1040
-1 -1 15 -29.35720 -29.06020 156280 120
-1 -1 69 -26.70860 -26.00530 156400 552
-1 -1 4 -25.36970 -25.23790 156952 32
-1 -1 8 -26.25180 -26.19170 156984 64
-1 -1 6 -25.08250 -25.00000 157048 48
-1 -1 9 -25.31750 -25.00000 157096 72
-1 -1 22 -29.06020 -28.45170 157168 176
-1 -1 8 -29.32610 -29.19110 157344 64
-1 -1 30 -26.23110 -25.96800 157408 240
-1 -1 5 -25.04030 -25.00000 157648 40
-1 -1 3 -31.69000 -30.00000 157688 24
-1 -1 7 -35.00000 -30.00000 157712 56
-1 -1 115 -35.00000 -34.00000 157768 920
-1 -1 3 -32.30950 -32.27970 158688 24
-1 -1 28 -34.70420 -33.99660 158712 224
-1 -1 25 -33.48080 -32.92530 158936 200
-1 -1 4 -35.00000 -34.98920 159136 32
-1 -1 5 -35.00000 -34.97250 159168 40
-1 -1 27 -34.28780 -33.86470 159208 216
-1 -1 21 -34.99690 -34.68781 159424 168
-1 -1 18 -32.27000 -32.03080 159592 144
-1 -1 14 -32.92530 -32.58250 159736 112
-1 -1 9 -35.00000 -32.92220 159848 72
-1 -1 62 -35.00000 -31.84730 159920 496
-1 -1 25 -31.87750 -30.00000 160416 200
-1 -1 2 -30.05940 -30.00000 160616 16
-1 -1 35 -32.39250 -31.95480 160632 280
-1 -1 5 -31.88390 -30.00000 160912 40
-1 -1 30 -34.37970 -30.00000 160952 240
-1 -1 2 -30.15560 -30.00000 161192 16
-1 -1 28 -33.46710 -31.21070 161208 224
-1 -1 10 -32.92220 -32.29000 161432 80
-1 -1 17 -35.00000 -33.26920 161512 136
-1 -1 199 -33.42390 -32.41500 161648 1592
-1 -1 12 -31.21070 -30.00000 163240 96
-1 -1 21 -34.05530 -33.46710 163336 168
-1 -1 49 -34.45330 -33.12800 163504 392
-1 -1 59 -31.86860 -30.75470 163896 472
-1 -1 47 -34.42920 -33.11750 164368 376
-1 -1 6 -34.62200 -34.44740 164744 48
-1 -1 20 -30.74940 -30.15140 164792 160
-1 -1 7 -33.11890 -32.93710 164952 56
-1 -1 15 -31.84350 -31.25560 165008 120
-1 -1 22 -32.61750 -32.36110 165128 176
-1 -1 8 -32.50360 -32.44140 165304 64
-1 -1 14 -34.79580 -33.90280 165368 112
-1 -1 4 -33.38110 -33.34200 165480 32
-1 -1 10 -32.64970 -31.75140 165512 80
-1 -1 10 -33.02470 -32.49420 165592 80
-1 -1 9 -34.80800 -34.20720 165672 72
-1 -1 9 -34.89170 -34.71470 165744 72
-1 -1 29 -34.44740 -33.14250 165816 232
-1 -1 27 -32.93710 -32.70250 166048 216
-1 -1 4 -32.12090 -31.84350 166264 32
-1 -1 22 -32.44210 -31.67280 166296 176
-1 -1 13 -33.46390 -33.33420 166472 104
-1 -1 11 -34.80580 -33.92610 166576 88
-1 -1 2 -38.06010 -35.00000 166664 16
-1 -1 48 -36.12180 -35.00000 166680 384
-1 -1 41 -35.91790 -35.12670 167064 328
-1 -1 80 -37.50529 -35.83020 167392 640
-1 -1 13 -36.67910 -36.13580 168032 104
-1 -1 35 -38.29810 -37.57360 168136 280
-1 -1 39 -38.90750 -38.32140 168416 312
-1 -1 26 -36.13690 -35.12469 168728 208
-1 -1 10 -35.53830 -35.00000 168936 80
-1 -1 6 -35.10090 -35.00000 169016 48
-1 -1 5 -35.06300 -35.00000 169064 40
-1 -1 25 -37.39440 -37.16530 169104 200
-1 -1 26 -38.43050 -37.16030 169304 208
-1 -1 23 -36.27730 -35.49300 169512 184
-1 -1 20 -39.56730 -39.28920 169696 160
-1 -1 20 -37.18719 -36.37110 169856 160
-1 -1 16 -36.53391 -36.11830 170016 128
-1 -1 2 -36.00190 -35.00000 170144 16
-1 -1 12 -35.99969 -35.00000 170160 96
-1 -1 64 -38.83950 -36.67910 170256 512
-1 -1 23 -40.00000 -35.99890 170768 184
-1 -1 2 -35.00140 -35.00140 170952 16
-1 -1 2 -38.80721 -38.80690 170968 16
-1 -1 3 -40.00000 -35.00000 170984 24
-1 -1 13 -39.32590 -38.80830 171008 104
-1 -1 2 -35.00220 -35.00140 171112 16
-1 -1 25 -41.09550 -40.19580 171128 200
-1 -1 3 -40.08970 -40.03460 171328 24
-1 -1 40 -44.87280 -43.67191 171352 320
-1 -1 28 -41.14500 -40.72530 171672 224
-1 -1 16 -42.61720 -41.69050 171896 128
-1 -1 21 -40.66090 -40.21000 172024 168
-1 -1 2 -41.99969 -41.99960 172192 16
-1 -1 3 -40.19580 -40.08970 172208 24
-1 -1 2 -40.03460 -40.00000 172232 16
-1 -1 3 -41.99960 -41.99950 172248 24
-1 -1 2 -40.70700 -40.00000 172272 16
-1 -1 5 -41.04810 -40.70860 172288 40
-1 -1 6 -48.81970 -48.62110 172328 48
-1 -1 8 -49.25330 -48.62711 172376 64
-1 -1 2 -45.99980 -45.99950 172440 16
-1 -1 2 -46.00031 -45.99980 172456 16
-1 -1 7 -54.91859 -54.87610 172472 56
-1 -1 3 -55.00000 -54.91750 172528 24
-1 -1 2 -55.18910 -55.00000 172552 16
