-1 -1 3  63.22450  63.36220 0 24
-1 -1 32  63.61810  68.90000 24 256
-1 -1 3  63.22450  63.36220 280 24
-1 -1 32  63.61819  68.90000 304 256
-1 -1 34  60.01050  63.22450 560 272
-1 -1 3  63.36220  63.61810 832 24
-1 -1 34  60.01050  63.22450 856 272
-1 -1 3  63.36220  63.61819 1128 24
-1 -1 5  60.00000  60.37140 1152 40
-1 -1 5  60.00000  60.37140 1192 40
-1 -1 2  60.30530  60.39750 1232 16
-1 -1 2  60.30530  60.39750 1248 16
-1 -1 3  59.99760  59.99800 1264 24
-1 -1 3  59.99760  59.99800 1288 24
-1 -1 3  53.80580  59.99940 1312 24
-1 -1 3  53.80590  59.99940 1336 24
-1 -1 3  59.99800  59.99850 1360 24
-1 -1 3  59.99800  59.99850 1384 24
-1 -1 30  50.00000  53.80580 1408 240
-1 -1 30  50.00000  53.80590 1648 240
-1 -1 3  59.99850  59.99890 1888 24
-1 -1 3  59.99850  59.99890 1912 24
-1 -1 3  50.00000  59.99940 1936 24
-1 -1 3  50.00000  59.99940 1960 24
-1 -1 3  59.99890  59.99940 1984 24
-1 -1 3  59.99890  59.99940 2008 24
-1 -1 3  50.00000  59.99940 2032 24
-1 -1 3  50.00000  59.99940 2056 24
-1 -1 2  59.99940  59.99969 2080 16
-1 -1 2  59.99940  59.99969 2096 16
-1 -1 4  50.00000  56.14340 2112 32
-1 -1 4  50.00000  56.14340 2144 32
-1 -1 2  56.14340  56.84440 2176 16
-1 -1 2  56.14340  56.84440 2192 16
-1 -1 2  50.00000  51.18470 2208 16
-1 -1 2  50.00000  51.18470 2224 16
-1 -1 2  51.19170  51.45890 2240 16
-1 -1 2  51.19170  51.45890 2256 16
-1 -1 110  51.55980  60.00000 2272 880
-1 -1 110  51.55980  60.00000 3152 880
-1 -1 11  52.00000  52.77500 4032 88
-1 -1 11  52.00000  52.77500 4120 88
-1 -1 3  51.41700  52.00000 4208 24
-1 -1 3  51.41700  52.00000 4232 24
-1 -1 13  45.56660  46.28060 4256 104
-1 -1 13  45.56660  46.28060 4360 104
-1 -1 2  40.00000  41.99940 4464 16
-1 -1 2  40.00000  41.99940 4480 16
-1 -1 2  41.99969  41.99969 4496 16
-1 -1 2  41.99969  41.99969 4512 16
-1 -1 8  48.99810  50.00000 4528 64
-1 -1 8  48.99720  50.00000 4592 64
-1 -1 4  40.99980  45.00040 4656 32
-1 -1 4  40.99980  45.00040 4688 32
-1 -1 31  44.37110  48.99950 4720 248
-1 -1 31  44.37140  48.99950 4968 248
-1 -1 4  45.80960  46.00140 5216 32
-1 -1 4  45.80960  46.00140 5248 32
-1 -1 12  41.99940  49.00010 5280 96
-1 -1 12  41.99940  49.00010 5376 96
-1 -1 3  41.99969  41.99969 5472 24
-1 -1 3  41.99969  41.99969 5496 24
-1 -1 2  40.00000  41.99969 5520 16
-1 -1 2  40.00000  41.99969 5536 16
-1 -1 2  48.99950  50.00000 5552 16
-1 -1 2  48.99950  50.00000 5568 16
-1 -1 2  48.99720  48.99810 5584 16
-1 -1 3  40.00000  41.00010 5600 24
-1 -1 3  45.00040  49.00690 5624 24
-1 -1 3  40.00000  41.00010 5648 24
-1 -1 3  45.00040  49.00720 5672 24
-1 -1 3  40.00000  40.99980 5696 24
-1 -1 3  40.00000  40.99980 5720 24
-1 -1 2  41.00450  45.00020 5744 16
-1 -1 2  41.00450  45.00020 5760 16
-1 -1 2  45.94189  45.94200 5776 16
-1 -1 2  45.94189  45.94200 5792 16
-1 -1 2  40.00020  40.00031 5808 16
-1 -1 2  40.00020  40.00031 5824 16
-1 -1 2  49.00010  50.00000 5840 16
-1 -1 2  49.00010  50.00000 5856 16
-1 -1 2  43.00020  43.00070 5872 16
-1 -1 2  43.00020  43.00070 5888 16
-1 -1 3  40.00000  40.37660 5904 24
-1 -1 3  40.00000  40.37660 5928 24
-1 -1 19  40.00000  43.00390 5952 152
-1 -1 19  40.00000  43.00390 6104 152
-1 -1 17  40.39110  43.07640 6256 136
-1 -1 17  40.39110  43.07640 6392 136
-1 -1 2  49.37670  50.00000 6528 16
-1 -1 2  49.37670  50.00000 6544 16
-1 -1 8  43.49950  47.92000 6560 64
-1 -1 8  43.49950  47.92000 6624 64
-1 -1 4  46.31461  46.58230 6688 32
-1 -1 4  46.31450  46.58230 6720 32
-1 -1 2  45.94170  45.94189 6752 16
-1 -1 2  45.94170  45.94189 6768 16
-1 -1 6  42.99990  43.50090 6784 48
-1 -1 6  42.99950  43.50090 6832 48
-1 -1 12  44.75390  46.76450 6880 96
-1 -1 12  44.75390  46.76450 6976 96
-1 -1 2  40.00000  40.00020 7072 16
-1 -1 2  40.00000  40.00020 7088 16
-1 -1 2  43.00070  43.00080 7104 16
-1 -1 2  43.00070  43.00080 7120 16
-1 -1 2  42.50640  42.51089 7136 16
-1 -1 2  42.50640  42.51089 7152 16
-1 -1 4  47.91730  48.99750 7168 32
-1 -1 4  47.91730  48.99750 7200 32
-1 -1 2  43.91810  44.42020 7232 16
-1 -1 2  43.91810  44.42020 7248 16
-1 -1 4  43.07880  43.72400 7264 32
-1 -1 4  43.07880  43.72400 7296 32
-1 -1 3  42.51300  43.00050 7328 24
-1 -1 3  42.51300  43.00050 7352 24
-1 -1 2  44.42080  44.61250 7376 16
-1 -1 2  44.42080  44.61250 7392 16
-1 -1 2  44.61140  44.75230 7408 16
-1 -1 2  44.61140  44.75230 7424 16
-1 -1 2  47.15891  47.23540 7440 16
-1 -1 2  47.15891  47.23540 7456 16
-1 -1 2  43.78419  43.92030 7472 16
-1 -1 2  43.78440  43.92030 7488 16
-1 -1 2  47.25640  47.30450 7504 16
-1 -1 2  47.25640  47.30450 7520 16
-1 -1 2  46.92260  47.02970 7536 16
-1 -1 2  46.92260  47.02970 7552 16
-1 -1 2  47.29170  47.29230 7568 16
-1 -1 2  47.29170  47.29230 7584 16
-1 -1 2  43.72580  43.78160 7600 16
-1 -1 2  43.72580  43.78130 7616 16
-1 -1 4  40.00000  40.64270 7632 32
-1 -1 4  40.00000  40.64270 7664 32
-1 -1 8  45.10410  46.31461 7696 64
-1 -1 8  45.10410  46.31450 7760 64
-1 -1 3  40.00000  41.75970 7824 24
-1 -1 3  40.00000  41.75970 7848 24
-1 -1 2  40.00000  41.97760 7872 16
-1 -1 2  40.00000  41.97760 7888 16
-1 -1 2  40.00000  41.71310 7904 16
-1 -1 2  40.00000  41.71310 7920 16
-1 -1 2  42.49160  42.50640 7936 16
-1 -1 2  42.49160  42.50640 7952 16
-1 -1 6  45.07130  45.45480 7968 48
-1 -1 6  45.07130  45.45480 8016 48
-1 -1 2  41.69910  41.73830 8064 16
-1 -1 2  41.69910  41.73830 8080 16
-1 -1 2  42.38190  42.83530 8096 16
-1 -1 2  42.38220  42.83530 8112 16
-1 -1 2  44.75560  45.02310 8128 16
-1 -1 2  44.75560  45.02310 8144 16
-1 -1 2  43.20810  43.51250 8160 16
-1 -1 2  43.20810  43.51250 8176 16
-1 -1 2  47.23540  47.38990 8192 16
-1 -1 2  47.23540  47.38990 8208 16
-1 -1 2  44.08940  44.29830 8224 16
-1 -1 2  44.08940  44.29830 8240 16
-1 -1 2  41.76410  41.77040 8256 16
-1 -1 2  41.76410  41.77040 8272 16
-1 -1 2  47.86140  48.00410 8288 16
-1 -1 2  47.86140  48.00410 8304 16
-1 -1 2  42.49001  42.49060 8320 16
-1 -1 2  42.49001  42.49060 8336 16
-1 -1 2  47.29140  47.29170 8352 16
-1 -1 2  47.29140  47.29170 8368 16
-1 -1 2  41.76780  41.84220 8384 16
-1 -1 2  41.74001  41.76810 8400 16
-1 -1 2  41.74001  41.76780 8416 16
-1 -1 2  41.76780  41.84220 8432 16
-1 -1 17  45.00360  46.81250 8448 136
-1 -1 17  45.00360  46.81250 8584 136
-1 -1 12  42.70020  45.00999 8720 96
-1 -1 12  42.70020  45.00970 8816 96
-1 -1 4  46.81640  50.00000 8912 32
-1 -1 4  46.81640  50.00000 8944 32
-1 -1 10  40.68280  42.26550 8976 80
-1 -1 10  40.68280  42.26550 9056 80
-1 -1 8  42.72620  45.02050 9136 64
-1 -1 8  42.72620  45.02050 9200 64
-1 -1 7  40.00000  40.68470 9264 56
-1 -1 7  40.00000  40.68470 9320 56
-1 -1 3  43.07970  45.30251 9376 24
-1 -1 3  43.07970  45.30251 9400 24
-1 -1 3  41.32140  42.05490 9424 24
-1 -1 3  41.32140  42.05490 9448 24
-1 -1 6  41.01060  42.75230 9472 48
-1 -1 6  41.01060  42.75230 9520 48
-1 -1 6  40.49500  41.35500 9568 48
-1 -1 6  40.49471  41.35500 9616 48
-1 -1 5  41.51220  42.01720 9664 40
-1 -1 5  41.51220  42.01720 9704 40
-1 -1 11  47.29500  48.00200 9744 88
-1 -1 11  47.29530  48.00200 9832 88
-1 -1 2  44.76920  45.18330 9920 16
-1 -1 3  48.02200  48.09641 9936 24
-1 -1 3  48.02200  48.09641 9960 24
-1 -1 2  45.82890  45.98920 9984 16
-1 -1 2  45.82890  45.98920 10000 16
-1 -1 2  46.16800  46.25360 10016 16
-1 -1 2  46.16800  46.25360 10032 16
-1 -1 2  45.77921  45.79890 10048 16
-1 -1 2  45.77921  45.79890 10064 16
-1 -1 3  39.00630  40.00000 10080 24
-1 -1 3  39.00591  40.00000 10104 24
-1 -1 2  37.00020  37.00020 10128 16
-1 -1 2  37.00020  37.00020 10144 16
-1 -1 2  34.99550  39.00630 10160 16
-1 -1 2  34.99610  39.00591 10176 16
-1 -1 6  35.34040  40.00000 10192 48
-1 -1 6  35.34040  40.00000 10240 48
-1 -1 12  32.71810  34.74140 10288 96
-1 -1 12  32.71810  34.74140 10384 96
-1 -1 3  34.81060  35.34109 10480 24
-1 -1 3  34.81060  35.34109 10504 24
-1 -1 3  32.25390  32.50810 10528 24
-1 -1 2  31.96510  32.25160 10552 16
-1 -1 2  34.73640  34.80811 10568 16
-1 -1 2  34.73640  34.80811 10584 16
-1 -1 5  33.00110  36.50000 10600 40
-1 -1 2  31.33330  40.00000 10640 16
-1 -1 2  31.33330  40.00000 10656 16
-1 -1 3  36.99990  37.00020 10672 24
-1 -1 3  36.99990  37.00020 10696 24
-1 -1 2  37.00280  40.00000 10720 16
-1 -1 2  37.00280  40.00000 10736 16
-1 -1 4  33.00110  36.50000 10752 32
-1 -1 4  30.00000  31.33360 10784 32
-1 -1 4  31.78300  32.99950 10816 32
-1 -1 4  31.78300  32.99950 10848 32
-1 -1 2  36.50000  36.99950 10880 16
-1 -1 2  36.50000  36.99950 10896 16
-1 -1 2  34.58080  34.58110 10912 16
-1 -1 8  37.98830  40.00000 10928 64
-1 -1 79  30.99980  35.54970 10992 632
-1 -1 8  37.98830  40.00000 11624 64
-1 -1 78  30.99980  35.54970 11688 624
-1 -1 27  33.55340  34.58010 12312 216
-1 -1 26  33.55340  34.57970 12528 208
-1 -1 3  36.99980  39.13330 12736 24
-1 -1 3  36.99980  39.13330 12760 24
-1 -1 9  39.12030  40.00000 12784 72
-1 -1 9  39.12030  40.00000 12856 72
-1 -1 7  33.64750  36.50050 12928 56
-1 -1 9  30.00000  33.54970 12984 72
-1 -1 9  30.00000  33.54970 13056 72
-1 -1 6  35.98550  36.99980 13128 48
-1 -1 3  33.64750  36.50050 13176 24
-1 -1 2  39.99969  40.00000 13200 16
-1 -1 2  39.99969  40.00000 13216 16
-1 -1 2  33.01170  33.01230 13232 16
-1 -1 2  33.01170  33.01230 13248 16
-1 -1 2  35.00160  35.00180 13264 16
-1 -1 2  35.00160  35.00180 13280 16
-1 -1 2  36.49969  36.99980 13296 16
-1 -1 2  34.57970  34.58080 13312 16
-1 -1 29  35.53889  37.98830 13328 232
-1 -1 4  30.18690  31.00080 13560 32
-1 -1 29  35.53889  37.98830 13592 232
-1 -1 4  30.18690  31.00080 13824 32
-1 -1 30  38.41000  40.00000 13856 240
-1 -1 30  38.41000  40.00000 14096 240
-1 -1 15  37.20440  38.41720 14336 120
-1 -1 6  36.49870  36.69060 14456 48
-1 -1 6  36.49870  36.69060 14504 48
-1 -1 30  36.98280  38.72620 14552 240
-1 -1 30  36.98280  38.72620 14792 240
-1 -1 14  37.20700  38.02620 15032 112
-1 -1 2  35.99400  36.00000 15144 16
-1 -1 5  30.39030  35.02361 15160 40
-1 -1 5  30.39030  35.02361 15200 40
-1 -1 16  34.98600  36.61050 15240 128
-1 -1 16  34.98600  36.61050 15368 128
-1 -1 9  34.81240  35.22090 15496 72
-1 -1 9  34.81240  35.22090 15568 72
-1 -1 8  30.36300  30.92060 15640 64
-1 -1 8  30.36300  30.92060 15704 64
-1 -1 10  36.60240  38.41720 15768 80
-1 -1 6  32.05360  34.99920 15848 48
-1 -1 10  32.02880  33.65640 15896 80
-1 -1 10  32.02880  33.65640 15976 80
-1 -1 6  32.05360  34.99920 16056 48
-1 -1 2  39.09940  40.00000 16104 16
-1 -1 2  39.09940  40.00000 16120 16
-1 -1 2  35.99400  36.00000 16136 16
-1 -1 14  37.80500  39.35699 16152 112
-1 -1 14  37.80500  39.35699 16264 112
-1 -1 6  34.35609  35.00010 16376 48
-1 -1 6  34.35609  35.00010 16424 48
-1 -1 3  39.72141  40.00000 16472 24
-1 -1 3  39.72141  40.00000 16496 24
-1 -1 7  30.27530  30.99980 16520 56
-1 -1 7  30.27530  30.99980 16576 56
-1 -1 2  39.35500  40.00000 16632 16
-1 -1 2  39.35500  40.00000 16648 16
-1 -1 6  36.60240  37.53951 16664 48
-1 -1 4  33.65900  34.35830 16712 32
-1 -1 4  33.65900  34.35830 16744 32
-1 -1 3  30.91780  31.62720 16776 24
-1 -1 3  30.91780  31.62720 16800 24
-1 -1 2  34.99950  35.00010 16824 16
-1 -1 2  34.99950  35.00010 16840 16
-1 -1 2  35.00180  35.00250 16856 16
-1 -1 2  35.00180  35.00250 16872 16
-1 -1 3  31.62890  32.05580 16888 24
-1 -1 3  31.62890  32.05580 16912 24
-1 -1 2  36.50080  36.50140 16936 16
-1 -1 2  36.50080  36.50140 16952 16
-1 -1 10  38.02590  39.44950 16968 80
-1 -1 2  36.54950  36.56689 17048 16
-1 -1 2  36.54950  36.56689 17064 16
-1 -1 10  38.02620  39.45590 17080 80
-1 -1 3  33.85851  34.81240 17160 24
-1 -1 3  33.85851  34.81240 17184 24
-1 -1 10  37.91940  38.90780 17208 80
-1 -1 10  37.91940  38.90780 17288 80
-1 -1 9  38.90500  39.69890 17368 72
-1 -1 9  38.90500  39.69890 17440 72
-1 -1 2  39.72141  39.72169 17512 16
-1 -1 2  39.72141  39.72169 17528 16
-1 -1 5  39.45630  40.00000 17544 40
-1 -1 5  39.45630  40.00000 17584 40
-1 -1 5  38.45270  39.84360 17624 40
-1 -1 5  38.45270  39.84360 17664 40
-1 -1 6  39.20390  39.72141 17704 48
-1 -1 6  39.20390  39.72141 17752 48
-1 -1 3  37.92050  38.03920 17800 24
-1 -1 3  37.92050  38.03920 17824 24
-1 -1 4  38.79000  38.99471 17848 32
-1 -1 4  38.79000  38.99500 17880 32
-1 -1 2  27.99940  28.00030 17912 16
-1 -1 46  20.38860  27.79420 17928 368
-1 -1 3  22.81350  22.88760 18296 24
-1 -1 5  23.05670  23.41250 18320 40
-1 -1 8  20.00000  21.18200 18360 64
-1 -1 33  21.05440  22.76480 18424 264
-1 -1 2  20.00000  20.20360 18688 16
-1 -1 16  20.00000  20.40300 18704 128
-1 -1 24  22.46690  27.06140 18832 192
-1 -1 26  24.69670  26.83860 19024 208
-1 -1 23  22.31800  25.15560 19232 184
-1 -1 21  20.69990  23.06860 19416 168
-1 -1 15  26.26310  30.00000 19584 120
-1 -1 2  20.00000  20.15490 19704 16
-1 -1 6  21.51030  21.85720 19720 48
-1 -1 9  21.72550  22.45880 19768 72
-1 -1 3  26.66700  28.99380 19840 24
-1 -1 3  24.69640  25.07390 19864 24
-1 -1 3  27.63530  27.77140 19888 24
-1 -1 14  20.00000  20.80280 19912 112
-1 -1 16  21.40170  22.81350 20024 128
-1 -1 3  22.88760  23.05670 20152 24
-1 -1 35  23.37250  27.66750 20176 280
-1 -1 3  21.18200  21.41390 20456 24
-1 -1 22  20.00000  21.40060 20480 176
-1 -1 3  29.70690  30.00000 20656 24
-1 -1 3  29.70690  30.00000 20680 24
-1 -1 5  20.00000  20.26840 20704 40
-1 -1 3  20.00000  20.03050 20744 24
-1 -1 7  21.15920  21.64390 20768 56
-1 -1 7  20.44310  20.86380 20824 56
-1 -1 7  22.21870  22.47140 20880 56
-1 -1 5  20.27190  21.14640 20936 40
-1 -1 2  21.14580  21.15770 20976 16
-1 -1 2  20.00000  20.45530 20992 16
-1 -1 4  20.00000  21.49520 21008 32
-1 -1 12  18.39510  20.00000 21040 96
-1 -1 5  19.90140  20.00000 21136 40
-1 -1 14  18.95510  20.00000 21176 112
-1 -1 13  18.26380  18.85970 21288 104
-1 -1 2  19.94250  20.00000 21392 16
-1 -1 9  18.96600  19.51830 21408 72
-1 -1 3  18.68700  18.97440 21480 24
-1 -1 3  17.92170  18.26140 21504 24
-1 -1 36  16.31970  20.00000 21528 288
-1 -1 9  14.80810  16.07510 21816 72
-1 -1 10  17.89270  18.76490 21888 80
-1 -1 18  14.25590  16.07520 21968 144
-1 -1 20  17.25690  18.20750 22112 160
-1 -1 14  13.80090  14.51900 22272 112
-1 -1 3  19.67160  20.00000 22384 24
-1 -1 15  17.15010  18.68120 22408 120
-1 -1 18  19.09360  19.71390 22528 144
-1 -1 8  14.12450  14.74050 22672 64
-1 -1 6  19.77620  20.00000 22736 48
-1 -1 5  19.58690  20.00000 22784 40
-1 -1 2  16.01920  16.08560 22824 16
-1 -1 7  14.04390  14.49030 22840 56
-1 -1 7  14.53130  15.21110 22896 56
-1 -1 9  18.66940  19.53950 22952 72
-1 -1 5  14.48650  14.73980 23024 40
-1 -1 8  18.37080  19.47690 23064 64
-1 -1 4  15.20530  15.29750 23128 32
-1 -1 4  14.73980  15.26250 23160 32
-1 -1 4  14.40360  14.77730 23192 32
-1 -1 11  17.81980  18.65520 23224 88
-1 -1 4  14.51470  14.89020 23312 32
-1 -1 4  15.20970  15.43800 23344 32
-1 -1 6  16.04270  17.15010 23376 48
-1 -1 2  14.43440  14.43500 23424 16
-1 -1 2  14.53090  14.82580 23440 16
-1 -1 2  14.67410  14.78680 23456 16
-1 -1 2  14.81800  14.91050 23472 16
-1 -1 2  19.08830  19.14170 23488 16
-1 -1 6  15.07360  15.30360 23504 48
-1 -1 17  13.81480  15.91780 23552 136
-1 -1 4  10.00000  10.19410 23688 32
-1 -1 15  13.49970  15.00940 23720 120
-1 -1 9  12.63860  14.59890 23840 72
-1 -1 6  10.00000  10.77000 23912 48
-1 -1 8  10.00000  10.33250 23960 64
-1 -1 10  11.86620  12.79500 24024 80
-1 -1 11  14.21870  14.94000 24104 88
-1 -1 2  10.00000  10.13890 24192 16
-1 -1 8  13.98750  14.41080 24208 64
-1 -1 6  10.94270  11.86830 24272 48
-1 -1 6  15.43630  15.71530 24320 48
-1 -1 6  10.31280  11.06450 24368 48
-1 -1 7  13.96990  14.78920 24416 56
-1 -1 7  14.76420  15.41190 24472 56
-1 -1 7  15.83990  16.01920 24528 56
-1 -1 11  15.07640  15.77080 24584 88
-1 -1 6  13.95130  14.40420 24672 48
-1 -1 4  16.41440  17.10550 24720 32
-1 -1 6  12.96760  13.82800 24752 48
-1 -1 4  17.10720  17.50190 24800 32
-1 -1 6  12.45840  13.20670 24832 48
-1 -1 7  14.41920  15.16030 24880 56
-1 -1 4  13.16670  13.68380 24936 32
-1 -1 4  14.92230  15.50470 24968 32
-1 -1 5  14.04410  14.39060 25000 40
-1 -1 4  12.04970  12.37690 25040 32
-1 -1 4  13.41220  14.04780 25072 32
-1 -1 4  13.25220  13.86420 25104 32
-1 -1 2  11.76390  12.31330 25136 16
-1 -1 5  15.18000  15.86080 25152 40
-1 -1 3  13.16670  13.89580 25192 24
-1 -1 3  13.51450  13.90830 25216 24
-1 -1 3  15.15660  15.28950 25240 24
-1 -1 4  13.37390  13.73890 25264 32
-1 -1 4  13.46440  13.62620 25296 32
-1 -1 4  12.77870  13.34050 25328 32
-1 -1 3  13.55060  13.90490 25360 24
-1 -1 4  13.20610  13.44550 25384 32
-1 -1 4  13.66410  14.04140 25416 32
-1 -1 3  17.46530  17.95120 25448 24
-1 -1 4  14.51730  14.72890 25472 32
-1 -1 3  11.51890  12.15270 25504 24
-1 -1 3  17.81950  20.00000 25528 24
-1 -1 3  13.25810  13.66250 25552 24
-1 -1 2  14.74170  15.99110 25576 16
-1 -1 4  14.92160  15.29530 25592 32
-1 -1 5  13.65900  13.94310 25624 40
-1 -1 2  10.00000  10.78390 25664 16
-1 -1 3  12.90360  13.06140 25680 24
-1 -1 3  13.70610  14.06700 25704 24
-1 -1 3  14.77870  14.90700 25728 24
-1 -1 2  11.60970  11.72270 25752 16
-1 -1 3  13.74400  13.81380 25768 24
-1 -1 4  13.67940  13.82940 25792 32
-1 -1 2  12.11810  12.54980 25824 16
-1 -1 3  14.41170  14.62910 25840 24
-1 -1 2  19.65190  20.00000 25864 16
-1 -1 4  16.52610  16.69990 25880 32
-1 -1 3  14.81970  15.01610 25912 24
-1 -1 3  14.43500  14.57760 25936 24
-1 -1 3  12.00080  12.30640 25960 24
-1 -1 2  14.78680  14.87590 25984 16
-1 -1 2  13.77580  14.03250 26000 16
-1 -1 2  13.48910  13.63780 26016 16
-1 -1 3  17.96080  18.23590 26032 24
-1 -1 2  11.85640  11.94920 26056 16
-1 -1 2  13.99330  14.01420 26072 16
-1 -1 2  11.04010  11.10140 26088 16
-1 -1 6  10.00000  11.85310 26104 48
-1 -1 6  10.00000  11.12540 26152 48
-1 -1 3  10.51830  10.68960 26200 24
-1 -1 8  10.00000  11.27000 26224 64
-1 -1 4  10.00000  10.14050 26288 32
-1 -1 5  18.05660  18.24140 26320 40
-1 -1 3  10.00000  10.30910 26360 24
-1 -1 7  10.42730  10.91800 26384 56
-1 -1 3  17.92970  18.07390 26440 24
-1 -1 5  10.45550  10.98920 26464 40
-1 -1 4  17.85080  18.46970 26504 32
-1 -1 3  18.14860  18.40630 26536 24
-1 -1 3  10.25940  10.80890 26560 24
-1 -1 3  17.98250  18.14830 26584 24
-1 -1 4  10.30840  10.52610 26608 32
-1 -1 3  10.00000  10.03780 26640 24
-1 -1 2  18.19500  18.43580 26664 16
-1 -1 2  17.87880  18.18550 26680 16
-1 -1 3  18.07450  18.26580 26696 24
-1 -1 2  18.29660  18.29860 26720 16
-1 -1 2  17.85840  18.22110 26736 16
-1 -1 3  10.01020  10.32260 26752 24
-1 -1 2  19.89240  19.96280 26776 16
-1 -1 2  19.90110  19.96220 26792 16
-1 -1 3  10.00000  10.00580 26808 24
-1 -1 10  10.00000  10.76690 26832 80
-1 -1 5  10.00000  10.46330 26912 40
-1 -1 3  10.00000  10.01280 26952 24
-1 -1 3  10.00000  10.13110 26976 24
-1 -1 2  10.00000  10.13990 27000 16
-1 -1 3  10.00000  10.02030 27016 24
-1 -1 7  10.00000  10.53500 27040 56
-1 -1 3  10.00000  10.07970 27096 24
-1 -1 8  10.03390  10.32060 27120 64
-1 -1 5  10.41210  10.62470 27184 40
-1 -1 8  10.00000  10.76080 27224 64
-1 -1 4  10.08260  10.25160 27288 32
-1 -1 3  10.58980  10.73240 27320 24
-1 -1 9   9.06554  10.00000 27344 72
-1 -1 11   8.09033   9.02937 27416 88
-1 -1 8   9.46838  10.00000 27504 64
-1 -1 4   9.82391  10.00000 27568 32
-1 -1 4   9.73861  10.00000 27600 32
-1 -1 10   9.06493  10.00000 27632 80
-1 -1 2   8.94087   8.97063 27712 16
-1 -1 6   8.53330   8.91051 27728 48
-1 -1 4   7.97833   8.78386 27776 32
-1 -1 5   7.23110   8.13504 27808 40
-1 -1 2   0.32883   0.38972 27848 16
-1 -1 4   7.51949   8.00000 27864 32
-1 -1 2   9.95697  10.00000 27896 16
-1 -1 3   8.62058   8.87617 27912 24
-1 -1 23   6.82750  10.00000 27936 184
-1 -1 41   3.69299   9.17281 28120 328
-1 -1 19   4.29145   5.82589 28448 152
-1 -1 14   0.00000   1.68368 28600 112
-1 -1 10   7.28557   7.75494 28712 80
-1 -1 19   5.50225   8.13367 28792 152
-1 -1 8   0.00000   0.25833 28944 64
-1 -1 18   7.23949   9.42031 29008 144
-1 -1 12   2.67674   3.53567 29152 96
-1 -1 19   0.00000   1.43328 29248 152
-1 -1 17   1.53643   3.31884 29400 136
-1 -1 18   1.73831   4.89891 29536 144
-1 -1 2   1.75021   1.91302 29680 16
-1 -1 13   3.21248   4.97841 29696 104
-1 -1 16   5.69284   7.06050 29800 128
-1 -1 12   8.14893  10.00000 29928 96
-1 -1 9   8.34699   9.08690 30024 72
-1 -1 3   0.00000   0.32029 30096 24
-1 -1 11   1.06752   3.72854 30120 88
-1 -1 9   9.08721   9.54162 30208 72
-1 -1 10   8.97063   9.48104 30280 80
-1 -1 8   8.97612  10.00000 30360 64
-1 -1 9   9.43023   9.84970 30424 72
-1 -1 10   6.08270   6.34104 30496 80
-1 -1 6   8.87282   9.42977 30576 48
-1 -1 12   8.19364  10.00000 30624 96
-1 -1 11   7.36477   8.61143 30720 88
-1 -1 10   1.31304   2.61006 30808 80
-1 -1 14   4.81437   5.72747 30888 112
-1 -1 11   3.73754   4.82444 31000 88
-1 -1 10   0.07721   0.89662 31088 80
-1 -1 10   7.02693   7.70382 31168 80
-1 -1 11   7.00664   8.19440 31248 88
-1 -1 9   2.99687   3.83749 31336 72
-1 -1 3   1.67941   2.69215 31408 24
-1 -1 9   7.68383   8.95415 31432 72
-1 -1 9   4.08118   5.28939 31504 72
-1 -1 7   0.39475   1.20226 31576 56
-1 -1 7   8.39078   8.96559 31632 56
-1 -1 2   0.00000   0.07812 31688 16
-1 -1 5   9.59945  10.00000 31704 40
-1 -1 6   5.46395   5.77646 31744 48
-1 -1 8   8.95476   9.35439 31792 64
-1 -1 6   4.98222   5.49523 31856 48
-1 -1 6   1.91440   2.68421 31904 48
-1 -1 4   6.34058   7.01061 31952 32
-1 -1 3   9.83413  10.00000 31984 24
-1 -1 2   9.89334  10.00000 32008 16
-1 -1 2   0.10254   0.55863 32024 16
-1 -1 4   8.92500   9.17327 32040 32
-1 -1 2   4.67582   4.71504 32072 16
-1 -1 3   9.09773   9.20882 32088 24
-1 -1 2   9.13222   9.29198 32112 16
-1 -1 2   0.10330   0.19363 32128 16
-1 -1 39   6.08270   9.99802 32144 312
-1 -1 49   3.56115   6.19165 32456 392
-1 -1 4   0.00000   1.76471 32848 32
-1 -1 3   0.00000   0.05844 32880 24
-1 -1 3   5.79278   6.11856 32904 24
-1 -1 13   7.65438   8.07279 32928 104
-1 -1 22   3.51217   4.04700 33032 176
-1 -1 14   1.17327   2.14389 33208 112
-1 -1 3   9.85718  10.00000 33320 24
-1 -1 4   9.87549  10.00000 33344 32
-1 -1 9   9.23079  10.00000 33376 72
-1 -1 11   9.39498   9.84527 33448 88
-1 -1 2   6.03525   6.12299 33536 16
-1 -1 15   7.87854   9.95285 33552 120
-1 -1 13   8.11917   8.87282 33672 104
-1 -1 7   8.93034  10.00000 33776 56
-1 -1 3   9.89746  10.00000 33832 24
-1 -1 4   9.82696  10.00000 33856 32
-1 -1 4   9.93729  10.00000 33888 32
-1 -1 3   9.96674  10.00000 33920 24
-1 -1 16   8.38087  10.00000 33944 128
-1 -1 8   7.95560   9.36919 34072 64
-1 -1 3   7.06645   7.15526 34136 24
-1 -1 8   8.53285   9.95560 34160 64
-1 -1 9   7.74807   8.44923 34224 72
-1 -1 2   9.98993  10.00000 34296 16
-1 -1 3   9.55535   9.69940 34312 24
-1 -1 3   0.05844   0.23056 34336 24
-1 -1 17   0.00000   2.45670 34360 136
-1 -1 2   0.00000   1.31975 34496 16
-1 -1 27   2.52247   5.71191 34512 216
-1 -1 16   3.27062   5.96475 34728 128
-1 -1 11   2.31632   5.57137 34856 88
-1 -1 5   0.00000   0.72861 34944 40
-1 -1 9   3.99939   6.26581 34984 72
-1 -1 11   3.63912   5.35668 35056 88
-1 -1 6   6.98299   7.68063 35144 48
-1 -1 10   6.26749   7.04555 35192 80
-1 -1 7   5.00221   6.52613 35272 56
-1 -1 8   4.88746   5.88495 35328 64
-1 -1 7   6.76143   7.13024 35392 56
-1 -1 8   5.83886   6.23117 35448 64
-1 -1 3   5.93469   6.54475 35512 24
-1 -1 5   5.35775   5.73785 35536 40
-1 -1 5   5.63973   5.94034 35576 40
-1 -1 2   5.00023   5.00221 35616 16
-1 -1 4   5.32723   5.92813 35632 32
-1 -1 2   6.52827   6.81224 35664 16
-1 -1 4  -6.37583  -5.44244 35680 32
-1 -1 6  -1.73022  -1.17189 35712 48
-1 -1 2  -3.88006  -3.85641 35760 16
-1 -1 3  -4.21256  -4.05356 35776 24
-1 -1 15 -10.00000  -8.62470 35800 120
-1 -1 20  -8.55589  -2.97169 35920 160
-1 -1 24  -8.98329  -5.36202 36080 192
-1 -1 8  -0.84810   0.00000 36272 64
-1 -1 15  -2.13916   0.00000 36336 120
-1 -1 2 -10.00000  -9.94507 36456 16
-1 -1 4  -8.34897  -7.05028 36472 32
-1 -1 5  -0.19745   0.00000 36504 40
-1 -1 18  -7.77188  -4.58610 36544 144
-1 -1 5 -10.00000  -8.56306 36688 40
-1 -1 14  -8.99641  -8.01144 36728 112
-1 -1 16  -0.56107   0.00000 36840 128
-1 -1 10  -1.55337  -0.94911 36968 80
-1 -1 12  -2.57282  -1.30053 37048 96
-1 -1 5 -10.00000  -9.59838 37144 40
-1 -1 12  -4.76143  -3.06661 37184 96
-1 -1 11  -2.80949  -2.19226 37280 88
-1 -1 7  -5.98856  -5.52956 37368 56
-1 -1 10  -7.18029  -5.98947 37424 80
-1 -1 3  -1.17189  -0.86946 37504 24
-1 -1 7  -2.06394  -0.91646 37528 56
-1 -1 9  -1.29915  -0.66743 37584 72
-1 -1 7  -7.70809  -7.01137 37656 56
-1 -1 7  -0.91554   0.00000 37712 56
-1 -1 6  -3.85641  -3.32753 37768 48
-1 -1 5  -3.78866  -3.32021 37816 40
-1 -1 4  -3.31884  -2.62562 37856 32
-1 -1 6  -2.32136  -1.57473 37888 48
-1 -1 5  -5.53048  -4.82780 37936 40
-1 -1 3  -3.08354  -2.52522 37976 24
-1 -1 2  -7.12215  -7.03105 38000 16
-1 -1 2  -1.42000  -1.16396 38016 16
-1 -1 2  -4.33616  -4.28885 38032 16
-1 -1 2  -0.91478  -0.91081 38048 16
-1 -1 2  -2.19562  -2.14328 38064 16
-1 -1 2  -8.82643  -8.82231 38080 16
-1 -1 18  -1.42275   0.00000 38096 144
-1 -1 19  -9.83673  -7.99969 38240 152
-1 -1 4  -1.07912  -0.81941 38392 32
-1 -1 4 -10.00000  -8.83192 38424 32
-1 -1 3  -9.91608  -8.34897 38456 24
-1 -1 2  -4.28885  -4.22110 38480 16
-1 -1 17  -9.84421  -7.33028 38496 136
-1 -1 4 -10.00000  -9.25017 38632 32
-1 -1 10  -1.22026   0.00000 38664 80
-1 -1 17  -2.58503   0.00000 38744 136
-1 -1 10  -7.33028  -2.16007 38880 80
-1 -1 6  -1.14000   0.00000 38960 48
-1 -1 29 -10.00000  -8.70726 39008 232
-1 -1 21  -9.25017  -5.35729 39240 168
-1 -1 20 -10.00000  -6.25772 39408 160
-1 -1 16 -10.00000  -7.45022 39568 128
-1 -1 21  -5.35332  -1.21080 39696 168
-1 -1 12  -7.39055  -3.02449 39864 96
-1 -1 17  -6.25971  -2.76722 39960 136
-1 -1 10  -8.71199  -7.38537 40096 80
-1 -1 15  -7.44610  -5.16747 40176 120
-1 -1 5  -5.38170  -4.32639 40296 40
-1 -1 4  -4.17700  -3.57839 40336 32
-1 -1 4  -3.52026  -3.29610 40368 32
-1 -1 18 -10.00000  -8.53086 40400 144
-1 -1 46  -8.28367  -4.80827 40544 368
-1 -1 24  -6.98421  -6.02396 40912 192
-1 -1 16  -9.38445  -8.82780 41104 128
-1 -1 7  -7.85779  -7.37560 41232 56
-1 -1 3 -10.00000  -9.52911 41288 24
-1 -1 2 -20.00000 -14.88040 41312 16
-1 -1 2 -20.00000 -16.54460 41328 16
-1 -1 43 -14.81970 -11.06000 41344 344
-1 -1 11 -11.06140 -10.00000 41688 88
-1 -1 24 -17.32250 -13.00660 41776 192
-1 -1 21 -11.43390 -10.00000 41968 168
-1 -1 22 -15.08780 -12.14860 42136 176
-1 -1 15 -10.74780 -10.00000 42312 120
-1 -1 12 -13.13080 -11.26190 42432 96
-1 -1 12 -17.79830 -15.97330 42528 96
-1 -1 9 -10.44530 -10.00000 42624 72
-1 -1 14 -15.61470 -14.73090 42696 112
-1 -1 8 -14.13990 -12.98050 42808 64
-1 -1 14 -15.33470 -14.66970 42872 112
-1 -1 6 -12.27660 -11.32330 42984 48
-1 -1 7 -13.77040 -13.20640 43032 56
-1 -1 2 -17.11530 -16.97580 43088 16
-1 -1 3 -15.44230 -15.09190 43104 24
-1 -1 2 -12.98150 -12.68190 43128 16
-1 -1 3 -20.00000 -19.30240 43144 24
-1 -1 26 -20.00000 -17.40370 43168 208
-1 -1 31 -14.69550 -10.39380 43376 248
-1 -1 15 -16.41250 -13.54560 43624 120
-1 -1 3 -13.35230 -13.02660 43744 24
-1 -1 6 -13.68470 -12.67000 43768 48
-1 -1 3 -11.83580 -11.57080 43816 24
-1 -1 7 -11.16960 -10.00000 43840 56
-1 -1 13 -18.66440 -15.86620 43896 104
-1 -1 6 -20.00000 -19.10950 44000 48
-1 -1 15 -19.84630 -17.98950 44048 120
-1 -1 2 -19.33560 -19.30220 44168 16
-1 -1 9 -19.71390 -18.56860 44184 72
-1 -1 8 -17.55000 -15.91970 44256 64
-1 -1 6 -12.49910 -11.90390 44320 48
-1 -1 5 -15.91740 -14.65690 44368 40
-1 -1 3 -17.28730 -17.11530 44408 24
-1 -1 3 -18.56530 -18.35140 44432 24
-1 -1 4 -20.00000 -19.78120 44456 32
-1 -1 5 -20.00000 -19.29700 44488 40
-1 -1 6 -11.75020 -10.00000 44528 48
-1 -1 4 -12.67000 -11.83580 44576 32
-1 -1 4 -11.57080 -11.16960 44608 32
-1 -1 23 -16.00500 -11.75660 44640 184
-1 -1 11 -20.00000 -18.59720 44824 88
-1 -1 14 -18.61800 -16.00440 44912 112
-1 -1 5 -19.45280 -18.61550 45024 40
-1 -1 4 -20.00000 -19.33560 45064 32
-1 -1 36 -14.86640 -10.00000 45096 288
-1 -1 3 -20.00000 -19.96610 45384 24
-1 -1 3 -20.00000 -19.98110 45408 24
-1 -1 6 -20.00000 -19.90390 45432 48
-1 -1 43 -18.48830 -14.70970 45480 344
-1 -1 12 -17.97760 -16.38250 45824 96
-1 -1 16 -15.95970 -14.57470 45920 128
-1 -1 2 -10.31630 -10.00000 46048 16
-1 -1 3 -10.33080 -10.00000 46064 24
-1 -1 23 -20.00000 -17.87170 46088 184
-1 -1 6 -18.64500 -18.30440 46272 48
-1 -1 8 -15.21920 -14.24410 46320 64
-1 -1 2 -14.57330 -14.34610 46384 16
-1 -1 7 -10.49700 -10.00000 46400 56
-1 -1 5 -16.38250 -15.95970 46456 40
-1 -1 2 -18.32610 -18.13080 46496 16
-1 -1 12 -11.57530 -10.00000 46512 96
-1 -1 3 -30.00000 -20.00000 46608 24
-1 -1 2 -26.00090 -26.00060 46632 16
-1 -1 3 -26.00530 -26.00090 46648 24
-1 -1 2 -26.00230 -20.00000 46672 16
-1 -1 2 -26.00580 -26.00530 46688 16
-1 -1 2 -30.00000 -26.00580 46704 16
-1 -1 5 -29.00680 -28.58430 46720 40
-1 -1 25 -29.18100 -28.16940 46760 200
-1 -1 5 -26.08730 -25.79640 46960 40
-1 -1 7 -29.70750 -29.06390 47000 56
-1 -1 2 -21.43070 -21.42550 47056 16
-1 -1 27 -30.00000 -25.57140 47072 216
-1 -1 5 -22.23910 -20.00000 47288 40
-1 -1 6 -20.47560 -20.00000 47328 48
-1 -1 30 -24.61490 -22.09310 47376 240
-1 -1 10 -25.72750 -24.12020 47616 80
-1 -1 8 -30.00000 -28.40150 47696 64
-1 -1 21 -28.05250 -26.07250 47760 168
-1 -1 17 -30.00000 -27.74000 47928 136
-1 -1 4 -23.78610 -23.31460 48064 32
-1 -1 7 -21.53370 -20.00000 48096 56
-1 -1 11 -22.09310 -20.88750 48152 88
-1 -1 10 -26.38330 -25.16400 48240 80
-1 -1 6 -25.80130 -25.27170 48320 48
-1 -1 2 -29.71560 -29.70750 48368 16
-1 -1 7 -21.46330 -20.89620 48384 56
-1 -1 3 -25.65730 -22.47030 48440 24
-1 -1 4 -30.00000 -29.55720 48464 32
-1 -1 2 -28.00060 -28.00000 48496 16
-1 -1 18 -24.05310 -20.00000 48512 144
-1 -1 33 -25.29410 -20.00000 48656 264
-1 -1 10 -30.00000 -27.31610 48920 80
-1 -1 12 -22.96500 -22.52310 49000 96
-1 -1 24 -28.49100 -27.07800 49096 192
-1 -1 6 -29.35730 -29.05610 49288 48
-1 -1 20 -26.70860 -26.00530 49336 160
-1 -1 8 -26.88410 -25.72750 49496 64
-1 -1 14 -26.77560 -25.77420 49560 112
-1 -1 10 -23.36780 -23.01080 49672 80
-1 -1 16 -26.26210 -23.99770 49752 128
-1 -1 2 -20.07860 -20.00000 49880 16
-1 -1 12 -25.01500 -23.75830 49896 96
-1 -1 12 -21.23510 -20.00000 49992 96
-1 -1 8 -25.65300 -25.00940 50088 64
-1 -1 4 -23.47250 -22.67990 50152 32
-1 -1 7 -26.19090 -25.56470 50184 56
-1 -1 7 -23.82420 -23.29780 50240 56
-1 -1 7 -26.13280 -25.51310 50296 56
-1 -1 7 -25.98380 -25.43590 50352 56
-1 -1 2 -28.00000 -27.99970 50408 16
-1 -1 6 -27.39590 -26.50000 50424 48
-1 -1 3 -22.88030 -22.24810 50472 24
-1 -1 2 -26.51940 -26.11810 50496 16
-1 -1 3 -22.87860 -22.68130 50512 24
-1 -1 4 -27.37220 -26.73750 50536 32
-1 -1 3 -28.14020 -27.34450 50568 24
-1 -1 2 -25.69470 -25.65030 50592 16
-1 -1 37 -22.87160 -20.00000 50608 296
-1 -1 3 -20.03860 -20.00000 50904 24
-1 -1 13 -20.43850 -20.00000 50928 104
-1 -1 21 -25.31750 -22.90260 51032 168
-1 -1 6 -29.05610 -28.47270 51200 48
-1 -1 3 -29.32330 -29.19110 51248 24
-1 -1 5 -26.23120 -25.98030 51272 40
-1 -1 5 -20.47560 -20.00000 51312 40
-1 -1 7 -22.09920 -20.77880 51352 56
-1 -1 8 -23.35530 -22.40600 51408 64
-1 -1 5 -21.27410 -20.47230 51472 40
-1 -1 2 -25.01720 -24.95310 51512 16
-1 -1 2 -31.68990 -30.00000 51528 16
-1 -1 3 -38.06010 -30.00000 51544 24
-1 -1 11 -35.91790 -35.12670 51568 88
-1 -1 40 -37.50529 -34.00000 51656 320
-1 -1 5 -36.69980 -36.13580 51976 40
-1 -1 2 -32.30950 -32.28920 52016 16
-1 -1 10 -38.29800 -37.57890 52032 80
-1 -1 12 -38.90750 -38.32140 52112 96
-1 -1 10 -34.70420 -33.99660 52208 80
-1 -1 11 -33.45620 -32.92560 52288 88
-1 -1 8 -36.13690 -35.12469 52376 64
-1 -1 8 -35.53830 -34.97250 52440 64
-1 -1 7 -37.39440 -37.16530 52504 56
-1 -1 7 -34.28780 -33.86470 52560 56
-1 -1 9 -34.99690 -34.68770 52616 72
-1 -1 10 -38.43060 -37.16030 52688 80
-1 -1 7 -36.27730 -35.49310 52768 56
-1 -1 8 -39.56730 -39.28920 52824 64
-1 -1 8 -37.18719 -36.37170 52888 64
-1 -1 6 -32.26990 -32.03080 52952 48
-1 -1 6 -36.53391 -36.11830 53000 48
-1 -1 6 -32.92530 -32.58240 53048 48
-1 -1 12 -34.37980 -30.00000 53096 96
-1 -1 2 -30.15550 -30.00000 53192 16
-1 -1 10 -33.46700 -31.22100 53208 80
-1 -1 19 -36.00200 -31.84730 53288 152
-1 -1 19 -38.82140 -36.69980 53440 152
-1 -1 9 -40.00000 -35.99890 53592 72
-1 -1 10 -31.87750 -30.00000 53664 80
-1 -1 2 -30.05950 -30.00000 53744 16
-1 -1 6 -40.00000 -33.26910 53760 48
-1 -1 12 -32.39250 -31.95470 53808 96
-1 -1 3 -39.32590 -38.80830 53904 24
-1 -1 5 -31.88390 -30.00000 53928 40
-1 -1 2 -35.00220 -35.00140 53968 16
-1 -1 53 -33.42380 -32.43311 53984 424
-1 -1 6 -31.22100 -30.00000 54408 48
-1 -1 7 -34.05050 -33.46700 54456 56
-1 -1 18 -34.45330 -33.12810 54512 144
-1 -1 13 -31.86860 -30.75470 54656 104
-1 -1 15 -34.42920 -33.11760 54760 120
-1 -1 8 -34.62200 -33.14240 54880 64
-1 -1 6 -30.74940 -30.18250 54944 48
-1 -1 7 -33.11890 -32.70250 54992 56
-1 -1 8 -32.12090 -31.25550 55048 64
-1 -1 5 -32.61750 -32.36120 55112 40
-1 -1 7 -32.50350 -31.67280 55152 56
-1 -1 6 -34.79580 -33.90280 55208 48
-1 -1 5 -33.46400 -33.33410 55256 40
-1 -1 5 -32.64970 -31.75140 55296 40
-1 -1 2 -34.80580 -33.92610 55336 16
-1 -1 4 -33.02480 -32.49420 55352 32
-1 -1 2 -34.80811 -34.20720 55384 16
-1 -1 4 -34.89170 -34.72020 55400 32
-1 -1 8 -41.09560 -40.22200 55432 64
-1 -1 3 -40.08970 -40.04650 55496 24
-1 -1 13 -44.87280 -43.68110 55520 104
-1 -1 10 -41.14500 -40.73000 55624 80
-1 -1 6 -42.61720 -41.69050 55704 48
-1 -1 4 -40.66090 -40.21000 55752 32
-1 -1 5 -49.25340 -48.62100 55784 40
-1 -1 2 -41.99969 -41.99969 55824 16
-1 -1 2 -45.99980 -45.99940 55840 16
-1 -1 3 -40.22200 -40.08970 55856 24
-1 -1 2 -40.04650 -40.00000 55880 16
-1 -1 2 -40.70700 -40.00000 55896 16
-1 -1 2 -41.99969 -41.99940 55912 16
-1 -1 2 -46.00031 -45.99980 55928 16
-1 -1 3 -41.04800 -40.70860 55944 24
-1 -1 2 -54.91859 -54.88720 55968 16
-1 -1 2 -55.18910 -54.91750 55984 16
