-1 -1 2  70.00000  70.00000 0 16
-1 -1 2  70.00000  72.44480 16 16
-1 -1 12  60.01053  68.90013 32 96
-1 -1 12  60.01053  68.90013 128 96
-1 -1 2  59.94034  59.99954 224 16
-1 -1 2  59.94034  59.99954 240 16
-1 -1 3  59.99741  59.99832 256 24
-1 -1 3  59.99741  59.99832 280 24
-1 -1 3  67.79202  69.55688 304 24
-1 -1 4  50.00000  59.94034 328 32
-1 -1 4  50.00000  59.94034 360 32
-1 -1 3  59.99832  59.99954 392 24
-1 -1 3  59.99832  59.99954 416 24
-1 -1 2  50.00000  59.99954 440 16
-1 -1 2  50.00000  59.99954 456 16
-1 -1 2  50.00000  59.99954 472 16
-1 -1 2  50.00000  59.99954 488 16
-1 -1 7  60.00015  67.79202 504 56
-1 -1 2  69.55688  70.00000 560 16
-1 -1 2  59.99954  59.99985 576 16
-1 -1 2  59.99954  59.99985 592 16
-1 -1 3  50.00000  56.84459 608 24
-1 -1 3  50.00000  56.84459 632 24
-1 -1 2  60.00015  60.00015 656 16
-1 -1 26  51.55978  60.37125 672 208
-1 -1 26  51.55978  60.37125 880 208
-1 -1 4  52.00015  52.77501 1088 32
-1 -1 4  52.00015  52.77501 1120 32
-1 -1 2  50.00000  51.18471 1152 16
-1 -1 2  50.00000  51.18471 1168 16
-1 -1 2  51.19173  51.45876 1184 16
-1 -1 2  51.19173  51.45876 1200 16
-1 -1 2  60.30533  60.39750 1216 16
-1 -1 2  60.30533  60.39750 1232 16
-1 -1 3  51.41695  52.00015 1248 24
-1 -1 3  51.41695  52.00015 1272 24
-1 -1 4  45.56664  46.28015 1296 32
-1 -1 4  45.56664  46.28015 1328 32
-1 -1 3  39.00648  41.99939 1360 24
-1 -1 3  39.00587  41.99939 1384 24
-1 -1 2  41.99969  41.99969 1408 16
-1 -1 2  41.99969  41.99969 1424 16
-1 -1 5  33.00114  36.50004 1440 40
-1 -1 2  48.99809  50.00000 1480 16
-1 -1 2  48.99718  50.00000 1496 16
-1 -1 6  31.33334  49.00694 1512 48
-1 -1 6  31.33334  49.00725 1560 48
-1 -1 8  44.37125  48.99931 1608 64
-1 -1 8  44.37125  48.99931 1672 64
-1 -1 2  36.99992  37.00023 1736 16
-1 -1 2  36.99992  37.00023 1752 16
-1 -1 3  37.00267  40.99962 1768 24
-1 -1 3  37.00267  40.99962 1792 24
-1 -1 2  45.75006  46.00153 1816 16
-1 -1 2  45.75006  46.00153 1832 16
-1 -1 5  41.99939  48.99992 1848 40
-1 -1 5  41.99939  48.99992 1888 40
-1 -1 2  34.99550  39.00648 1928 16
-1 -1 2  34.99611  39.00587 1944 16
-1 -1 2  41.99969  41.99969 1960 16
-1 -1 2  41.99969  41.99969 1976 16
-1 -1 4  35.34035  41.99969 1992 32
-1 -1 4  35.34035  41.99969 2024 32
-1 -1 4  33.00114  36.50004 2056 32
-1 -1 2  41.00450  45.00023 2088 16
-1 -1 2  41.00450  45.00023 2104 16
-1 -1 2  30.00000  31.33364 2120 16
-1 -1 3  32.71794  34.74129 2136 24
-1 -1 3  32.71794  34.74129 2160 24
-1 -1 2  45.94171  45.94202 2184 16
-1 -1 2  45.94171  45.94202 2200 16
-1 -1 2  40.00015  40.00015 2216 16
-1 -1 2  40.00015  40.00015 2232 16
-1 -1 2  48.99992  50.00000 2248 16
-1 -1 2  48.99992  50.00000 2264 16
-1 -1 2  43.00038  43.00069 2280 16
-1 -1 2  43.00038  43.00069 2296 16
-1 -1 2  48.99931  50.00000 2312 16
-1 -1 2  48.99931  50.00000 2328 16
-1 -1 4  31.78317  32.99931 2344 32
-1 -1 4  31.78317  32.99931 2376 32
-1 -1 2  34.81056  35.34096 2408 16
-1 -1 2  34.81056  35.34096 2424 16
-1 -1 2  32.25375  32.50797 2440 16
-1 -1 2  31.96506  32.25162 2456 16
-1 -1 2  36.50004  36.99931 2472 16
-1 -1 2  36.50004  36.99931 2488 16
-1 -1 2  34.73640  34.80812 2504 16
-1 -1 2  34.73640  34.80812 2520 16
-1 -1 2  48.99718  48.99809 2536 16
-1 -1 2  34.58076  34.58106 2552 16
-1 -1 10  30.18707  40.37675 2568 80
-1 -1 10  30.18707  40.37675 2648 80
-1 -1 5  33.55322  34.58045 2728 40
-1 -1 4  33.55322  34.57984 2768 32
-1 -1 6  38.44190  40.64287 2800 48
-1 -1 6  38.44190  40.64287 2848 48
-1 -1 5  37.29106  38.41718 2896 40
-1 -1 2  36.49882  36.53391 2936 16
-1 -1 2  36.49882  36.53391 2952 16
-1 -1 3  36.99962  39.13344 2968 24
-1 -1 3  36.99962  39.13344 2992 24
-1 -1 4  39.12032  43.00374 3016 32
-1 -1 4  39.12032  43.00374 3048 32
-1 -1 5  40.39109  43.07637 3080 40
-1 -1 5  40.39109  43.07637 3120 40
-1 -1 7  36.98283  38.69185 3160 56
-1 -1 7  36.98283  38.69185 3216 56
-1 -1 4  37.20683  38.08301 3272 32
-1 -1 5  33.64752  36.50065 3304 40
-1 -1 2  49.37652  50.00000 3344 16
-1 -1 2  49.37652  50.00000 3360 16
-1 -1 3  30.39033  35.02357 3376 24
-1 -1 3  30.39033  35.02357 3400 24
-1 -1 4  30.00000  33.54986 3424 32
-1 -1 2  34.98604  36.61051 3456 16
-1 -1 2  34.98604  36.61051 3472 16
-1 -1 4  30.00000  33.54986 3488 32
-1 -1 3  34.87923  35.17097 3520 24
-1 -1 3  34.87923  35.17097 3544 24
-1 -1 4  30.36317  30.92043 3568 32
-1 -1 2  43.49935  47.91989 3600 16
-1 -1 2  43.49935  47.91989 3616 16
-1 -1 4  30.36317  30.92043 3632 32
-1 -1 3  36.60258  38.41718 3664 24
-1 -1 3  45.10429  46.58228 3688 24
-1 -1 3  45.10429  46.58228 3712 24
-1 -1 2  32.05356  34.99916 3736 16
-1 -1 2  32.02884  33.65637 3752 16
-1 -1 2  32.02884  33.65637 3768 16
-1 -1 2  32.05356  34.99916 3784 16
-1 -1 3  39.09956  41.75983 3800 24
-1 -1 3  39.09956  41.75983 3824 24
-1 -1 5  35.98550  36.99962 3848 40
-1 -1 2  37.80499  39.35683 3888 16
-1 -1 2  37.80499  39.35683 3904 16
-1 -1 2  45.94171  45.94171 3920 16
-1 -1 2  45.94171  45.94171 3936 16
-1 -1 3  43.00008  43.50088 3952 24
-1 -1 3  42.99947  43.50088 3976 24
-1 -1 4  34.35614  35.00008 4000 32
-1 -1 4  34.35614  35.00008 4032 32
-1 -1 3  39.72153  41.97742 4064 24
-1 -1 3  39.72153  41.97742 4088 24
-1 -1 2  33.64752  36.50065 4112 16
-1 -1 3  44.75395  46.75319 4128 24
-1 -1 3  44.75395  46.75319 4152 24
-1 -1 2  39.99985  40.00015 4176 16
-1 -1 2  39.99985  40.00015 4192 16
-1 -1 3  30.27527  30.99977 4208 24
-1 -1 3  30.27527  30.99977 4232 24
-1 -1 2  39.35500  41.71313 4256 16
-1 -1 2  39.35500  41.71313 4272 16
-1 -1 2  43.00069  43.00069 4288 16
-1 -1 2  43.00069  43.00069 4304 16
-1 -1 2  36.60258  37.53948 4320 16
-1 -1 2  42.49165  42.51087 4336 16
-1 -1 2  42.49165  42.51087 4352 16
-1 -1 2  47.91714  48.99748 4368 16
-1 -1 2  47.91714  48.99748 4384 16
-1 -1 2  33.65881  34.35828 4400 16
-1 -1 2  33.65881  34.35828 4416 16
-1 -1 3  45.10216  45.44793 4432 24
-1 -1 3  45.10216  45.44793 4456 24
-1 -1 2  33.01152  33.01213 4480 16
-1 -1 2  33.01152  33.01213 4496 16
-1 -1 2  30.91768  31.62722 4512 16
-1 -1 2  30.91768  31.62722 4528 16
-1 -1 2  43.91806  44.42039 4544 16
-1 -1 2  43.91806  44.42039 4560 16
-1 -1 2  41.69910  41.73846 4576 16
-1 -1 2  41.69910  41.73846 4592 16
-1 -1 2  34.99947  35.00008 4608 16
-1 -1 2  34.99947  35.00008 4624 16
-1 -1 2  43.07881  43.72397 4640 16
-1 -1 2  43.07881  43.72397 4656 16
-1 -1 2  42.51301  43.00069 4672 16
-1 -1 2  42.51301  43.00069 4688 16
-1 -1 2  35.00160  35.00252 4704 16
-1 -1 2  35.00160  35.00252 4720 16
-1 -1 2  31.62875  32.05569 4736 16
-1 -1 2  31.62875  32.05569 4752 16
-1 -1 2  42.38209  42.83528 4768 16
-1 -1 2  42.38209  42.83528 4784 16
-1 -1 2  44.42069  44.61265 4800 16
-1 -1 2  44.42069  44.61265 4816 16
-1 -1 2  44.75548  45.02312 4832 16
-1 -1 2  44.75548  45.02312 4848 16
-1 -1 2  43.20790  43.51247 4864 16
-1 -1 2  43.20790  43.51247 4880 16
-1 -1 2  44.61143  44.75212 4896 16
-1 -1 2  44.61143  44.75212 4912 16
-1 -1 2  47.15877  47.39010 4928 16
-1 -1 2  47.15877  47.39010 4944 16
-1 -1 2  44.08957  44.29831 4960 16
-1 -1 2  44.08957  44.29831 4976 16
-1 -1 2  36.49973  36.99962 4992 16
-1 -1 2  43.78409  43.92020 5008 16
-1 -1 2  43.78439  43.92020 5024 16
-1 -1 2  41.76410  41.77020 5040 16
-1 -1 2  41.76410  41.77020 5056 16
-1 -1 2  47.25642  47.30434 5072 16
-1 -1 2  47.25642  47.30434 5088 16
-1 -1 2  46.92256  47.02968 5104 16
-1 -1 2  46.92256  47.02968 5120 16
-1 -1 2  47.86130  48.00412 5136 16
-1 -1 2  47.86130  48.00412 5152 16
-1 -1 2  42.49012  42.49043 5168 16
-1 -1 2  42.49012  42.49043 5184 16
-1 -1 2  47.29152  47.29213 5200 16
-1 -1 2  47.29152  47.29213 5216 16
-1 -1 2  41.76776  41.84222 5232 16
-1 -1 2  41.73999  41.76807 5248 16
-1 -1 2  41.73999  41.76776 5264 16
-1 -1 2  41.76776  41.84222 5280 16
-1 -1 2  43.72580  43.78165 5296 16
-1 -1 2  43.72580  43.78134 5312 16
-1 -1 2  36.50095  36.50126 5328 16
-1 -1 2  36.50095  36.50126 5344 16
-1 -1 2  34.57984  34.58076 5360 16
-1 -1 5  37.99634  39.44930 5376 40
-1 -1 2  36.53391  36.54948 5416 16
-1 -1 2  36.53391  36.54948 5432 16
-1 -1 5  38.08301  39.45571 5448 40
-1 -1 4  45.00359  46.81239 5488 32
-1 -1 4  45.00359  46.81239 5520 32
-1 -1 3  42.75105  45.00999 5552 24
-1 -1 3  42.75105  45.00969 5576 24
-1 -1 3  33.85870  34.87923 5600 24
-1 -1 3  33.85870  34.87923 5624 24
-1 -1 3  46.81636  50.00000 5648 24
-1 -1 3  46.81636  50.00000 5672 24
-1 -1 5  40.68285  42.26550 5696 40
-1 -1 5  40.68285  42.26550 5736 40
-1 -1 2  42.72603  45.02068 5776 16
-1 -1 2  42.72603  45.02068 5792 16
-1 -1 3  37.91943  38.90791 5808 24
-1 -1 3  37.91943  38.90791 5832 24
-1 -1 3  38.90486  39.61166 5856 24
-1 -1 3  38.90486  39.60921 5880 24
-1 -1 2  39.72153  39.72153 5904 16
-1 -1 2  39.72153  39.72153 5920 16
-1 -1 3  39.45632  40.68468 5936 24
-1 -1 3  39.45632  40.68468 5960 24
-1 -1 2  43.07973  45.30235 5984 16
-1 -1 2  43.07973  45.30235 6000 16
-1 -1 3  47.29488  47.99710 6016 24
-1 -1 3  47.29518  47.99710 6040 24
-1 -1 4  38.45289  39.81430 6064 32
-1 -1 4  38.45289  39.81430 6096 32
-1 -1 3  39.20393  39.72153 6128 24
-1 -1 3  39.20393  39.72153 6152 24
-1 -1 3  41.32127  42.05493 6176 24
-1 -1 3  41.32127  42.05493 6200 24
-1 -1 2  41.01060  42.75227 6224 16
-1 -1 2  41.01060  42.75227 6240 16
-1 -1 4  40.49485  41.35484 6256 32
-1 -1 4  40.49485  41.35484 6288 32
-1 -1 2  41.51232  42.01068 6320 16
-1 -1 2  41.51232  42.01068 6336 16
-1 -1 2  37.95514  38.03906 6352 16
-1 -1 2  37.95514  38.03906 6368 16
-1 -1 2  44.76921  45.18333 6384 16
-1 -1 2  48.02182  48.02853 6400 16
-1 -1 2  48.02182  48.02853 6416 16
-1 -1 2  38.79012  38.94301 6432 16
-1 -1 2  38.79012  38.94331 6448 16
-1 -1 2  45.82880  45.98932 6464 16
-1 -1 2  45.82880  45.98932 6480 16
-1 -1 2  46.16815  46.25360 6496 16
-1 -1 2  46.16815  46.25360 6512 16
-1 -1 2  45.77905  45.79889 6528 16
-1 -1 2  45.77905  45.79889 6544 16
-1 -1 11  20.38865  27.66964 6560 88
-1 -1 4  22.81758  23.41726 6648 32
-1 -1 6  18.39491  21.22667 6680 48
-1 -1 12  21.05455  22.76479 6728 96
-1 -1 6  18.97597  20.40299 6824 48
-1 -1 8  22.46693  26.95338 6872 64
-1 -1 8  24.69658  26.83864 6936 64
-1 -1 8  22.31800  25.11803 7000 64
-1 -1 8  20.69994  23.06874 7064 64
-1 -1 5  26.26306  30.00000 7128 40
-1 -1 4  18.26398  18.85970 7168 32
-1 -1 2  19.94247  20.07095 7200 16
-1 -1 2  21.47021  21.85718 7216 16
-1 -1 3  21.72565  22.45899 7232 24
-1 -1 3  18.96620  19.48043 7256 24
-1 -1 3  26.66682  28.99382 7280 24
-1 -1 2  18.68696  18.97444 7304 16
-1 -1 2  17.92157  18.26154 7320 16
-1 -1 2  27.99954  28.00015 7336 16
-1 -1 2  24.69627  25.07378 7352 16
-1 -1 2  27.66964  27.77127 7368 16
-1 -1 11  16.31968  20.79301 7384 88
-1 -1 3  21.40154  22.81758 7472 24
-1 -1 8  23.41726  27.66750 7496 64
-1 -1 5  14.80812  16.07492 7560 40
-1 -1 4  13.81476  15.91776 7600 32
-1 -1 2  21.22667  21.41375 7632 16
-1 -1 3  17.89288  18.76509 7648 24
-1 -1 5  14.25574  16.07523 7672 40
-1 -1 2  10.00000  10.19409 7712 16
-1 -1 4  13.59502  15.00954 7728 32
-1 -1 3  12.63859  14.59876 7760 24
-1 -1 6  17.25688  18.20752 7784 48
-1 -1 2  10.00000  10.76997 7832 16
-1 -1 3  10.00000  10.33265 7848 24
-1 -1 3  13.80072  14.51881 7872 24
-1 -1 6  19.67178  21.40063 7896 48
-1 -1 3  11.86618  12.79515 7944 24
-1 -1 2  29.70703  30.00000 7968 16
-1 -1 2  29.70703  30.00000 7984 16
-1 -1 3  14.21851  14.93477 8000 24
-1 -1 2  10.00000  10.13885 8024 16
-1 -1 3  13.98749  14.41077 8040 24
-1 -1 7  17.22240  18.68116 8064 56
-1 -1 3  10.94270  11.86557 8120 24
-1 -1 5  19.09346  19.67269 8144 40
-1 -1 3  14.12451  14.74068 8184 24
-1 -1 3  15.43649  15.71542 8208 24
-1 -1 3  19.58694  20.26840 8232 24
-1 -1 3  10.31281  11.06447 8256 24
-1 -1 3  13.97009  14.78920 8280 24
-1 -1 4  21.15923  21.64385 8304 32
-1 -1 2  14.76418  15.38003 8336 16
-1 -1 2  15.88937  16.08560 8352 16
-1 -1 4  15.07637  15.77097 8368 32
-1 -1 2  14.04395  14.49043 8400 16
-1 -1 3  13.95697  14.40406 8416 24
-1 -1 2  14.53132  15.15602 8440 16
-1 -1 2  16.41459  17.10551 8456 16
-1 -1 3  12.96758  13.82819 8472 24
-1 -1 4  17.10735  17.50195 8496 32
-1 -1 2  12.45823  13.20653 8528 16
-1 -1 3  18.66956  19.53933 8544 24
-1 -1 2  14.48646  14.71259 8568 16
-1 -1 2  14.41932  15.16029 8584 16
-1 -1 2  13.16655  13.68383 8600 16
-1 -1 2  14.92226  15.50484 8616 16
-1 -1 2  14.04425  14.39063 8632 16
-1 -1 3  18.37080  19.47707 8648 24
-1 -1 2  12.04959  12.37705 8672 16
-1 -1 2  13.41222  14.04791 8688 16
-1 -1 2  13.25230  13.86420 8704 16
-1 -1 2  11.76395  12.31327 8720 16
-1 -1 2  15.18013  15.86069 8736 16
-1 -1 2  13.16655  13.89594 8752 16
-1 -1 3  13.51446  13.90845 8768 24
-1 -1 2  15.15663  15.26344 8792 16
-1 -1 2  14.73976  15.26253 8808 16
-1 -1 3  13.37377  13.73877 8824 24
-1 -1 2  13.46441  13.50378 8848 16
-1 -1 2  12.77867  13.34051 8864 16
-1 -1 2  13.55047  13.90509 8880 16
-1 -1 2  14.46845  14.77730 8896 16
-1 -1 2  13.26054  13.35088 8912 16
-1 -1 2  13.66430  14.04150 8928 16
-1 -1 3  17.46532  17.95117 8944 24
-1 -1 3  17.81964  18.65522 8968 24
-1 -1 2  14.51484  14.89021 8992 16
-1 -1 2  14.53986  14.71503 9008 16
-1 -1 2  11.51888  12.15274 9024 16
-1 -1 3  17.81934  20.86382 9040 24
-1 -1 2  13.25810  13.66247 9064 16
-1 -1 2  15.20973  15.43801 9080 16
-1 -1 2  14.74159  15.99100 9096 16
-1 -1 2  14.92165  15.29519 9112 16
-1 -1 2  22.26764  22.41688 9128 16
-1 -1 2  13.66186  13.94293 9144 16
-1 -1 2  10.00000  10.78401 9160 16
-1 -1 2  16.04288  17.15007 9176 16
-1 -1 2  12.90349  13.06126 9192 16
-1 -1 2  13.70611  14.06683 9208 16
-1 -1 2  14.77852  14.90700 9224 16
-1 -1 2  11.60983  11.72275 9240 16
-1 -1 2  13.74396  13.75159 9256 16
-1 -1 2  13.67956  13.81842 9272 16
-1 -1 2  20.27206  21.14641 9288 16
-1 -1 2  12.11795  12.54978 9304 16
-1 -1 2  14.41169  14.62928 9320 16
-1 -1 3  19.65194  21.49523 9336 24
-1 -1 2  16.54154  16.69994 9360 16
-1 -1 2  14.81972  15.01625 9376 16
-1 -1 2  14.43458  14.57740 9392 16
-1 -1 2  12.00076  12.30625 9408 16
-1 -1 2  14.53071  14.82582 9424 16
-1 -1 2  14.67414  14.87587 9440 16
-1 -1 2  13.77570  14.03235 9456 16
-1 -1 2  14.81819  14.91066 9472 16
-1 -1 2  13.48913  13.63775 9488 16
-1 -1 2  17.96094  18.23590 9504 16
-1 -1 2  19.08827  19.14168 9520 16
-1 -1 2  21.14580  21.15770 9536 16
-1 -1 2  11.85641  11.94919 9552 16
-1 -1 2  13.99329  14.01404 9568 16
-1 -1 2  11.04005  11.10139 9584 16
-1 -1 3  10.00000  11.85306 9600 24
-1 -1 2  10.00000  11.12520 9624 16
-1 -1 4  10.00000  10.69581 9640 32
-1 -1 2  10.00000  10.46326 9672 16
-1 -1 4  10.00000  11.26985 9688 32
-1 -1 2  10.00000  10.14069 9720 16
-1 -1 3  10.00000  10.13123 9736 24
-1 -1 3  10.00458  10.53498 9760 24
-1 -1 2  10.00000  10.07965 9784 16
-1 -1 2  10.08118  10.23041 9800 16
-1 -1 2  18.05676  18.24139 9816 16
-1 -1 2  10.00000  10.30915 9832 16
-1 -1 2  10.42725  10.91798 9848 16
-1 -1 2  17.92981  17.99573 9864 16
-1 -1 2  10.41535  10.62470 9880 16
-1 -1 3  10.00000  10.66193 9896 24
-1 -1 3  10.45564  10.98909 9920 24
-1 -1 2  17.85077  18.46967 9944 16
-1 -1 2  18.14862  18.40650 9960 16
-1 -1 2  10.08240  10.25177 9976 16
-1 -1 2  10.25940  10.80904 9992 16
-1 -1 2  17.98260  18.13763 10008 16
-1 -1 2  10.46113  10.52613 10024 16
-1 -1 2  18.19501  18.43580 10040 16
-1 -1 2  17.87885  18.18555 10056 16
-1 -1 2  18.07446  18.26581 10072 16
-1 -1 2  18.29663  18.29846 10088 16
-1 -1 2  17.85840  18.22125 10104 16
-1 -1 2  10.01038  10.32258 10120 16
-1 -1 2  10.58961  10.73244 10136 16
-1 -1 2  19.89243  19.96292 10152 16
-1 -1 2  19.90097  19.96231 10168 16
-1 -1 4   9.06554  10.00000 10184 32
-1 -1 5   8.09018   9.02953 10216 40
-1 -1 3   9.46838  10.00000 10256 24
-1 -1 2   9.82391  10.00000 10280 16
-1 -1 2   9.73846  10.00000 10296 16
-1 -1 4   9.06493  10.00000 10312 32
-1 -1 2   8.94072   9.05363 10344 16
-1 -1 2   8.55405   8.91051 10360 16
-1 -1 2   7.97849   8.78386 10376 16
-1 -1 3  -6.37598  -5.44244 10392 24
-1 -1 3   7.23109   8.13504 10416 24
-1 -1 2   0.35813   0.38987 10440 16
-1 -1 4  -1.73022  -1.09636 10456 32
-1 -1 2  -3.87991  -3.86923 10488 16
-1 -1 2   7.51949   8.00015 10504 16
-1 -1 2   9.95697  10.00000 10520 16
-1 -1 2   8.62058   8.87602 10536 16
-1 -1 2  -4.08469  -4.05356 10552 16
-1 -1 17   6.11871  10.00000 10568 136
-1 -1 10   3.56100   6.19165 10704 80
-1 -1 14   3.69314   9.17265 10784 112
-1 -1 2  -8.82628  -8.82231 10896 16
-1 -1 8  -1.42290   1.76471 10912 64
-1 -1 6   4.29130   6.11871 10976 48
-1 -1 6 -10.00000  -8.65598 11024 48
-1 -1 6  -8.55589  -2.97169 11072 48
-1 -1 6  -9.83673  -7.99985 11120 48
-1 -1 10  -8.98344  -5.36187 11168 80
-1 -1 6  -1.07927   1.68353 11248 48
-1 -1 2 -10.00000  -8.83208 11296 16
-1 -1 4   7.28542   8.07278 11312 32
-1 -1 8   5.50225   8.13351 11344 64
-1 -1 8  -2.13916   0.25834 11408 64
-1 -1 2 -10.00000  -9.94507 11472 16
-1 -1 6   7.23933   9.42016 11488 48
-1 -1 3   2.67658   4.04684 11536 24
-1 -1 3  -9.91608  -7.05013 11560 24
-1 -1 7  -0.16830   1.43328 11584 56
-1 -1 5  -7.77188  -4.58610 11640 40
-1 -1 6   1.54681   3.25673 11680 48
-1 -1 5   1.73846   4.89891 11728 40
-1 -1 6   1.22484   2.14374 11768 48
-1 -1 5   3.21248   4.97826 11816 40
-1 -1 7   5.69268   7.06050 11856 56
-1 -1 4   8.14877  10.00000 11912 32
-1 -1 4   8.34684   9.08690 11944 32
-1 -1 4 -10.00000  -8.56290 11976 32
-1 -1 4  -8.98466  -8.01144 12008 32
-1 -1 4  -0.56107   0.32029 12040 32
-1 -1 4   1.06737   3.72854 12072 32
-1 -1 3   9.08720   9.54162 12104 24
-1 -1 2   9.85718  10.00000 12128 16
-1 -1 3   9.05363   9.47662 12144 24
-1 -1 3   9.23094  10.00000 12168 24
-1 -1 2   8.97612  10.00000 12192 16
-1 -1 4  -1.55322  -0.94926 12208 32
-1 -1 4   9.39513   9.84985 12240 32
-1 -1 3  -2.57282  -1.30053 12272 24
-1 -1 4   6.03540   6.34119 12296 32
-1 -1 4   7.87869   9.95270 12328 32
-1 -1 4   8.11917   9.42962 12360 32
-1 -1 3 -10.00000  -9.59838 12392 24
-1 -1 4   8.22141  10.00000 12416 32
-1 -1 3   7.40810   8.61143 12448 24
-1 -1 3   8.93034  10.00000 12472 24
-1 -1 2   9.82697  10.00000 12496 16
-1 -1 3  -4.76128  -3.06752 12512 24
-1 -1 4  -2.80934  -2.32014 12536 32
-1 -1 3  -5.98871  -5.53033 12568 24
-1 -1 4   1.31304   2.61005 12592 32
-1 -1 3   8.38071  10.00000 12624 24
-1 -1 3   4.81438   5.72747 12648 24
-1 -1 3   3.73739   4.82445 12672 24
-1 -1 3   7.95560   9.36919 12696 24
-1 -1 2   7.10628   7.15541 12720 16
-1 -1 4   0.08621   0.89677 12736 32
-1 -1 3  -7.18013  -5.98932 12768 24
-1 -1 4   7.05135   7.70382 12792 32
-1 -1 3   7.01015   8.19455 12824 24
-1 -1 3   2.99702   3.83749 12848 24
-1 -1 3   8.53269   9.95544 12872 24
-1 -1 2   1.67956   2.69215 12896 16
-1 -1 4   7.81674   8.44907 12912 32
-1 -1 2   7.68398   8.95415 12944 16
-1 -1 3   4.08102   5.28649 12960 24
-1 -1 2  -1.09636  -0.86931 12984 16
-1 -1 3  -2.06378  -0.91631 13000 24
-1 -1 3   0.40635   1.20226 13024 24
-1 -1 3  -1.19707  -0.66758 13048 24
-1 -1 2   8.39140   8.96544 13072 16
-1 -1 3  -7.65987  -7.01137 13088 24
-1 -1 2  -0.91570   0.07797 13112 16
-1 -1 3   9.61730  10.00000 13128 24
-1 -1 3  -3.86923  -3.32754 13152 24
-1 -1 3   5.46380   5.77631 13176 24
-1 -1 3  -3.78867  -3.32021 13200 24
-1 -1 2   9.00786   9.35455 13224 16
-1 -1 2   9.98993  10.00000 13240 16
-1 -1 3   4.98222   5.46624 13256 24
-1 -1 3   1.91455   2.68421 13280 24
-1 -1 2  -3.31899  -2.62562 13304 16
-1 -1 2   6.34058   7.01045 13320 16
-1 -1 2  -2.31983  -1.57458 13336 16
-1 -1 2  -5.53063  -4.82780 13352 16
-1 -1 2   9.83429   9.89319 13368 16
-1 -1 2   0.10239   0.55863 13384 16
-1 -1 2  -3.08369  -2.52522 13400 16
-1 -1 2   9.12169   9.17326 13416 16
-1 -1 2   9.56817   9.69939 13432 16
-1 -1 2   4.67582   4.71488 13448 16
-1 -1 2   9.18944   9.20897 13464 16
-1 -1 2  -7.12215  -7.03120 13480 16
-1 -1 2  -1.41985  -1.16380 13496 16
-1 -1 2   9.13237   9.29198 13512 16
-1 -1 2  -4.33616  -4.22110 13528 16
-1 -1 2  -0.91478  -0.91081 13544 16
-1 -1 2   0.10330   0.19363 13560 16
-1 -1 2  -2.19562  -2.14343 13576 16
-1 -1 6 -10.00000  -8.70725 13592 48
-1 -1 6  -9.84406  -7.33028 13640 48
-1 -1 6 -10.00000  -5.35729 13688 48
-1 -1 3  -0.02213   0.23056 13736 24
-1 -1 6 -10.00000  -6.25787 13760 48
-1 -1 5  -1.15434   2.45655 13808 40
-1 -1 6  -2.51514   1.31976 13848 48
-1 -1 5 -10.00000  -7.45022 13896 40
-1 -1 3  -5.35332  -1.21080 13936 24
-1 -1 6   2.52247   5.71191 13960 48
-1 -1 4  -7.39071  -3.02449 14008 32
-1 -1 5  -6.25970  -2.76723 14040 40
-1 -1 4  -7.33028  -2.22369 14080 32
-1 -1 4  -8.71183  -7.38552 14112 32
-1 -1 5   3.27047   5.96460 14144 40
-1 -1 4  -7.44625  -5.16747 14184 32
-1 -1 3   2.31647   5.57153 14216 24
-1 -1 3  -1.14000   0.72861 14240 24
-1 -1 4   3.99954   6.26582 14264 32
-1 -1 3   3.63912   5.29931 14296 24
-1 -1 3   6.98299   7.68063 14320 24
-1 -1 3   6.26765   7.04555 14344 24
-1 -1 2   5.00237   6.52613 14368 16
-1 -1 2   4.88762   5.88495 14384 16
-1 -1 2  -5.38171  -4.32639 14400 16
-1 -1 3   6.76143   7.13039 14416 24
-1 -1 3   5.86542   6.22705 14440 24
-1 -1 2   5.93469   6.54475 14464 16
-1 -1 2  -4.17685  -3.57839 14480 16
-1 -1 3   5.35790   5.69146 14496 24
-1 -1 2   5.78363   5.94019 14520 16
-1 -1 2   5.00023   5.00237 14536 16
-1 -1 2   5.32708   5.92798 14552 16
-1 -1 2  -3.52041  -3.29610 14568 16
-1 -1 2   6.52827   6.81209 14584 16
-1 -1 5 -10.00000  -8.53086 14600 40
-1 -1 10  -8.28367  -4.80827 14640 80
-1 -1 7  -6.98421  -6.02380 14720 56
-1 -1 5  -9.38445  -8.85283 14776 40
-1 -1 4  -7.85764  -7.37545 14816 32
-1 -1 2 -10.00000  -9.52911 14848 16
-1 -1 2 -30.00000 -14.88045 14864 16
-1 -1 2 -26.00519 -26.00061 14880 16
-1 -1 2 -26.00244 -16.54459 14896 16
-1 -1 2 -26.00580 -26.00519 14912 16
-1 -1 2 -30.00000 -26.00580 14928 16
-1 -1 6 -29.18089 -28.16922 14944 48
-1 -1 8 -14.81972 -11.05989 14992 64
-1 -1 8 -30.00000 -25.57153 15056 64
-1 -1 3 -22.23926 -19.30220 15120 24
-1 -1 12 -20.47013 -17.40368 15144 96
-1 -1 9 -24.43626 -22.09308 15240 72
-1 -1 4 -11.06142 -10.00000 15312 32
-1 -1 3 -14.69550 -10.39399 15344 24
-1 -1 7 -16.41245 -13.54559 15368 56
-1 -1 7 -17.32250 -13.00664 15424 56
-1 -1 2 -13.68475 -12.69810 15480 16
-1 -1 4 -11.36080 -10.00000 15496 32
-1 -1 8 -11.43374 -10.00000 15528 64
-1 -1 2 -25.74335 -24.12039 15592 16
-1 -1 6 -15.08766 -12.14847 15608 48
-1 -1 5 -30.00000 -28.40147 15656 40
-1 -1 6 -28.05264 -26.22339 15696 48
-1 -1 5 -30.00000 -27.74014 15744 40
-1 -1 2 -23.78622 -23.24147 15784 16
-1 -1 5 -10.74556 -10.00000 15800 40
-1 -1 5 -18.66438 -15.86618 15840 40
-1 -1 4 -13.01640 -11.26192 15880 32
-1 -1 4 -21.53368 -19.10933 15912 32
-1 -1 3 -22.09308 -20.94469 15944 24
-1 -1 3 -17.79828 -15.97330 15968 24
-1 -1 3 -10.41352 -10.00000 15992 24
-1 -1 5 -19.84634 -17.98932 16016 40
-1 -1 4 -15.61471 -14.73091 16056 32
-1 -1 4 -14.14008 -12.98070 16088 32
-1 -1 2 -15.33486 -14.66987 16120 16
-1 -1 5 -26.38331 -25.16380 16136 40
-1 -1 2 -26.08728 -25.27153 16176 16
-1 -1 2 -19.32296 -19.30220 16192 16
-1 -1 2 -19.71390 -18.56855 16208 16
-1 -1 2 -17.54986 -15.91959 16224 16
-1 -1 3 -29.71558 -29.06401 16240 24
-1 -1 4 -21.42565 -20.89616 16264 32
-1 -1 3 -12.49912 -11.90402 16296 24
-1 -1 3 -12.27664 -11.32327 16320 24
-1 -1 3 -13.77020 -13.20653 16344 24
-1 -1 2 -15.91745 -14.65705 16368 16
-1 -1 3 -25.65728 -22.47028 16384 24
-1 -1 2 -30.00000 -29.55718 16408 16
-1 -1 2 -28.00046 -28.00015 16424 16
-1 -1 2 -17.28709 -16.97581 16440 16
-1 -1 2 -18.56519 -18.42268 16456 16
-1 -1 2 -15.44228 -15.09193 16472 16
-1 -1 2 -12.98131 -12.68192 16488 16
-1 -1 8 -14.86641 -10.00000 16504 64
-1 -1 14 -24.05295 -19.78104 16568 112
-1 -1 15 -18.48829 -14.70985 16680 120
-1 -1 7 -25.29411 -19.29701 16800 56
-1 -1 3 -30.00000 -27.31625 16856 24
-1 -1 3 -11.75021 -10.00000 16880 24
-1 -1 6 -25.31762 -22.52308 16904 48
-1 -1 6 -29.32342 -27.17159 16952 48
-1 -1 3 -17.97742 -16.13199 17000 24
-1 -1 4 -15.99039 -14.57465 17024 32
-1 -1 2 -10.31647 -10.00000 17056 16
-1 -1 4 -12.69810 -11.36080 17072 32
-1 -1 5 -26.70863 -25.98016 17104 40
-1 -1 4 -16.00504 -11.75662 17144 32
-1 -1 3 -10.33082 -10.00000 17176 24
-1 -1 2 -26.88411 -25.74335 17200 16
-1 -1 6 -20.47562 -17.95056 17216 48
-1 -1 6 -26.77547 -25.77417 17264 48
-1 -1 4 -23.36782 -23.01076 17312 32
-1 -1 7 -26.24078 -23.99771 17344 56
-1 -1 3 -20.07858 -18.30457 17400 24
-1 -1 3 -18.61799 -16.00443 17424 24
-1 -1 3 -24.96330 -23.75845 17448 24
-1 -1 3 -15.21919 -14.24414 17472 24
-1 -1 3 -22.09918 -20.77898 17496 24
-1 -1 2 -19.45266 -18.61555 17520 16
-1 -1 3 -21.19432 -19.32296 17536 24
-1 -1 4 -23.35531 -22.40620 17560 32
-1 -1 3 -25.65301 -25.00938 17592 24
-1 -1 3 -21.27428 -20.47227 17616 24
-1 -1 3 -23.47250 -22.67994 17640 24
-1 -1 4 -26.19073 -25.56481 17664 32
-1 -1 3 -23.82407 -23.33150 17696 24
-1 -1 2 -26.11597 -25.51293 17720 16
-1 -1 2 -25.98383 -25.43572 17736 16
-1 -1 2 -28.00015 -27.99985 17752 16
-1 -1 3 -27.39590 -26.49989 17768 24
-1 -1 2 -22.88014 -22.24811 17792 16
-1 -1 2 -26.51942 -26.11810 17808 16
-1 -1 2 -22.87862 -22.68147 17824 16
-1 -1 2 -27.37209 -26.73763 17840 16
-1 -1 2 -28.14023 -27.34432 17856 16
-1 -1 2 -25.01732 -24.95293 17872 16
-1 -1 2 -14.57343 -14.34608 17888 16
-1 -1 2 -25.69482 -25.65026 17904 16
-1 -1 2 -10.49683 -10.00000 17920 16
-1 -1 3 -16.13199 -15.99039 17936 24
-1 -1 2 -18.32624 -18.22675 17960 16
-1 -1 5 -11.52071 -10.00000 17976 40
-1 -1 2 -31.69009 -30.00000 18016 16
-1 -1 2 -38.06012 -30.00000 18032 16
-1 -1 5 -35.90005 -35.12672 18048 40
-1 -1 10 -37.50530 -34.00000 18088 80
-1 -1 6 -34.37965 -30.00000 18168 48
-1 -1 2 -30.15564 -30.00000 18216 16
-1 -1 5 -33.45556 -31.06691 18232 40
-1 -1 5 -36.00198 -31.84726 18272 40
-1 -1 6 -38.80721 -36.13596 18312 48
-1 -1 5 -41.05516 -35.99893 18360 40
-1 -1 3 -31.87747 -30.00000 18400 24
-1 -1 2 -30.05951 -30.00000 18424 16
-1 -1 4 -40.70695 -33.26909 18440 32
-1 -1 4 -44.87267 -43.68124 18472 32
-1 -1 3 -32.39262 -31.95468 18504 24
-1 -1 3 -38.29816 -37.57885 18528 24
-1 -1 3 -38.90761 -38.32135 18552 24
-1 -1 2 -34.70406 -34.12115 18576 16
-1 -1 4 -41.14488 -40.73137 18592 32
-1 -1 3 -33.45617 -32.92546 18624 24
-1 -1 2 -36.13687 -35.12459 18648 16
-1 -1 3 -35.53841 -34.99458 18664 24
-1 -1 2 -37.39452 -37.21629 18688 16
-1 -1 2 -42.61707 -41.69055 18704 16
-1 -1 3 -34.28778 -33.86481 18720 24
-1 -1 2 -34.99702 -34.68788 18744 16
-1 -1 2 -38.43061 -37.16014 18760 16
-1 -1 2 -40.60319 -40.21011 18776 16
-1 -1 3 -36.27725 -35.49294 18792 24
-1 -1 2 -39.56710 -39.38583 18816 16
-1 -1 2 -37.18730 -36.37155 18832 16
-1 -1 3 -49.25322 -48.72069 18848 24
-1 -1 2 -39.32570 -38.80843 18872 16
-1 -1 2 -32.26443 -32.18875 18888 16
-1 -1 2 -36.47593 -36.11826 18904 16
-1 -1 2 -41.99969 -41.99939 18920 16
-1 -1 2 -32.92516 -32.62394 18936 16
-1 -1 3 -31.88388 -30.00000 18952 24
-1 -1 2 -46.00031 -45.99939 18976 16
-1 -1 2 -41.04814 -40.70848 18992 16
-1 -1 2 -35.00221 -35.00130 19008 16
-1 -1 6 -33.42382 -32.43320 19024 48
-1 -1 3 -31.06691 -30.00000 19072 24
-1 -1 2 -34.00977 -33.45556 19096 16
-1 -1 6 -34.45319 -33.19371 19112 48
-1 -1 4 -31.86862 -30.79012 19160 32
-1 -1 4 -34.42908 -33.11742 19192 32
-1 -1 2 -34.62196 -33.14244 19224 16
-1 -1 3 -30.74953 -30.18250 19240 24
-1 -1 3 -33.11894 -32.71153 19264 24
-1 -1 2 -32.12070 -31.30342 19288 16
-1 -1 2 -32.49668 -32.49302 19304 16
-1 -1 3 -32.44144 -31.67269 19320 24
-1 -1 2 -34.79591 -33.90265 19344 16
-1 -1 2 -33.46380 -33.38110 19360 16
-1 -1 2 -32.64958 -31.75143 19376 16
-1 -1 2 -34.80598 -33.92615 19392 16
-1 -1 2 -33.02464 -32.49424 19408 16
-1 -1 2 -34.80812 -34.20721 19424 16
-1 -1 2 -34.89174 -34.73274 19440 16
-1 -1 2 -54.91859 -54.88716 19456 16
-1 -1 2 -55.18929 -54.91737 19472 16
