-1 -1 3  68.00000  68.90000 0 24
-1 -1 3  68.00000  68.90000 24 24
-1 -1 45  67.00360  68.00000 48 360
-1 -1 46  67.00360  68.00000 408 368
-1 -1 7  66.92410  66.98880 776 56
-1 -1 3  67.00410  67.00830 832 24
-1 -1 7  66.92410  66.98880 856 56
-1 -1 3  67.00410  67.00830 912 24
-1 -1 8  66.00000  66.03170 936 64
-1 -1 9  66.00000  66.03000 1000 72
-1 -1 64  66.00000  66.92410 1072 512
-1 -1 5  66.98880  67.00410 1584 40
-1 -1 8  66.00000  66.03170 1624 64
-1 -1 9  66.00000  66.03000 1688 72
-1 -1 64  66.00000  66.92410 1760 512
-1 -1 5  66.98880  67.00410 2272 40
-1 -1 114  64.65070  66.00000 2312 912
-1 -1 15  65.90830  66.00000 3224 120
-1 -1 16  65.94390  66.00000 3344 128
-1 -1 114  64.65080  66.00000 3472 912
-1 -1 15  65.90830  66.00000 4384 120
-1 -1 16  65.94390  66.00000 4504 128
-1 -1 80  64.00000  64.65070 4632 640
-1 -1 79  64.00000  64.65080 5272 632
-1 -1 14  63.23020  63.34669 5904 112
-1 -1 45  63.62480  64.00000 6016 360
-1 -1 14  63.23030  63.34669 6376 112
-1 -1 45  63.62480  64.00000 6488 360
-1 -1 119  62.00000  63.23020 6848 952
-1 -1 20  63.34669  63.62480 7800 160
-1 -1 118  62.00000  63.23030 7960 944
-1 -1 20  63.34669  63.62480 8904 160
-1 -1 2  60.00000  60.00020 9064 16
-1 -1 2  60.00000  60.00020 9080 16
-1 -1 3  60.00020  60.00031 9096 24
-1 -1 3  60.00020  60.00031 9120 24
-1 -1 3  60.00020  60.00020 9144 24
-1 -1 3  60.00020  60.00020 9168 24
-1 -1 3  60.00020  60.00020 9192 24
-1 -1 3  60.00020  60.00020 9216 24
-1 -1 3  60.00020  60.00020 9240 24
-1 -1 3  60.00020  60.00020 9264 24
-1 -1 19  61.71360  62.00000 9288 152
-1 -1 19  61.71360  62.00000 9440 152
-1 -1 3  60.00020  60.00020 9592 24
-1 -1 3  60.00020  60.00020 9616 24
-1 -1 93  60.74360  61.71360 9640 744
-1 -1 93  60.74360  61.71360 10384 744
-1 -1 3  60.00010  60.00020 11128 24
-1 -1 3  60.00010  60.00020 11152 24
-1 -1 6  60.01430  60.06510 11176 48
-1 -1 74  60.12460  60.97250 11224 592
-1 -1 6  60.01430  60.06500 11816 48
-1 -1 72  60.12460  60.97250 11864 576
-1 -1 3  60.00010  60.00010 12440 24
-1 -1 3  60.00010  60.00010 12464 24
-1 -1 7  60.01060  60.04170 12488 56
-1 -1 4  60.06510  60.12460 12544 32
-1 -1 7  60.01060  60.04170 12576 56
-1 -1 4  60.06500  60.12460 12632 32
-1 -1 3  60.00010  60.00010 12664 24
-1 -1 3  60.00010  60.00010 12688 24
-1 -1 4  60.00010  60.00010 12712 32
-1 -1 4  60.00010  60.00010 12744 32
-1 -1 3  60.00000  60.00010 12776 24
-1 -1 3  60.00000  60.00010 12800 24
-1 -1 3  60.00000  60.00000 12824 24
-1 -1 3  60.00000  60.00000 12848 24
-1 -1 2  60.00000  60.00000 12872 16
-1 -1 2  60.00000  60.00000 12888 16
-1 -1 41  60.00000  60.37250 12904 328
-1 -1 40  60.00000  60.37250 13232 320
-1 -1 8  60.30530  60.39799 13552 64
-1 -1 8  60.30530  60.39799 13616 64
-1 -1 2  59.99750  60.00000 13680 16
-1 -1 2  59.99750  60.00000 13696 16
-1 -1 3  58.00000  59.99950 13712 24
-1 -1 3  58.00000  59.99950 13736 24
-1 -1 3  60.00000  60.00000 13760 24
-1 -1 3  60.00000  60.00000 13784 24
-1 -1 3  59.99990  60.00000 13808 24
-1 -1 3  59.99990  60.00000 13832 24
-1 -1 3  59.99990  59.99990 13856 24
-1 -1 3  59.99990  59.99990 13880 24
-1 -1 3  58.00000  59.99950 13904 24
-1 -1 3  58.00000  59.99950 13928 24
-1 -1 3  59.99990  59.99990 13952 24
-1 -1 3  59.99990  59.99990 13976 24
-1 -1 3  59.99990  59.99990 14000 24
-1 -1 3  59.99990  59.99990 14024 24
-1 -1 3  59.99980  59.99990 14048 24
-1 -1 3  59.99980  59.99990 14072 24
-1 -1 3  59.99980  59.99980 14096 24
-1 -1 3  59.99980  59.99980 14120 24
-1 -1 3  58.00000  59.99950 14144 24
-1 -1 3  58.00000  59.99950 14168 24
-1 -1 3  59.99980  59.99980 14192 24
-1 -1 3  59.99980  59.99980 14216 24
-1 -1 3  59.99980  59.99980 14240 24
-1 -1 3  59.99980  59.99980 14264 24
-1 -1 3  59.99980  59.99980 14288 24
-1 -1 3  59.99980  59.99980 14312 24
-1 -1 2  59.99969  59.99980 14336 16
-1 -1 2  59.99969  59.99980 14352 16
-1 -1 27  58.00000  58.42590 14368 216
-1 -1 13  58.52050  58.69040 14584 104
-1 -1 136  58.74530  60.00000 14688 1088
-1 -1 136  58.74530  60.00000 15776 1088
-1 -1 12  58.52050  58.69040 16864 96
-1 -1 28  58.00000  58.42590 16960 224
-1 -1 17  58.42590  58.56420 17184 136
-1 -1 26  58.68311  58.87970 17320 208
-1 -1 26  58.68311  58.87970 17528 208
-1 -1 17  58.42590  58.56420 17736 136
-1 -1 3  56.00000  58.00000 17872 24
-1 -1 3  56.00000  58.00000 17896 24
-1 -1 3  56.00000  58.00000 17920 24
-1 -1 3  56.00000  58.00000 17944 24
-1 -1 3  56.00000  58.00000 17968 24
-1 -1 3  56.00000  58.00000 17992 24
-1 -1 3  56.00000  56.20160 18016 24
-1 -1 3  56.00000  56.20170 18040 24
-1 -1 3  56.20160  56.84440 18064 24
-1 -1 3  56.20170  56.84440 18088 24
-1 -1 7  56.07010  56.16631 18112 56
-1 -1 19  56.25390  56.43530 18168 152
-1 -1 13  56.58020  56.78250 18320 104
-1 -1 5  56.81300  56.85340 18424 40
-1 -1 13  57.76610  58.00000 18464 104
-1 -1 14  57.76610  58.00000 18568 112
-1 -1 5  56.81300  56.85340 18680 40
-1 -1 13  56.58020  56.78250 18720 104
-1 -1 19  56.25390  56.43530 18824 152
-1 -1 7  56.07010  56.16631 18976 56
-1 -1 26  56.00000  56.12080 19032 208
-1 -1 11  56.16631  56.26370 19240 88
-1 -1 14  56.41280  56.58020 19328 112
-1 -1 5  56.78250  56.81300 19440 40
-1 -1 79  56.85340  57.81330 19480 632
-1 -1 79  56.85340  57.81330 20112 632
-1 -1 5  56.78250  56.81300 20744 40
-1 -1 14  56.41280  56.58020 20784 112
-1 -1 11  56.16631  56.26370 20896 88
-1 -1 26  56.00000  56.12080 20984 208
-1 -1 3  54.00000  56.00000 21192 24
-1 -1 3  54.00000  56.00000 21216 24
-1 -1 3  54.00000  56.00000 21240 24
-1 -1 3  54.00000  56.00000 21264 24
-1 -1 3  55.81640  56.00000 21288 24
-1 -1 3  55.81640  56.00000 21312 24
-1 -1 13  54.00000  55.81700 21336 104
-1 -1 13  54.00000  55.81700 21440 104
-1 -1 4  54.00000  54.89660 21544 32
-1 -1 4  54.00000  54.89670 21576 32
-1 -1 5  54.89660  56.00000 21608 40
-1 -1 5  54.89670  56.00000 21648 40
-1 -1 161  54.00000  55.34000 21688 1288
-1 -1 161  54.00000  55.34000 22976 1288
-1 -1 39  54.63700  54.92950 24264 312
-1 -1 38  54.63700  54.92950 24576 304
-1 -1 63  54.59669  56.00000 24880 504
-1 -1 63  54.59669  56.00000 25384 504
-1 -1 3  53.80550  54.00000 25888 24
-1 -1 3  53.80580  54.00000 25912 24
-1 -1 166  52.36550  53.80550 25936 1328
-1 -1 162  52.36550  53.80580 27264 1296
-1 -1 40  52.00000  52.48720 28560 320
-1 -1 40  52.00000  52.48720 28880 320
-1 -1 3  52.00000  54.00000 29200 24
-1 -1 3  52.00000  54.00000 29224 24
-1 -1 12  52.00000  54.00000 29248 96
-1 -1 12  52.00000  54.00000 29344 96
-1 -1 4  52.00000  53.51780 29440 32
-1 -1 4  52.00000  53.51780 29472 32
-1 -1 3  53.51780  54.00000 29504 24
-1 -1 3  53.51780  54.00000 29528 24
-1 -1 185  52.08330  54.00000 29552 1480
-1 -1 183  52.08330  54.00000 31032 1464
-1 -1 41  52.00000  52.88140 32496 328
-1 -1 39  52.00000  52.21190 32824 312
-1 -1 39  52.00000  52.21190 33136 312
-1 -1 41  52.00000  52.88140 33448 328
-1 -1 10  52.43311  52.55560 33776 80
-1 -1 5  52.36971  52.38860 33856 40
-1 -1 10  52.43311  52.55560 33896 80
-1 -1 5  52.36940  52.38860 33976 40
-1 -1 30  52.86420  53.11920 34016 240
-1 -1 30  52.86420  53.11920 34256 240
-1 -1 15  52.55560  52.77500 34496 120
-1 -1 10  52.38060  52.45860 34616 80
-1 -1 26  52.00000  52.36971 34696 208
-1 -1 2  52.00000  52.00000 34904 16
-1 -1 2  52.00000  52.00000 34920 16
-1 -1 15  52.55560  52.77500 34936 120
-1 -1 10  52.38060  52.45860 35056 80
-1 -1 25  52.00000  52.36940 35136 200
-1 -1 2  52.00000  52.00000 35336 16
-1 -1 2  52.00000  52.00000 35352 16
-1 -1 2  52.00000  52.00000 35368 16
-1 -1 2  52.00000  52.00000 35384 16
-1 -1 2  52.00000  52.00000 35400 16
-1 -1 2  52.00000  52.00000 35416 16
-1 -1 2  52.00000  52.00000 35432 16
-1 -1 2  52.00000  52.00000 35448 16
-1 -1 2  52.00000  52.00000 35464 16
-1 -1 2  52.00000  52.00000 35480 16
-1 -1 2  52.00000  52.00000 35496 16
-1 -1 2  52.00000  52.00000 35512 16
-1 -1 75  51.13181  52.00000 35528 600
-1 -1 73  51.13200  52.00000 36128 584
-1 -1 85  50.00000  51.13181 36712 680
-1 -1 83  50.00000  51.13200 37392 664
-1 -1 3  50.00000  52.00000 38056 24
-1 -1 3  50.00000  52.00000 38080 24
-1 -1 12  50.00000  52.00000 38104 96
-1 -1 12  50.00000  52.00000 38200 96
-1 -1 3  50.00000  52.00000 38296 24
-1 -1 3  50.00000  52.00000 38320 24
-1 -1 2  50.00000  51.18470 38344 16
-1 -1 2  50.00000  51.18470 38360 16
-1 -1 2  51.19170  51.45890 38376 16
-1 -1 2  51.19170  51.45890 38392 16
-1 -1 53  51.55780  52.00000 38408 424
-1 -1 54  51.55780  52.00000 38832 432
-1 -1 2  51.41700  52.00000 39264 16
-1 -1 2  51.41700  52.00000 39280 16
-1 -1 2  48.00000  48.99940 39296 16
-1 -1 2  48.00000  48.99940 39312 16
-1 -1 2  48.00000  49.00000 39328 16
-1 -1 2  48.00000  49.00000 39344 16
-1 -1 80  48.99810  50.00000 39360 640
-1 -1 79  48.99720  50.00000 40000 632
-1 -1 2  48.99720  48.99810 40632 16
-1 -1 2  48.99940  50.00000 40648 16
-1 -1 2  48.99940  50.00000 40664 16
-1 -1 2  48.00000  49.00690 40680 16
-1 -1 2  48.00000  49.00720 40696 16
-1 -1 8  49.00000  50.00000 40712 64
-1 -1 8  49.00000  50.00000 40776 64
-1 -1 35  48.00000  48.99750 40840 280
-1 -1 35  48.00000  48.99750 41120 280
-1 -1 2  49.37670  50.00000 41400 16
-1 -1 2  49.37670  50.00000 41416 16
-1 -1 2  48.00000  48.00420 41432 16
-1 -1 2  48.00000  48.00420 41448 16
-1 -1 3  48.00000  50.00000 41464 24
-1 -1 3  48.00000  50.00000 41488 24
-1 -1 3  48.00000  48.00200 41512 24
-1 -1 3  48.00000  48.00200 41536 24
-1 -1 2  48.00000  48.00090 41560 16
-1 -1 2  48.00000  48.00090 41576 16
-1 -1 14  48.02190  48.09641 41592 112
-1 -1 14  48.02190  48.09641 41704 112
-1 -1 7  46.27170  46.30840 41816 56
-1 -1 7  46.27170  46.30840 41872 56
-1 -1 37  46.00000  46.31200 41928 296
-1 -1 37  46.00000  46.31200 42224 296
-1 -1 4  47.96350  48.00000 42520 32
-1 -1 4  47.96360  48.00000 42552 32
-1 -1 2  46.00000  46.00140 42584 16
-1 -1 2  46.00000  46.00140 42600 16
-1 -1 27  46.00000  48.00000 42616 216
-1 -1 29  46.00000  48.00000 42832 232
-1 -1 137  46.00000  47.96350 43064 1096
-1 -1 140  46.00000  47.96360 44160 1120
-1 -1 4  46.00000  48.00000 45280 32
-1 -1 4  46.00000  48.00000 45312 32
-1 -1 67  46.00000  47.92000 45344 536
-1 -1 67  46.00000  47.92000 45880 536
-1 -1 6  47.91720  48.00000 46416 48
-1 -1 6  47.91720  48.00000 46464 48
-1 -1 24  46.00000  46.76550 46512 192
-1 -1 24  46.00000  46.76550 46704 192
-1 -1 16  46.31610  46.58220 46896 128
-1 -1 16  46.31610  46.58220 47024 128
-1 -1 2  46.71910  46.75330 47152 16
-1 -1 2  46.71900  46.75330 47168 16
-1 -1 2  47.15891  47.23530 47184 16
-1 -1 2  47.15891  47.23530 47200 16
-1 -1 3  47.25640  47.30530 47216 24
-1 -1 3  47.25640  47.30530 47240 24
-1 -1 3  46.92250  47.02970 47264 24
-1 -1 3  46.92250  47.02970 47288 24
-1 -1 2  47.29160  47.29220 47312 16
-1 -1 2  47.29160  47.29220 47328 16
-1 -1 24  46.00000  46.31610 47344 192
-1 -1 25  46.00000  46.31610 47536 200
-1 -1 2  47.23530  47.39000 47736 16
-1 -1 2  47.23530  47.39000 47752 16
-1 -1 2  47.86140  48.00000 47768 16
-1 -1 2  47.86140  48.00000 47784 16
-1 -1 2  47.29140  47.29160 47800 16
-1 -1 2  47.29140  47.29160 47816 16
-1 -1 30  46.23441  46.81250 47832 240
-1 -1 31  46.23441  46.81250 48072 248
-1 -1 23  46.81640  48.00000 48320 184
-1 -1 23  46.81640  48.00000 48504 184
-1 -1 15  46.00000  46.24001 48688 120
-1 -1 14  46.00000  46.24001 48808 112
-1 -1 7  47.29500  48.00000 48920 56
-1 -1 7  47.29530  48.00000 48976 56
-1 -1 38  47.84171  48.00000 49032 304
-1 -1 38  47.84171  48.00000 49336 304
-1 -1 3  46.16810  46.25360 49640 24
-1 -1 3  46.16810  46.25360 49664 24
-1 -1 30  45.56670  46.00000 49688 240
-1 -1 30  45.56670  46.00000 49928 240
-1 -1 47  45.61610  45.81240 50168 376
-1 -1 48  45.61580  45.81240 50544 384
-1 -1 22  45.81240  45.99950 50928 176
-1 -1 22  45.81240  45.99950 51104 176
-1 -1 4  45.99950  46.00000 51280 32
-1 -1 4  45.99950  46.00000 51312 32
-1 -1 100  44.00000  46.00000 51344 800
-1 -1 97  44.00000  46.00000 52144 776
-1 -1 56  45.47720  46.00000 52920 448
-1 -1 5  45.67050  45.69870 53368 40
-1 -1 56  45.47720  46.00000 53408 448
-1 -1 5  45.67050  45.69870 53856 40
-1 -1 4  45.65260  45.67050 53896 32
-1 -1 133  44.37110  45.70360 53928 1064
-1 -1 4  45.65260  45.67050 54992 32
-1 -1 135  44.36950  45.70360 55024 1080
-1 -1 3  44.00000  45.00000 56104 24
-1 -1 3  44.00000  45.00000 56128 24
-1 -1 59  44.49610  44.75830 56152 472
-1 -1 57  44.49640  44.75830 56624 456
-1 -1 3  44.99980  44.99990 57080 24
-1 -1 3  44.99980  44.99990 57104 24
-1 -1 3  44.99960  44.99980 57128 24
-1 -1 3  44.99960  44.99980 57152 24
-1 -1 5  44.99940  46.00000 57176 40
-1 -1 5  44.99940  46.00000 57216 40
-1 -1 2  44.00000  45.00031 57256 16
-1 -1 2  44.00000  45.00031 57272 16
-1 -1 2  45.94200  45.94200 57288 16
-1 -1 2  45.94200  45.94200 57304 16
-1 -1 3  45.94189  45.94200 57320 24
-1 -1 3  45.94189  45.94200 57344 24
-1 -1 3  45.94180  45.94189 57368 24
-1 -1 3  45.94180  45.94189 57392 24
-1 -1 3  45.94170  45.94180 57416 24
-1 -1 3  45.94170  45.94180 57440 24
-1 -1 26  44.00000  46.00000 57464 208
-1 -1 26  44.00000  46.00000 57672 208
-1 -1 2  45.94170  45.94170 57880 16
-1 -1 2  45.94170  45.94170 57896 16
-1 -1 55  44.75390  46.00000 57912 440
-1 -1 54  44.75390  46.00000 58352 432
-1 -1 4  44.36660  44.42030 58784 32
-1 -1 4  44.36660  44.42030 58816 32
-1 -1 12  44.42080  44.61250 58848 96
-1 -1 12  44.42080  44.61250 58944 96
-1 -1 6  44.61140  44.75220 59040 48
-1 -1 6  44.61140  44.75220 59088 48
-1 -1 14  44.00000  44.36660 59136 112
-1 -1 14  44.00000  44.36660 59248 112
-1 -1 24  45.78391  46.00000 59360 192
-1 -1 24  45.78391  46.00000 59552 192
-1 -1 49  45.10420  45.78780 59744 392
-1 -1 50  45.10420  45.78790 60136 400
-1 -1 16  45.07140  45.45470 60536 128
-1 -1 16  45.07140  45.45470 60664 128
-1 -1 6  44.75560  45.02310 60792 48
-1 -1 6  44.75560  45.02310 60840 48
-1 -1 2  44.08940  44.29830 60888 16
-1 -1 2  44.08940  44.29830 60904 16
-1 -1 49  45.45641  46.00000 60920 392
-1 -1 49  45.45641  46.00000 61312 392
-1 -1 42  45.00360  45.64330 61704 336
-1 -1 42  45.00360  45.64330 62040 336
-1 -1 37  44.00000  45.00999 62376 296
-1 -1 37  44.00000  45.00970 62672 296
-1 -1 14  44.00000  44.33030 62968 112
-1 -1 14  44.00000  44.33030 63080 112
-1 -1 41  44.33030  45.02200 63192 328
-1 -1 42  44.33030  45.02200 63520 336
-1 -1 2  44.00000  45.30251 63856 16
-1 -1 2  44.00000  45.30251 63872 16
-1 -1 18  44.76920  45.18330 63888 144
-1 -1 9  45.82890  45.98920 64032 72
-1 -1 9  45.82890  45.98920 64104 72
-1 -1 5  45.76970  45.79890 64176 40
-1 -1 5  45.76970  45.79890 64216 40
-1 -1 10  42.00000  44.00000 64256 80
-1 -1 11  42.00000  44.00000 64336 88
-1 -1 4  42.00000  44.00000 64424 32
-1 -1 4  42.00000  44.00000 64456 32
-1 -1 3  42.00000  44.00000 64488 24
-1 -1 3  42.00000  44.00000 64512 24
-1 -1 2  43.00031  43.00031 64536 16
-1 -1 2  43.00031  43.00031 64552 16
-1 -1 3  43.00031  43.00050 64568 24
-1 -1 3  43.00031  43.00050 64592 24
-1 -1 3  43.00050  43.00070 64616 24
-1 -1 3  43.00050  43.00070 64640 24
-1 -1 11  42.78030  43.00390 64664 88
-1 -1 11  42.78030  43.00390 64752 88
-1 -1 2  43.00070  43.00080 64840 16
-1 -1 2  43.00070  43.00080 64856 16
-1 -1 77  42.00000  42.88060 64872 616
-1 -1 79  42.00000  42.88080 65488 632
-1 -1 2  43.49940  44.00000 66120 16
-1 -1 2  43.49940  44.00000 66136 16
-1 -1 35  43.00000  43.50010 66152 280
-1 -1 35  42.99940  43.50010 66432 280
-1 -1 28  42.51310  43.00060 66712 224
-1 -1 29  42.51310  43.00060 66936 232
-1 -1 3  43.50010  43.50040 67168 24
-1 -1 3  43.50010  43.50040 67192 24
-1 -1 3  43.50040  43.50070 67216 24
-1 -1 3  43.50040  43.50070 67240 24
-1 -1 47  42.00000  43.07640 67264 376
-1 -1 45  42.00000  43.07640 67640 360
-1 -1 2  43.50070  43.50080 68000 16
-1 -1 2  43.50070  43.50080 68016 16
-1 -1 2  42.50620  42.51080 68032 16
-1 -1 2  42.50660  42.51080 68048 16
-1 -1 4  43.91810  44.00000 68064 32
-1 -1 4  43.91810  44.00000 68096 32
-1 -1 26  43.07890  43.72390 68128 208
-1 -1 26  43.07890  43.72390 68336 208
-1 -1 5  43.78419  43.92030 68544 40
-1 -1 5  43.78450  43.92030 68584 40
-1 -1 6  43.72580  43.78170 68624 48
-1 -1 6  43.72580  43.78140 68672 48
-1 -1 4  42.49240  42.50620 68720 32
-1 -1 4  42.49240  42.50660 68752 32
-1 -1 2  42.49170  42.49240 68784 16
-1 -1 2  42.49170  42.49240 68800 16
-1 -1 6  42.38190  42.83530 68816 48
-1 -1 6  42.38220  42.83530 68864 48
-1 -1 5  43.20810  43.51250 68912 40
-1 -1 5  43.20810  43.51250 68952 40
-1 -1 2  42.49001  42.49050 68992 16
-1 -1 2  42.49001  42.49050 69008 16
-1 -1 2  42.00000  42.26559 69024 16
-1 -1 2  42.00000  42.26559 69040 16
-1 -1 37  42.71550  44.00000 69056 296
-1 -1 38  42.71550  44.00000 69352 304
-1 -1 55  42.72610  44.00000 69656 440
-1 -1 56  42.72610  44.00000 70096 448
-1 -1 12  42.00470  42.05500 70544 96
-1 -1 13  42.00470  42.05500 70640 104
-1 -1 7  42.00000  42.75220 70744 56
-1 -1 7  42.00000  42.75220 70800 56
-1 -1 20  42.70030  42.88940 70856 160
-1 -1 20  42.70030  42.88940 71016 160
-1 -1 23  43.07970  44.00000 71176 184
-1 -1 24  43.07970  44.00000 71360 192
-1 -1 3  42.00000  42.02970 71552 24
-1 -1 3  42.00000  42.03160 71576 24
-1 -1 3  42.00000  42.01720 71600 24
-1 -1 3  42.00000  42.01720 71624 24
-1 -1 2  41.99969  41.99969 71648 16
-1 -1 2  41.99969  41.99969 71664 16
-1 -1 3  41.99969  41.99969 71680 24
-1 -1 3  41.99969  41.99969 71704 24
-1 -1 3  40.00000  41.99950 71728 24
-1 -1 3  40.00000  41.99950 71752 24
-1 -1 3  41.99969  41.99969 71776 24
-1 -1 3  41.99969  41.99969 71800 24
-1 -1 3  41.99969  41.99969 71824 24
-1 -1 3  41.99969  41.99969 71848 24
-1 -1 2  41.99950  42.00000 71872 16
-1 -1 2  41.99950  42.00000 71888 16
-1 -1 3  41.99969  41.99969 71904 24
-1 -1 3  41.99969  41.99969 71928 24
-1 -1 3  41.99969  41.99969 71952 24
-1 -1 3  41.99969  41.99969 71976 24
-1 -1 3  40.00000  41.99969 72000 24
-1 -1 3  40.00000  41.99969 72024 24
-1 -1 3  41.99969  41.99969 72048 24
-1 -1 3  41.99969  41.99969 72072 24
-1 -1 4  40.99969  42.00000 72096 32
-1 -1 4  40.99969  42.00000 72128 32
-1 -1 2  41.99969  41.99969 72160 16
-1 -1 2  41.99969  41.99969 72176 16
-1 -1 3  40.00000  41.00000 72192 24
-1 -1 3  40.00000  41.00000 72216 24
-1 -1 2  40.99960  40.99969 72240 16
-1 -1 2  40.99960  40.99969 72256 16
-1 -1 3  40.99950  40.99960 72272 24
-1 -1 3  40.99950  40.99960 72296 24
-1 -1 3  40.99930  40.99950 72320 24
-1 -1 3  40.99930  40.99950 72344 24
-1 -1 2  41.00439  42.00000 72368 16
-1 -1 2  41.00439  42.00000 72384 16
-1 -1 4  40.00000  40.99930 72400 32
-1 -1 4  40.00000  40.99930 72432 32
-1 -1 2  40.00031  40.00031 72464 16
-1 -1 2  40.00031  40.00031 72480 16
-1 -1 3  40.00010  40.00031 72496 24
-1 -1 3  40.00010  40.00031 72520 24
-1 -1 2  40.00000  40.00010 72544 16
-1 -1 2  40.00000  40.00010 72560 16
-1 -1 29  41.53050  42.00000 72576 232
-1 -1 4  41.48340  41.50400 72808 32
-1 -1 29  41.53050  42.00000 72840 232
-1 -1 4  41.48340  41.50400 73072 32
-1 -1 4  41.50400  41.54510 73104 32
-1 -1 100  40.00000  41.48340 73136 800
-1 -1 4  41.50400  41.54530 73936 32
-1 -1 99  40.00000  41.48340 73968 792
-1 -1 4  40.57840  40.60080 74760 32
-1 -1 4  40.57840  40.60080 74792 32
-1 -1 5  40.57830  40.61610 74824 40
-1 -1 5  40.57830  40.61520 74864 40
-1 -1 9  40.00000  40.37670 74904 72
-1 -1 9  40.00000  40.37670 74976 72
-1 -1 85  40.37670  42.00000 75048 680
-1 -1 87  40.37670  42.00000 75728 696
-1 -1 2  41.75940  41.75970 76424 16
-1 -1 2  41.75940  41.75970 76440 16
-1 -1 3  40.00000  41.71310 76456 24
-1 -1 3  40.00000  41.71310 76480 24
-1 -1 3  41.76420  41.77030 76504 24
-1 -1 3  41.76420  41.77030 76528 24
-1 -1 2  41.76780  41.84220 76552 16
-1 -1 3  41.74001  41.76810 76568 24
-1 -1 3  41.74001  41.76780 76592 24
-1 -1 2  41.76780  41.84220 76616 16
-1 -1 6  40.00000  41.75940 76632 48
-1 -1 6  40.00000  41.75940 76680 48
-1 -1 3  41.69920  41.71940 76728 24
-1 -1 3  41.69920  41.71940 76752 24
-1 -1 3  41.71940  41.73830 76776 24
-1 -1 3  41.71940  41.73830 76800 24
-1 -1 30  40.00000  40.64280 76824 240
-1 -1 30  40.00000  40.64280 77064 240
-1 -1 3  40.00000  41.97750 77304 24
-1 -1 3  40.00000  41.97750 77328 24
-1 -1 4  41.99860  42.00000 77352 32
-1 -1 4  41.99860  42.00000 77384 32
-1 -1 3  41.99890  41.99930 77416 24
-1 -1 3  41.99890  41.99930 77440 24
-1 -1 106  40.68280  41.99950 77464 848
-1 -1 105  40.68280  41.99950 78312 840
-1 -1 42  40.00000  40.68470 79152 336
-1 -1 41  40.00000  40.68470 79488 328
-1 -1 2  41.03320  41.35500 79816 16
-1 -1 21  40.48080  40.77290 79832 168
-1 -1 2  41.03320  41.35500 80000 16
-1 -1 20  40.48080  40.77290 80016 160
-1 -1 7  41.01050  42.00000 80176 56
-1 -1 7  41.01050  42.00000 80232 56
-1 -1 6  40.77290  41.03320 80288 48
-1 -1 4  40.49920  40.52330 80336 32
-1 -1 6  40.77290  41.03320 80368 48
-1 -1 4  40.49920  40.52330 80416 32
-1 -1 7  41.32140  42.00000 80448 56
-1 -1 7  41.32140  42.00000 80504 56
-1 -1 21  41.51220  42.00000 80560 168
-1 -1 21  41.51220  42.00000 80728 168
-1 -1 3  39.00650  40.00000 80896 24
-1 -1 3  39.00600  40.00000 80920 24
-1 -1 3  38.00000  39.00650 80944 24
-1 -1 4  38.00000  39.00600 80968 32
-1 -1 3  38.00000  40.00000 81000 24
-1 -1 3  38.00000  40.00000 81024 24
-1 -1 3  38.00000  40.00000 81048 24
-1 -1 3  38.00000  40.00000 81072 24
-1 -1 3  38.00000  40.00000 81096 24
-1 -1 3  38.00000  40.00000 81120 24
-1 -1 2  39.99990  40.00000 81144 16
-1 -1 2  39.99990  40.00000 81160 16
-1 -1 3  39.99980  39.99990 81176 24
-1 -1 3  39.99980  39.99990 81200 24
-1 -1 3  38.00000  39.13330 81224 24
-1 -1 3  38.00000  39.13330 81248 24
-1 -1 79  39.12030  40.00000 81272 632
-1 -1 79  39.12030  40.00000 81904 632
-1 -1 2  39.99969  39.99980 82536 16
-1 -1 2  39.99969  39.99980 82552 16
-1 -1 78  38.00000  40.00000 82568 624
-1 -1 79  38.00000  40.00000 83192 632
-1 -1 4  38.08860  38.10980 83824 32
-1 -1 8  38.00000  38.06190 83856 64
-1 -1 4  38.08890  38.10980 83920 32
-1 -1 7  38.00000  38.06190 83952 56
-1 -1 2  38.00000  38.00020 84008 16
-1 -1 43  38.00000  38.19670 84024 344
-1 -1 2  38.00000  38.00020 84368 16
-1 -1 41  38.00000  38.19670 84384 328
-1 -1 87  38.10980  39.35699 84712 696
-1 -1 7  38.06190  38.09109 85408 56
-1 -1 87  38.10980  39.35699 85464 696
-1 -1 6  38.06190  38.08970 86160 48
-1 -1 2  39.35500  40.00000 86208 16
-1 -1 2  39.35500  40.00000 86224 16
-1 -1 64  38.68860  39.14000 86240 512
-1 -1 65  38.68860  39.14000 86752 520
-1 -1 43  38.00020  38.74720 87272 344
-1 -1 43  38.00020  38.74640 87616 344
-1 -1 2  39.09940  40.00000 87960 16
-1 -1 2  39.09940  40.00000 87976 16
-1 -1 95  38.40310  39.02140 87992 760
-1 -1 95  38.40310  39.02140 88752 760
-1 -1 17  38.00000  38.41720 89512 136
-1 -1 18  38.00000  38.41720 89648 144
-1 -1 93  38.87440  40.00000 89792 744
-1 -1 93  38.87440  40.00000 90536 744
-1 -1 2  38.00000  38.00340 91280 16
-1 -1 2  38.00000  38.00160 91296 16
-1 -1 3  39.72141  40.00000 91312 24
-1 -1 3  39.72141  40.00000 91336 24
-1 -1 80  38.00340  39.45580 91360 640
-1 -1 80  38.00160  39.45580 92000 640
-1 -1 34  39.52530  39.69890 92640 272
-1 -1 35  39.52530  39.69890 92912 280
-1 -1 3  39.72141  39.72150 93192 24
-1 -1 3  39.72141  39.72150 93216 24
-1 -1 46  39.20390  39.72141 93240 368
-1 -1 45  39.20390  39.72141 93608 360
-1 -1 3  39.14470  39.32780 93968 24
-1 -1 3  39.14470  39.32780 93992 24
-1 -1 70  38.00000  38.90780 94016 560
-1 -1 66  38.00000  38.90780 94576 528
-1 -1 84  38.90500  39.61420 95104 672
-1 -1 86  38.90500  39.61420 95776 688
-1 -1 3  39.72150  39.72160 96464 24
-1 -1 3  39.72150  39.72160 96488 24
-1 -1 4  38.79000  38.99471 96512 32
-1 -1 4  38.79000  38.99500 96544 32
-1 -1 2  39.72160  39.72169 96576 16
-1 -1 2  39.72160  39.72169 96592 16
-1 -1 43  39.45641  40.00000 96608 344
-1 -1 42  39.45641  40.00000 96952 336
-1 -1 14  38.45280  39.85420 97288 112
-1 -1 15  38.45280  39.85420 97400 120
-1 -1 2  38.00000  38.03920 97520 16
-1 -1 2  38.00000  38.03920 97536 16
-1 -1 4  37.59290  38.00000 97552 32
-1 -1 3  37.59290  38.00000 97584 24
-1 -1 4  36.08720  37.59290 97608 32
-1 -1 4  36.08720  37.59290 97640 32
-1 -1 2  37.00031  37.00031 97672 16
-1 -1 2  37.00031  37.00031 97688 16
-1 -1 2  36.00000  36.08720 97704 16
-1 -1 2  36.00000  36.08720 97720 16
-1 -1 34  36.00000  38.00000 97736 272
-1 -1 36  36.00000  38.00000 98008 288
-1 -1 3  37.00020  37.00031 98296 24
-1 -1 3  37.00020  37.00031 98320 24
-1 -1 3  37.00020  37.00020 98344 24
-1 -1 3  37.00020  37.00020 98368 24
-1 -1 3  36.00000  38.00000 98392 24
-1 -1 3  36.00000  38.00000 98416 24
-1 -1 3  37.00010  37.00020 98440 24
-1 -1 3  37.00010  37.00020 98464 24
-1 -1 3  37.00000  37.00010 98488 24
-1 -1 3  37.00000  37.00010 98512 24
-1 -1 3  37.00000  37.00000 98536 24
-1 -1 3  37.00000  37.00000 98560 24
-1 -1 3  36.00000  36.50000 98584 24
-1 -1 3  36.99990  37.00000 98608 24
-1 -1 3  36.99990  37.00000 98632 24
-1 -1 2  37.00280  38.00000 98656 16
-1 -1 2  37.00280  38.00000 98672 16
-1 -1 3  36.00000  36.50000 98688 24
-1 -1 2  36.50000  36.99940 98712 16
-1 -1 2  36.50000  36.99940 98728 16
-1 -1 4  36.00000  36.49990 98744 32
-1 -1 3  36.99990  36.99990 98776 24
-1 -1 3  36.99990  36.99990 98800 24
-1 -1 4  36.00000  36.49990 98824 32
-1 -1 3  36.99980  36.99990 98856 24
-1 -1 3  36.99980  36.99990 98880 24
-1 -1 3  36.99980  36.99980 98904 24
-1 -1 3  36.99980  36.99980 98928 24
-1 -1 3  36.99969  38.00000 98952 24
-1 -1 3  36.99969  38.00000 98976 24
-1 -1 3  36.00000  36.50060 99000 24
-1 -1 3  36.49969  36.99969 99024 24
-1 -1 2  36.00000  36.50060 99048 16
-1 -1 2  36.49969  36.99969 99064 16
-1 -1 3  36.50010  36.50040 99080 24
-1 -1 3  36.49969  36.49969 99104 24
-1 -1 4  37.96170  38.00000 99128 32
-1 -1 4  37.96170  38.00000 99160 32
-1 -1 30  36.00000  36.50010 99192 240
-1 -1 30  36.00000  36.49969 99432 240
-1 -1 158  36.00000  37.96170 99672 1264
-1 -1 159  36.00000  37.96170 100936 1272
-1 -1 8  36.49860  36.69060 102208 64
-1 -1 8  36.49860  36.69060 102272 64
-1 -1 62  36.98280  37.81219 102336 496
-1 -1 62  36.98280  37.81219 102832 496
-1 -1 21  37.80500  38.00000 103328 168
-1 -1 21  37.80500  38.00000 103496 168
-1 -1 2  36.50080  36.50140 103664 16
-1 -1 2  36.50080  36.50140 103680 16
-1 -1 11  36.63840  36.68490 103696 88
-1 -1 11  36.63840  36.68490 103784 88
-1 -1 8  37.96360  38.00000 103872 64
-1 -1 96  37.77750  38.00000 103936 768
-1 -1 8  37.96360  38.00000 104704 64
-1 -1 96  37.77750  38.00000 104768 768
-1 -1 9  36.59860  36.63840 105536 72
-1 -1 9  36.59870  36.63840 105608 72
-1 -1 33  37.53920  38.00000 105680 264
-1 -1 8  36.58250  36.60609 105944 64
-1 -1 8  36.58250  36.60609 106008 64
-1 -1 23  36.00000  36.17700 106072 184
-1 -1 8  36.00000  36.06310 106256 64
-1 -1 23  36.00000  36.17700 106320 184
-1 -1 9  36.00000  36.06310 106504 72
-1 -1 33  37.53920  38.00000 106576 264
-1 -1 40  36.60250  37.51520 106840 320
-1 -1 40  36.60250  37.51600 107160 320
-1 -1 99  37.20450  38.00000 107480 792
-1 -1 10  36.54970  36.61810 108272 80
-1 -1 10  36.54970  36.61810 108352 80
-1 -1 97  37.20450  38.00000 108432 776
-1 -1 18  36.17700  36.61050 109208 144
-1 -1 18  36.17700  36.61050 109352 144
-1 -1 4  37.51520  37.54860 109496 32
-1 -1 2  37.51600  37.53951 109528 16
-1 -1 3  36.54960  36.54970 109544 24
-1 -1 3  36.54960  36.54970 109568 24
-1 -1 3  36.54940  36.54960 109592 24
-1 -1 3  36.54940  36.54960 109616 24
-1 -1 10  37.89810  38.00000 109640 80
-1 -1 11  37.89810  38.00000 109720 88
-1 -1 4  37.95530  37.96220 109808 32
-1 -1 4  37.95530  37.96220 109840 32
-1 -1 2  36.54940  36.54940 109872 16
-1 -1 2  36.54940  36.54940 109888 16
-1 -1 10  37.91560  38.00000 109904 80
-1 -1 10  37.91560  38.00000 109984 80
-1 -1 4  34.99561  36.00000 110064 32
-1 -1 4  34.99610  36.00000 110096 32
-1 -1 28  35.34030  36.00000 110128 224
-1 -1 28  35.34030  36.00000 110352 224
-1 -1 38  34.00000  34.74140 110576 304
-1 -1 39  34.00000  34.74140 110880 312
-1 -1 25  34.81060  35.34109 111192 200
-1 -1 28  34.81060  35.34109 111392 224
-1 -1 4  34.73640  34.80811 111616 32
-1 -1 4  34.73640  34.80811 111648 32
-1 -1 3  34.00000  36.00000 111680 24
-1 -1 3  34.00000  36.00000 111704 24
-1 -1 3  34.00000  36.00000 111728 24
-1 -1 3  34.00000  36.00000 111752 24
-1 -1 3  34.58030  36.00000 111776 24
-1 -1 2  34.58080  36.00000 111800 16
-1 -1 2  34.58080  34.58110 111816 16
-1 -1 80  34.00000  34.58030 111832 640
-1 -1 80  34.00000  34.57970 112472 640
-1 -1 2  34.57970  34.58080 113112 16
-1 -1 4  34.00000  36.00000 113128 32
-1 -1 4  34.00000  36.00000 113160 32
-1 -1 195  34.00000  35.56110 113192 1560
-1 -1 8  34.00000  34.01690 114752 64
-1 -1 196  34.00000  35.56110 114816 1568
-1 -1 8  34.00000  34.01690 116384 64
-1 -1 3  35.98560  36.00000 116448 24
-1 -1 3  35.98560  36.00000 116472 24
-1 -1 2  35.00170  35.00180 116496 16
-1 -1 2  35.00170  35.00180 116512 16
-1 -1 56  35.53690  36.00000 116528 448
-1 -1 53  35.53690  36.00000 116976 424
-1 -1 2  35.99400  36.00000 117400 16
-1 -1 10  34.00000  35.02361 117416 80
-1 -1 10  34.00000  35.02361 117496 80
-1 -1 2  35.99400  36.00000 117576 16
-1 -1 3  35.00180  35.00250 117592 24
-1 -1 3  35.00180  35.00250 117616 24
-1 -1 3  35.00220  35.02130 117640 24
-1 -1 3  35.00220  35.02130 117664 24
-1 -1 2  34.99940  34.99960 117688 16
-1 -1 2  34.99940  34.99960 117704 16
-1 -1 23  34.98610  35.43500 117720 184
-1 -1 23  34.98610  35.43500 117904 184
-1 -1 2  34.00000  34.99920 118088 16
-1 -1 2  34.00000  34.99920 118104 16
-1 -1 3  34.98610  34.99720 118120 24
-1 -1 3  34.98610  34.99720 118144 24
-1 -1 3  34.99960  35.00000 118168 24
-1 -1 3  34.99960  35.00000 118192 24
-1 -1 9  35.96111  36.00000 118216 72
-1 -1 58  35.43500  36.00000 118288 464
-1 -1 9  35.96111  36.00000 118752 72
-1 -1 58  35.43500  36.00000 118824 464
-1 -1 29  35.00031  35.22079 119288 232
-1 -1 31  35.00031  35.22079 119520 248
-1 -1 41  34.35609  35.00000 119768 328
-1 -1 40  34.35609  35.00000 120096 320
-1 -1 14  34.00000  34.35830 120416 112
-1 -1 14  34.00000  34.35830 120528 112
-1 -1 14  34.81250  35.19600 120640 112
-1 -1 14  34.81250  35.19580 120752 112
-1 -1 4  34.00000  34.81250 120864 32
-1 -1 4  34.00000  34.81250 120896 32
-1 -1 82  32.71810  34.00000 120928 656
-1 -1 84  32.71810  34.00000 121584 672
-1 -1 16  32.25390  32.50810 122256 128
-1 -1 7  32.00000  32.25170 122384 56
-1 -1 3  32.00000  34.00000 122440 24
-1 -1 3  32.00000  34.00000 122464 24
-1 -1 3  32.00000  32.00050 122488 24
-1 -1 3  32.00000  32.00050 122512 24
-1 -1 3  32.00020  32.00050 122536 24
-1 -1 3  32.00020  32.00050 122560 24
-1 -1 3  33.00110  34.00000 122584 24
-1 -1 3  33.00110  34.00000 122608 24
-1 -1 2  32.00000  32.00020 122632 16
-1 -1 2  32.00000  32.99940 122648 16
-1 -1 2  32.00000  32.99940 122664 16
-1 -1 2  32.00000  32.00020 122680 16
-1 -1 2  33.99969  34.00000 122696 16
-1 -1 2  33.99969  34.00000 122712 16
-1 -1 133  33.69830  33.99969 122728 1064
-1 -1 136  33.69830  33.99969 123792 1088
-1 -1 125  33.55330  33.96470 124880 1000
-1 -1 125  33.55330  33.96470 125880 1000
-1 -1 2  33.64750  34.00000 126880 16
-1 -1 2  32.00000  33.54970 126896 16
-1 -1 2  32.00000  33.54970 126912 16
-1 -1 2  33.64750  34.00000 126928 16
-1 -1 2  33.01170  33.01170 126944 16
-1 -1 2  33.01170  33.01170 126960 16
-1 -1 3  33.01170  33.01210 126976 24
-1 -1 3  33.01170  33.01210 127000 24
-1 -1 8  33.96330  34.00000 127024 64
-1 -1 245  32.00000  34.00000 127088 1960
-1 -1 8  33.96330  34.00000 129048 64
-1 -1 246  32.00000  34.00000 129112 1968
-1 -1 2  33.01210  33.01220 131080 16
-1 -1 2  33.01210  33.01220 131096 16
-1 -1 3  32.00000  34.00000 131112 24
-1 -1 3  32.00000  34.00000 131136 24
-1 -1 55  32.05360  34.00000 131160 440
-1 -1 55  32.05360  34.00000 131600 440
-1 -1 5  32.00000  32.05580 132040 40
-1 -1 5  32.00000  32.05580 132080 40
-1 -1 10  33.51210  33.65640 132120 80
-1 -1 10  33.51210  33.65640 132200 80
-1 -1 13  33.65891  34.00000 132280 104
-1 -1 13  33.65891  34.00000 132384 104
-1 -1 107  32.02890  33.51210 132488 856
-1 -1 107  32.02890  33.51210 133344 856
-1 -1 2  33.85860  34.00000 134200 16
-1 -1 2  33.85860  34.00000 134216 16
-1 -1 2  31.96500  32.00000 134232 16
-1 -1 2  31.33330  32.00000 134248 16
-1 -1 2  31.33330  32.00000 134264 16
-1 -1 7  30.00000  31.33360 134280 56
-1 -1 13  31.78300  32.00000 134336 104
-1 -1 13  31.78300  32.00000 134440 104
-1 -1 5  31.96430  32.00000 134544 40
-1 -1 5  31.96430  32.00000 134584 40
-1 -1 112  30.00000  31.96430 134624 896
-1 -1 111  30.00000  31.96430 135520 888
-1 -1 94  30.99970  32.00000 136408 752
-1 -1 94  30.99970  32.00000 137160 752
-1 -1 46  30.18700  31.00080 137912 368
-1 -1 46  30.18700  31.00080 138280 368
-1 -1 3  30.39030  32.00000 138648 24
-1 -1 3  30.39030  32.00000 138672 24
-1 -1 47  30.27530  30.99960 138696 376
-1 -1 47  30.27530  30.99960 139072 376
-1 -1 11  30.67360  30.92050 139448 88
-1 -1 11  30.67360  30.92050 139536 88
-1 -1 2  30.99960  30.99970 139624 16
-1 -1 2  30.99960  30.99970 139640 16
-1 -1 34  30.91780  31.62720 139656 272
-1 -1 35  30.91780  31.62720 139928 280
-1 -1 9  31.62890  32.00000 140208 72
-1 -1 11  31.62890  32.00000 140280 88
-1 -1 30  30.36190  30.78920 140368 240
-1 -1 32  30.36190  30.78920 140608 256
-1 -1 34  30.70530  30.82390 140864 272
-1 -1 34  30.70530  30.82390 141136 272
-1 -1 2  28.00030  28.00160 141408 16
-1 -1 3  28.00000  28.00250 141424 24
-1 -1 20  28.00000  30.00000 141448 160
-1 -1 2  28.00000  28.99390 141608 16
-1 -1 13  29.70690  30.00000 141624 104
-1 -1 13  29.70690  30.00000 141728 104
-1 -1 2  27.99950  28.00000 141832 16
-1 -1 20  26.81370  27.06140 141848 160
-1 -1 38  26.26310  28.00000 142008 304
-1 -1 12  26.00000  26.81370 142312 96
-1 -1 36  26.00000  26.83860 142408 288
-1 -1 48  26.35030  26.82010 142696 384
-1 -1 17  26.00000  26.74880 143080 136
-1 -1 3  26.66690  28.00000 143216 24
-1 -1 50  26.00000  27.79420 143240 400
-1 -1 3  27.63530  27.77140 143640 24
-1 -1 11  26.00000  26.05830 143664 88
-1 -1 69  26.00000  27.66750 143752 552
-1 -1 57  24.20710  26.00000 144304 456
-1 -1 4  25.61170  26.00000 144760 32
-1 -1 8  24.00000  24.20710 144792 64
-1 -1 46  24.69670  26.00000 144856 368
-1 -1 14  24.00000  25.15560 145224 112
-1 -1 4  24.69640  25.07390 145336 32
-1 -1 107  24.00000  26.00000 145368 856
-1 -1 55  24.00000  25.08020 146224 440
-1 -1 53  24.00000  26.00000 146664 424
-1 -1 5  25.99300  26.00000 147088 40
-1 -1 3  22.70700  22.76470 147128 24
-1 -1 3  22.56240  22.64600 147152 24
-1 -1 9  22.26610  22.35430 147176 72
-1 -1 56  22.46700  24.00000 147248 448
-1 -1 19  22.31810  23.53760 147696 152
-1 -1 40  22.00000  23.06860 147848 320
-1 -1 30  22.67680  23.41410 148168 240
-1 -1 78  22.00000  22.76350 148408 624
-1 -1 3  22.64600  22.70700 149032 24
-1 -1 4  22.35430  22.56240 149056 32
-1 -1 21  23.53760  24.00000 149088 168
-1 -1 52  22.00000  22.46360 149256 416
-1 -1 21  23.41410  24.00000 149672 168
-1 -1 31  22.00000  22.67680 149840 248
-1 -1 6  22.79260  22.87130 150088 48
-1 -1 14  23.10540  23.41250 150136 112
-1 -1 6  22.00000  22.02280 150248 48
-1 -1 30  23.19440  24.00000 150296 240
-1 -1 7  22.01250  22.13420 150536 56
-1 -1 51  22.00000  22.79260 150592 408
-1 -1 8  22.87130  23.10540 151000 64
-1 -1 24  23.37250  24.00000 151064 192
-1 -1 39  22.35500  22.47140 151256 312
-1 -1 18  22.21390  22.35500 151568 144
-1 -1 22  21.39810  22.00000 151712 176
-1 -1 60  20.70000  21.25550 151888 480
-1 -1 8  20.63310  20.92320 152368 64
-1 -1 7  20.38860  20.56070 152432 56
-1 -1 98  21.05440  22.00000 152488 784
-1 -1 6  20.32910  20.38470 153272 48
-1 -1 54  20.00000  20.40130 153320 432
-1 -1 10  21.25550  21.39810 153752 80
-1 -1 10  21.72560  22.00000 153832 80
-1 -1 30  20.92320  22.00000 153912 240
-1 -1 7  20.56070  20.63310 154152 56
-1 -1 47  20.00000  21.18670 154208 376
-1 -1 2  21.85470  22.00000 154584 16
-1 -1 6  21.86980  22.00000 154600 48
-1 -1 9  20.00000  20.20360 154648 72
-1 -1 67  20.00000  20.37220 154720 536
-1 -1 4  20.38470  20.40310 155256 32
-1 -1 5  20.00000  20.08780 155288 40
-1 -1 46  21.50470  21.86140 155328 368
-1 -1 3  20.43050  20.48370 155696 24
-1 -1 62  21.40170  22.00000 155720 496
-1 -1 14  21.17420  21.41390 156216 112
-1 -1 141  20.00000  21.40060 156328 1128
-1 -1 25  20.00000  20.27080 157456 200
-1 -1 10  20.00000  20.04190 157656 80
-1 -1 40  21.15920  21.64390 157736 320
-1 -1 26  20.27190  21.14640 158056 208
-1 -1 18  21.11250  21.18170 158264 144
-1 -1 70  20.00000  20.80500 158408 560
-1 -1 9  20.44310  20.86450 158968 72
-1 -1 2  20.00000  20.45530 159040 16
-1 -1 3  20.00000  20.51430 159056 24
-1 -1 4  20.51430  21.49530 159080 32
-1 -1 31  19.14920  19.51830 159112 248
-1 -1 85  18.95500  20.00000 159360 680
-1 -1 27  18.96610  19.48030 160040 216
-1 -1 28  18.68690  18.97610 160256 224
-1 -1 12  18.00000  18.20390 160480 96
-1 -1 61  18.38970  20.00000 160576 488
-1 -1 15  19.90140  20.00000 161064 120
-1 -1 134  18.23920  18.85970 161184 1072
-1 -1 2  19.94250  20.00000 162256 16
-1 -1 10  18.20220  18.26140 162272 80
-1 -1 7  18.00000  18.02610 162352 56
-1 -1 48  18.00000  18.76500 162408 384
-1 -1 5  19.67170  20.00000 162792 40
-1 -1 10  19.61610  19.69560 162832 80
-1 -1 52  19.08940  19.71390 162912 416
-1 -1 27  19.77190  20.00000 163328 216
-1 -1 29  19.58690  20.00000 163544 232
-1 -1 71  18.66940  19.54080 163776 568
-1 -1 48  18.37080  19.47700 164344 384
-1 -1 11  19.06140  19.14580 164728 88
-1 -1 96  18.00000  20.00000 164816 768
-1 -1 25  18.00000  18.34060 165584 200
-1 -1 3  18.00000  18.03280 165784 24
-1 -1 33  18.13940  18.68110 165808 264
-1 -1 50  19.15440  19.62970 166072 400
-1 -1 15  18.00000  18.20750 166472 120
-1 -1 12  18.00000  18.16140 166592 96
-1 -1 15  18.05370  18.65530 166688 120
-1 -1 15  18.00000  18.10310 166808 120
-1 -1 5  18.00000  18.05370 166928 40
-1 -1 3  18.00000  20.00000 166968 24
-1 -1 2  19.65190  20.00000 166992 16
-1 -1 4  18.00000  18.23580 167008 32
-1 -1 4  18.40120  18.43580 167040 32
-1 -1 7  18.28860  18.33860 167072 56
-1 -1 26  18.05670  18.24140 167128 208
-1 -1 24  18.00000  18.07390 167336 192
-1 -1 10  18.00000  18.46970 167528 80
-1 -1 21  18.14860  18.40640 167608 168
-1 -1 23  18.00000  18.16940 167776 184
-1 -1 14  18.19500  18.40120 167960 112
-1 -1 6  18.00000  18.18550 168072 48
-1 -1 10  18.07420  18.26580 168120 80
-1 -1 2  18.29670  18.30000 168200 16
-1 -1 3  18.00000  18.22110 168216 24
-1 -1 3  19.89250  19.96550 168240 24
-1 -1 5  19.90110  19.96330 168264 40
-1 -1 3  17.92170  18.00000 168304 24
-1 -1 65  16.31970  18.00000 168328 520
-1 -1 6  17.89280  18.00000 168848 48
-1 -1 7  17.97780  18.00000 168896 56
-1 -1 11  17.92500  18.00000 168952 88
-1 -1 13  17.83640  18.00000 169040 104
-1 -1 62  17.15840  18.00000 169144 496
-1 -1 21  16.04280  16.82600 169640 168
-1 -1 80  17.36170  17.99140 169808 640
-1 -1 6  17.15000  17.37860 170448 48
-1 -1 6  16.82600  17.15000 170496 48
-1 -1 2  16.00000  16.07500 170544 16
-1 -1 19  16.00000  16.04030 170560 152
-1 -1 4  16.00000  16.00470 170712 32
-1 -1 3  16.00000  16.00560 170744 24
-1 -1 17  16.00000  16.07530 170768 136
-1 -1 58  17.25690  17.91170 170904 464
-1 -1 5  16.00000  16.08550 171368 40
-1 -1 5  16.00000  16.01470 171408 40
-1 -1 4  17.81970  18.00000 171448 32
-1 -1 5  17.95080  18.00000 171480 40
-1 -1 3  16.00000  16.00110 171520 24
-1 -1 4  16.00000  16.01560 171544 32
-1 -1 58  16.41440  17.10550 171576 464
-1 -1 32  17.10440  17.50190 172040 256
-1 -1 17  17.46530  17.96250 172296 136
-1 -1 2  17.81950  18.00000 172432 16
-1 -1 21  16.52390  16.70000 172448 168
-1 -1 2  17.96080  18.00000 172616 16
-1 -1 6  17.98610  18.00000 172632 48
-1 -1 9  17.92970  18.00000 172680 72
-1 -1 11  17.85080  18.00000 172752 88
-1 -1 2  17.98250  18.00000 172840 16
-1 -1 7  17.87890  18.00000 172856 56
-1 -1 2  17.85830  18.00000 172912 16
-1 -1 15  14.53140  14.71310 172928 120
-1 -1 12  14.48640  14.53890 173048 96
-1 -1 6  15.27500  15.43800 173144 48
-1 -1 134  14.80670  16.00000 173192 1072
-1 -1 141  14.25580  16.00000 174264 1128
-1 -1 3  15.99610  16.00000 175392 24
-1 -1 4  15.99830  16.00000 175416 32
-1 -1 82  14.00000  14.51890 175448 656
-1 -1 6  14.00000  14.02170 176104 48
-1 -1 58  14.12450  14.74060 176152 464
-1 -1 4  15.99670  16.00000 176616 32
-1 -1 4  15.99670  16.00000 176648 32
-1 -1 62  14.04390  14.49030 176680 496
-1 -1 39  14.71310  15.21110 177176 312
-1 -1 35  14.51030  14.74030 177488 280
-1 -1 20  15.20530  15.29750 177768 160
-1 -1 30  14.73970  15.26500 177928 240
-1 -1 31  14.40360  14.77720 178168 248
-1 -1 28  14.51470  14.89030 178416 224
-1 -1 14  15.20970  15.36470 178640 112
-1 -1 2  14.43330  14.43450 178752 16
-1 -1 17  14.53080  14.82580 178768 136
-1 -1 7  14.67420  14.79070 178904 56
-1 -1 12  14.81810  14.91060 178960 96
-1 -1 37  15.07360  15.30390 179056 296
-1 -1 79  14.21860  14.94360 179352 632
-1 -1 21  14.00000  14.23870 179984 168
-1 -1 58  14.00000  14.77580 180152 464
-1 -1 2  15.99970  16.00000 180616 16
-1 -1 5  15.99280  16.00000 180632 40
-1 -1 58  15.84000  16.00000 180672 464
-1 -1 63  14.00000  14.40420 181136 504
-1 -1 38  14.41920  15.16030 181640 304
-1 -1 34  14.92220  15.53690 181944 272
-1 -1 3  14.00000  14.04780 182216 24
-1 -1 34  15.18000  15.86080 182240 272
-1 -1 6  15.15670  15.28780 182512 48
-1 -1 4  14.00000  14.04140 182560 32
-1 -1 23  14.50470  14.73000 182592 184
-1 -1 23  14.92030  15.29530 182776 184
-1 -1 5  14.00000  14.06700 182960 40
-1 -1 19  14.77860  14.95080 183000 152
-1 -1 4  14.62920  14.63530 183152 32
-1 -1 15  14.43310  14.57750 183184 120
-1 -1 8  14.79070  14.87720 183304 64
-1 -1 2  14.00000  14.03250 183368 16
-1 -1 3  14.00000  14.00140 183384 24
-1 -1 4  14.00000  14.01420 183408 32
-1 -1 239  14.00000  15.91780 183440 1912
-1 -1 44  14.00000  15.00940 185352 352
-1 -1 54  14.06420  14.41080 185704 432
-1 -1 49  15.43640  15.71530 186136 392
-1 -1 2  14.77580  14.78920 186528 16
-1 -1 50  14.76420  15.41190 186544 400
-1 -1 30  15.37500  15.77080 186944 240
-1 -1 21  14.18080  14.39060 187184 168
-1 -1 12  14.41170  14.63000 187352 96
-1 -1 17  14.81470  15.01610 187448 136
-1 -1 16  14.00000  14.59890 187584 128
-1 -1 7  15.07640  15.62800 187712 56
-1 -1 6  14.04420  14.18750 187768 48
-1 -1 3  14.74170  15.99110 187816 24
-1 -1 2  13.93110  14.00000 187840 16
-1 -1 7  13.97450  14.00000 187856 56
-1 -1 10  13.80080  14.00000 187912 80
-1 -1 2  13.98750  14.00000 187992 16
-1 -1 5  13.97000  14.00000 188008 40
-1 -1 14  13.94030  14.00000 188048 112
-1 -1 50  13.16670  13.69530 188160 400
-1 -1 46  13.41220  14.00000 188560 368
-1 -1 41  13.25220  13.86420 188928 328
-1 -1 21  13.16670  13.55720 189256 168
-1 -1 41  13.51450  13.90830 189424 328
-1 -1 38  13.53890  13.90500 189752 304
-1 -1 23  13.66420  14.00000 190056 184
-1 -1 29  13.25800  13.66250 190240 232
-1 -1 29  13.64190  13.94310 190472 232
-1 -1 22  13.70610  14.00000 190704 176
-1 -1 25  13.74390  13.81390 190880 200
-1 -1 16  13.77580  14.00000 191080 128
-1 -1 12  13.48920  13.63780 191208 96
-1 -1 2  13.99330  14.00000 191304 16
-1 -1 3  13.99920  14.00000 191320 24
-1 -1 5  13.81470  14.00000 191344 40
-1 -1 64  13.49970  14.00000 191384 512
-1 -1 9  12.63860  12.98520 191896 72
-1 -1 17  12.47500  12.63750 191968 136
-1 -1 23  12.96750  13.50970 192104 184
-1 -1 30  12.45830  13.20670 192288 240
-1 -1 9  12.00000  12.18060 192528 72
-1 -1 12  13.55720  13.89580 192600 96
-1 -1 31  13.37390  13.75580 192696 248
-1 -1 35  13.45220  13.62610 192944 280
-1 -1 14  13.20610  13.44550 193224 112
-1 -1 3  12.14270  12.15280 193336 24
-1 -1 2  12.00000  12.01330 193360 16
-1 -1 15  12.90170  13.08310 193376 120
-1 -1 19  13.67560  13.85360 193496 152
-1 -1 15  12.00080  12.30640 193648 120
-1 -1 27  12.98520  14.00000 193768 216
-1 -1 77  12.00000  12.79550 193984 616
-1 -1 39  13.46110  13.82810 194600 312
-1 -1 31  12.04970  12.37700 194912 248
-1 -1 2  12.18060  12.31330 195160 16
-1 -1 32  12.77860  13.34060 195176 256
-1 -1 6  12.01330  12.14270 195432 48
-1 -1 14  12.11800  12.54970 195480 112
-1 -1 11  11.76390  12.00000 195592 88
-1 -1 11  11.51890  12.00000 195680 88
-1 -1 8  11.60170  11.68030 195768 64
-1 -1 5  11.85640  11.94920 195832 40
-1 -1 10  10.00000  10.16030 195872 80
-1 -1 73  10.00000  10.33250 195952 584
-1 -1 4  11.86610  12.00000 196536 32
-1 -1 35  11.08580  11.86830 196568 280
-1 -1 47  10.31280  11.06440 196848 376
-1 -1 4  10.00000  10.78390 197224 32
-1 -1 14  11.66080  11.72280 197256 112
-1 -1 4  11.04000  11.10140 197368 32
-1 -1 7  10.16030  10.19920 197400 56
-1 -1 46  10.00000  10.77000 197456 368
-1 -1 2  10.00000  10.13890 197824 16
-1 -1 24  10.94280  11.11690 197840 192
-1 -1 50  10.00000  11.12530 198032 400
-1 -1 9  10.00000  10.23230 198432 72
-1 -1 21  10.00000  10.15080 198504 168
-1 -1 26  10.25940  10.80890 198672 208
-1 -1 52  10.00000  11.62420 198880 416
-1 -1 54  10.23230  11.27000 199296 432
-1 -1 43  10.40780  10.91800 199728 344
-1 -1 9  11.62420  11.85610 200072 72
-1 -1 20  10.51830  10.67040 200144 160
-1 -1 11  10.00000  10.30920 200304 88
-1 -1 36  10.44080  10.98920 200392 288
-1 -1 25  10.30830  10.52610 200680 200
-1 -1 7  10.00000  10.03780 200880 56
-1 -1 16  10.01030  10.32250 200936 128
-1 -1 5  10.00000  10.00970 201064 40
-1 -1 106  10.00000  10.76690 201104 848
-1 -1 7  10.00000  10.01280 201952 56
-1 -1 17  10.00000  10.13110 202008 136
-1 -1 41  10.00000  10.76080 202144 328
-1 -1 9  10.58970  10.73250 202472 72
-1 -1 3  10.00000  10.00280 202544 24
-1 -1 31  10.00000  10.46330 202568 248
-1 -1 7  10.00000  10.02030 202816 56
-1 -1 7  10.00000  10.01720 202872 56
-1 -1 52  10.00000  10.53500 202928 416
-1 -1 54  10.39250  10.62470 203344 432
-1 -1 10  10.00000  10.14000 203776 80
-1 -1 8  10.00000  10.06470 203856 64
-1 -1 31  10.06920  10.25170 203920 248
-1 -1 3  10.06110  10.07970 204168 24
-1 -1 91  10.03390  10.32060 204192 728
-1 -1 5  10.08250  10.11580 204920 40
-1 -1 93   9.42974  10.00000 204960 744
-1 -1 18   9.75473   9.92956 205704 144
-1 -1 17   9.82388  10.00000 205848 136
-1 -1 34   9.73056  10.00000 205984 272
-1 -1 4   9.95694  10.00000 206256 32
-1 -1 56   9.06557   9.42974 206288 448
-1 -1 35   9.46835   9.77084 206736 280
-1 -1 9   9.92956  10.00000 207016 72
-1 -1 51   9.06499  10.00000 207088 408
-1 -1 40   8.62055   8.91057 207496 320
-1 -1 122   8.09027   9.03279 207816 976
-1 -1 9   8.94084   8.98500 208792 72
-1 -1 34   8.52888   8.65196 208864 272
-1 -1 72   8.00000   8.78389 209136 576
-1 -1 18   8.00000   8.13501 209712 144
-1 -1 22   8.62055   8.87611 209856 176
-1 -1 52   8.34693   9.08693 210032 416
-1 -1 89   9.08724   9.54168 210448 712
-1 -1 82   8.96361   9.48473 211160 656
-1 -1 8   8.00000   8.13361 211816 64
-1 -1 36   8.00000   8.90611 211880 288
-1 -1 36   8.54972   9.07527 212168 288
-1 -1 90   8.00000   9.42028 212456 720
-1 -1 93   8.99434  10.00000 213176 744
-1 -1 6   9.36815   9.40838 213920 48
-1 -1 12   9.44176   9.58416 213968 96
-1 -1 3   9.97433  10.00000 214064 24
-1 -1 89   8.19165  10.00000 214088 712
-1 -1 14   8.00000   8.19443 214800 112
-1 -1 104   8.00000  10.00000 214912 832
-1 -1 17   8.00000   8.15082 215744 136
-1 -1 52   8.00000   9.17278 215880 416
-1 -1 45   8.14890   8.99434 216296 360
-1 -1 16   8.97612   9.36815 216656 128
-1 -1 6   9.40838   9.44176 216784 48
-1 -1 30   9.56445   9.97433 216832 240
-1 -1 37   8.38721   8.54472 217072 296
-1 -1 45   9.43029   9.84973 217368 360
-1 -1 35   8.84425   9.42971 217728 280
-1 -1 44   8.00000   8.61140 218008 352
-1 -1 61   8.00000   8.95418 218360 488
-1 -1 24   8.52616   8.96556 218848 192
-1 -1 36   9.59750  10.00000 219040 288
-1 -1 51   8.95473   9.35445 219328 408
-1 -1 18   9.83416  10.00000 219736 144
-1 -1 8   9.89334  10.00000 219880 64
-1 -1 19   8.92500   9.17333 219944 152
-1 -1 7   9.09776   9.20888 220096 56
-1 -1 7   9.13222   9.29195 220152 56
-1 -1 17   8.00000   8.07501 220208 136
-1 -1 7   8.00000   8.04938 220344 56
-1 -1 7   9.85724  10.00000 220400 56
-1 -1 19   9.87332  10.00000 220456 152
-1 -1 82   9.39501   9.84695 220608 656
-1 -1 72   8.11167   8.84425 221264 576
-1 -1 64   8.93028  10.00000 221840 512
-1 -1 17   9.89334  10.00000 222352 136
-1 -1 13   9.85223  10.00000 222488 104
-1 -1 5   9.83929   9.86447 222592 40
-1 -1 61   8.48789   9.36916 222632 488
-1 -1 6   8.70527   8.79326 223120 48
-1 -1 4   8.67167   8.69822 223168 32
-1 -1 5   8.57646   8.64634 223200 40
-1 -1 4   8.53278   8.54905 223240 32
-1 -1 2   9.98999  10.00000 223272 16
-1 -1 12   9.53777   9.69946 223288 96
-1 -1 12   8.00000   8.05444 223384 96
-1 -1 103   9.23055  10.00000 223480 824
-1 -1 5   9.86447   9.89111 224304 40
-1 -1 8   9.81860   9.83929 224344 64
-1 -1 19   9.93744  10.00000 224408 152
-1 -1 14   9.96500  10.00000 224560 112
-1 -1 4   9.99750  10.00000 224672 32
-1 -1 58   8.00000   8.48789 224704 464
-1 -1 85   8.79326   9.95557 225168 680
-1 -1 3   8.69822   8.70527 225848 24
-1 -1 5   8.64634   8.67167 225872 40
-1 -1 4   8.54905   8.57646 225912 32
-1 -1 5   8.00000   8.00723 225944 40
-1 -1 11   8.00000   8.07556 225984 88
-1 -1 112   8.00000   9.95279 226072 896
-1 -1 19   9.92749  10.00000 226968 152
-1 -1 7   9.93140  10.00000 227120 56
-1 -1 75   8.00000   8.87858 227176 600
-1 -1 65   8.87471   9.99805 227776 520
-1 -1 92   8.38083   9.93869 228296 736
-1 -1 3   8.30292   8.44916 229032 24
-1 -1 3   8.87858   8.89802 229056 24
-1 -1 9   8.00000   8.30292 229080 72
-1 -1 3   7.97833   8.00000 229152 24
-1 -1 54   7.23110   8.00000 229176 432
-1 -1 37   7.51943   8.00000 229608 296
-1 -1 199   6.00000   8.00000 229904 1592
-1 -1 25   7.48360   8.00000 231496 200
-1 -1 43   6.00000   6.93349 231696 344
-1 -1 30   7.23806   8.00000 232040 240
-1 -1 18   6.00000   6.27167 232280 144
-1 -1 54   7.00417   8.00000 232424 432
-1 -1 48   7.02043   8.00000 232856 384
-1 -1 45   6.93349   8.00000 233240 360
-1 -1 31   7.69528   8.00000 233600 248
-1 -1 48   6.00000   7.06056 233848 384
-1 -1 14   6.00000   6.13999 234232 112
-1 -1 20   6.08276   6.34110 234344 160
-1 -1 16   7.36306   7.45110 234504 128
-1 -1 79   7.01723   7.70388 234632 632
-1 -1 4   7.20470   7.22832 235264 32
-1 -1 19   6.34055   6.83973 235296 152
-1 -1 123   6.82744   7.10750 235448 984
-1 -1 88   7.28389   7.75271 236432 704
-1 -1 154   6.14749   6.29944 237136 1232
-1 -1 70   7.36419   8.00000 238368 560
-1 -1 18   7.68389   8.00000 238928 144
-1 -1 8   6.83973   7.01054 239072 64
-1 -1 50   6.08276   6.82744 239136 400
-1 -1 13   6.00000   6.11862 239536 104
-1 -1 22   7.75082   8.00000 239640 176
-1 -1 43   7.90167   8.00000 239816 344
-1 -1 10   6.03528   6.14835 240160 80
-1 -1 113   6.19306   7.68814 240240 904
-1 -1 16   6.00000   6.19165 241144 128
-1 -1 85   7.65444   8.00000 241272 680
-1 -1 11   7.95557   8.00000 241952 88
-1 -1 60   7.66723   8.00000 242040 480
-1 -1 5   7.98862   8.00000 242520 40
-1 -1 5   7.95425   8.00000 242560 40
-1 -1 17   6.00000   6.14749 242600 136
-1 -1 10   7.87860   8.00000 242736 80
-1 -1 5   7.95221   8.00000 242816 40
-1 -1 18   7.06639   7.15749 242856 144
-1 -1 33   7.74804   8.00000 243000 264
-1 -1 9   6.00000   6.26584 243264 72
-1 -1 54   6.94862   7.68057 243336 432
-1 -1 88   6.26749   7.04778 243768 704
-1 -1 34   6.00000   6.52610 244472 272
-1 -1 54   6.76139   7.13027 244744 432
-1 -1 10   6.52833   6.81221 245176 80
-1 -1 14   6.00000   6.23111 245256 112
-1 -1 28   6.00000   6.54472 245368 224
-1 -1 16   5.50222   6.00000 245592 128
-1 -1 24   4.00000   4.25861 245720 192
-1 -1 49   4.00000   4.98418 245912 392
-1 -1 22   4.98222   5.50167 246304 176
-1 -1 9   4.00000   4.10767 246480 72
-1 -1 150   4.00000   6.00000 246552 1200
-1 -1 49   5.36138   5.82583 247752 392
-1 -1 46   4.00000   4.87630 248144 368
-1 -1 18   5.78143   6.00000 248512 144
-1 -1 98   4.81444   5.72750 248656 784
-1 -1 50   4.00000   4.82444 249440 400
-1 -1 3   4.63584   4.65834 249840 24
-1 -1 17   4.01529   4.55882 249864 136
-1 -1 58   4.08112   5.31167 250000 464
-1 -1 47   5.46389   5.77639 250464 376
-1 -1 7   5.42055   5.50030 250840 56
-1 -1 13   4.67527   4.72834 250896 104
-1 -1 47   4.10501   4.71278 251000 376
-1 -1 150   4.29139   5.56500 251376 1200
-1 -1 32   5.76611   6.00000 252576 256
-1 -1 21   5.69277   6.00000 252832 168
-1 -1 7   4.65834   4.80247 253000 56
-1 -1 5   4.55882   4.63584 253056 40
-1 -1 63   4.40739   5.76031 253096 504
-1 -1 2   4.00000   4.89888 253600 16
-1 -1 11   5.76031   6.00000 253616 88
-1 -1 6   4.00000   4.01444 253704 48
-1 -1 4   4.00000   4.00223 253752 32
-1 -1 53   5.61862   6.00000 253784 424
-1 -1 5   4.00000   4.04694 254208 40
-1 -1 95   4.00000   6.00000 254248 760
-1 -1 7   5.79394   6.00000 255008 56
-1 -1 35   4.00000   4.18473 255064 280
-1 -1 79   4.14640   5.20583 255344 632
-1 -1 53   4.00000   6.00000 255976 424
-1 -1 40   5.00221   6.00000 256400 320
-1 -1 6   5.94028   5.98056 256720 48
-1 -1 2   5.00029   5.00221 256768 16
-1 -1 78   4.00000   5.71194 256784 624
-1 -1 13   4.00000   4.28916 257408 104
-1 -1 35   5.83722   6.00000 257512 280
-1 -1 5   5.93472   6.00000 257792 40
-1 -1 5   5.64129   5.94028 257832 40
-1 -1 90   4.00000   5.96472 257872 720
-1 -1 45   4.25916   5.35723 258592 360
-1 -1 54   4.88750   5.88501 258952 432
-1 -1 20   5.35778   5.73779 259384 160
-1 -1 11   5.63973   5.78360 259544 88
-1 -1 17   5.32723   5.92807 259632 136
-1 -1 52   4.00000   5.57137 259768 416
-1 -1 28   2.00000   2.48792 260184 224
-1 -1 76   2.97896   3.32082 260408 608
-1 -1 4   3.99500   4.00000 261016 32
-1 -1 7   3.21251   3.48931 261048 56
-1 -1 30   2.00000   2.60999 261104 240
-1 -1 2   2.99574   2.99693 261344 16
-1 -1 31   3.69305   4.00000 261360 248
-1 -1 34   2.43696   2.97896 261608 272
-1 -1 20   3.48931   4.00000 261880 160
-1 -1 61   2.00000   3.72860 262040 488
-1 -1 11   3.73751   4.00000 262528 88
-1 -1 75   2.99443   3.83749 262616 600
-1 -1 38   2.00000   2.69221 263216 304
-1 -1 167   2.00000   2.80778 263520 1336
-1 -1 102   2.67668   3.52721 264856 816
-1 -1 61   2.67668   4.00000 265672 488
-1 -1 50   2.00000   2.68415 266160 400
-1 -1 138   3.49944   4.00000 266560 1104
-1 -1 18   3.91415   4.00000 267664 144
-1 -1 12   3.93494   4.00000 267808 96
-1 -1 6   2.00000   2.01999 267904 48
-1 -1 11   3.91196   4.00000 267952 88
-1 -1 22   2.00000   2.14389 268040 176
-1 -1 8   3.88278   4.00000 268216 64
-1 -1 65   3.56027   4.00000 268280 520
-1 -1 3   3.99945   4.00000 268800 24
-1 -1 127   2.53346   4.00000 268824 1016
-1 -1 15   3.27056   3.37584 269840 120
-1 -1 12   3.63915   4.00000 269960 96
-1 -1 28   2.00000   2.45667 270056 224
-1 -1 2   2.52250   2.53346 270280 16
-1 -1 50   3.28695   4.00000 270296 400
-1 -1 43   2.31638   4.00000 270696 344
-1 -1 5   0.35722   0.38972 271040 40
-1 -1 47   0.14471   0.25833 271080 376
-1 -1 60   0.07721   0.89668 271456 480
-1 -1 43   0.46006   1.20223 271936 344
-1 -1 7   0.00000   0.07806 272280 56
-1 -1 2   0.19333   0.19360 272336 16
-1 -1 10   0.00000   0.19250 272352 80
-1 -1 84   0.36582   1.43334 272432 672
-1 -1 3   1.07048   1.07417 273104 24
-1 -1 23   1.53140   2.00000 273128 184
-1 -1 25   1.06749   1.56152 273312 200
-1 -1 34   1.31307   2.00000 273512 272
-1 -1 19   0.38694   0.66917 273784 152
-1 -1 10   0.10251   0.55860 273936 80
-1 -1 6   0.10333   0.19333 274016 48
-1 -1 4   1.05235   1.07048 274064 32
-1 -1 100   0.00000   1.07695 274096 800
-1 -1 20   1.56152   2.00000 274896 160
-1 -1 4   1.95538   2.00000 275056 32
-1 -1 62   0.76347   1.68362 275088 496
-1 -1 2   1.73834   2.00000 275584 16
-1 -1 20   1.67944   1.95538 275600 160
-1 -1 132   0.00000   0.76347 275760 1056
-1 -1 30   1.74096   1.91638 276816 240
-1 -1 10   0.00000   0.32029 277056 80
-1 -1 4   1.91446   2.00000 277136 32
-1 -1 11   1.75949   2.00000 277168 88
-1 -1 65   1.70471   2.00000 277256 520
-1 -1 27   1.17333   2.00000 277776 216
-1 -1 14   1.74249   2.00000 277992 112
-1 -1 28   0.00000   1.76474 278104 224
-1 -1 5   0.00000   0.05984 278328 40
-1 -1 10   0.05984   0.23056 278368 80
-1 -1 3   0.00000   1.31972 278448 24
-1 -1 65   1.50332   2.00000 278472 520
-1 -1 116   0.00000   1.52389 278992 928
-1 -1 33   0.00000   0.72861 279920 264
-1 -1 35  -1.75113  -1.15029 280184 280
-1 -1 13  -2.00000  -1.41082 280464 104
-1 -1 72  -2.00000  -0.09052 280568 576
-1 -1 10  -1.21575  -1.01805 281144 80
-1 -1 43  -1.66946  -1.30056 281224 344
-1 -1 17  -1.16112  -0.85750 281568 136
-1 -1 46  -2.00000  -0.91640 281704 368
-1 -1 41  -1.29915  -0.66749 282072 328
-1 -1 33  -0.91554   0.00000 282400 264
-1 -1 17  -2.00000  -1.57473 282664 136
-1 -1 10  -1.42000  -1.16390 282800 80
-1 -1 4  -0.91862  -0.90862 282880 32
-1 -1 5  -0.09052   0.00000 282912 40
-1 -1 68  -1.32796  -0.93193 282952 544
-1 -1 17  -2.00000  -1.64916 283496 136
-1 -1 34  -0.19751   0.00000 283632 272
-1 -1 7  -0.56110  -0.16473 283904 56
-1 -1 39  -1.55334  -1.32796 283960 312
-1 -1 90  -0.47056  -0.02411 284272 720
-1 -1 71  -0.87971   0.00000 284992 568
-1 -1 4  -0.02411   0.00000 285560 32
-1 -1 53  -1.09749  -0.81444 285592 424
-1 -1 53  -1.18010   0.00000 286016 424
-1 -1 138  -1.42278   0.00000 286440 1104
-1 -1 49  -1.69390   0.00000 287544 392
-1 -1 61  -2.00000  -1.64166 287936 488
-1 -1 81  -1.22026   0.00000 288424 648
-1 -1 12  -1.16744  -1.13527 289072 96
-1 -1 38  -1.14083   0.00000 289168 304
-1 -1 61  -2.00000  -1.21083 289472 488
-1 -1 3  -3.88000  -3.83651 289960 24
-1 -1 17  -2.14307  -2.00000 289984 136
-1 -1 57  -4.00000  -3.05806 290120 456
-1 -1 57  -2.80943  -2.19223 290576 456
-1 -1 7  -2.06387  -2.00000 291032 56
-1 -1 34  -3.84527  -3.32750 291088 272
-1 -1 42  -3.78918  -3.32027 291360 336
-1 -1 30  -3.31890  -2.62556 291696 240
-1 -1 7  -2.32749  -2.00000 291936 56
-1 -1 11  -3.08360  -2.51945 291992 88
-1 -1 2  -2.19556  -2.14334 292080 16
-1 -1 26  -4.00000  -2.97166 292096 208
-1 -1 43  -2.58082  -2.00000 292304 344
-1 -1 47  -2.59001  -2.00000 292648 376
-1 -1 27  -4.00000  -2.16001 293024 216
-1 -1 175  -4.00000  -2.00000 293240 1400
-1 -1 61  -4.00000  -3.23156 294640 488
-1 -1 20  -4.00000  -3.02443 295128 160
-1 -1 34  -3.23156  -2.76722 295288 272
-1 -1 16  -4.00000  -3.57833 295560 128
-1 -1 18  -3.52639  -3.29610 295688 144
-1 -1 4  -6.00000  -5.44250 295832 32
-1 -1 15  -4.21250  -4.05362 295864 120
-1 -1 49  -6.00000  -4.58610 295984 392
-1 -1 27  -4.76139  -4.00000 296376 216
-1 -1 47  -5.98862  -5.52358 296592 376
-1 -1 3  -6.00000  -5.98944 296968 24
-1 -1 5  -6.00000  -5.97943 296992 40
-1 -1 5  -6.00000  -5.97696 297032 40
-1 -1 33  -5.53054  -4.82777 297072 264
-1 -1 66  -6.00000  -4.00000 297336 528
-1 -1 29  -6.00000  -5.36196 297864 232
-1 -1 11  -6.00000  -5.90027 298096 88
-1 -1 4  -4.33973  -4.32883 298184 32
-1 -1 5  -4.32883  -4.22110 298216 40
-1 -1 4  -6.00000  -4.00000 298256 32
-1 -1 49  -6.00000  -5.35723 298288 392
-1 -1 2  -5.35332  -4.74812 298680 16
-1 -1 26  -5.35860  -5.16500 298696 208
-1 -1 58  -4.74812  -4.00000 298904 464
-1 -1 39  -6.00000  -5.23445 299368 312
-1 -1 108  -6.00000  -4.00000 299680 864
-1 -1 58  -6.00000  -4.00000 300544 464
-1 -1 31  -5.38167  -4.32639 301008 248
-1 -1 6  -4.17694  -4.00000 301256 48
-1 -1 3  -6.00000  -5.99640 301304 24
-1 -1 19  -6.00000  -5.57665 301328 152
-1 -1 19  -5.57665  -4.80833 301480 152
-1 -1 3  -6.37583  -6.00000 301632 24
-1 -1 41  -7.77194  -7.55917 301656 328
-1 -1 47  -7.00206  -6.00000 301984 376
-1 -1 4  -6.00446  -6.00000 302360 32
-1 -1 5  -6.01416  -6.00000 302392 40
-1 -1 73  -7.18029  -6.00000 302432 584
-1 -1 50  -7.70806  -7.01140 303016 400
-1 -1 78  -8.00000  -6.00000 303416 624
-1 -1 10  -6.06305  -6.00000 304040 80
-1 -1 20  -6.34195  -6.00000 304120 160
-1 -1 8  -6.98616  -6.76454 304280 64
-1 -1 20  -7.63244  -7.09874 304344 160
-1 -1 41  -7.67721  -7.00206 304504 328
-1 -1 9  -7.12221  -7.03111 304832 72
-1 -1 50  -6.87166  -6.13443 304904 400
-1 -1 6  -7.09874  -6.98616 305304 48
-1 -1 13  -8.00000  -7.63244 305352 104
-1 -1 4  -7.75448  -7.05028 305456 32
-1 -1 3  -8.00000  -7.75448 305488 24
-1 -1 3  -8.00000  -7.99973 305512 24
-1 -1 29  -8.00000  -7.33028 305536 232
-1 -1 25  -7.33028  -6.04837 305768 200
-1 -1 16  -8.00000  -7.39074 305968 128
-1 -1 2  -6.04837  -6.00000 306096 16
-1 -1 113  -8.00000  -6.00000 306112 904
-1 -1 24  -8.00000  -7.89862 307016 192
-1 -1 70  -8.00000  -7.44417 307208 560
-1 -1 73  -7.44610  -6.00000 307768 584
-1 -1 130  -8.00000  -6.76112 308352 1040
-1 -1 94  -6.84694  -6.25779 309392 752
-1 -1 17  -6.25971  -6.00000 310144 136
-1 -1 40  -7.39055  -6.00000 310280 320
-1 -1 38  -8.00000  -7.38103 310600 304
-1 -1 175  -7.85055  -6.00000 310904 1400
-1 -1 3  -6.00055  -6.00000 312304 24
-1 -1 44  -6.52528  -6.34278 312328 352
-1 -1 58  -7.85779  -7.34890 312680 464
-1 -1 48  -8.00000  -7.77139 313144 384
-1 -1 11  -8.00000  -7.95889 313528 88
-1 -1 79  -8.00000  -7.26888 313616 632
-1 -1 181  -6.98418  -6.01862 314248 1448
-1 -1 64  -7.84250  -7.38000 315696 512
-1 -1 32  -6.54166  -6.44556 316208 256
-1 -1 36  -8.96611  -8.21006 316464 288
-1 -1 29  -8.55583  -8.00000 316752 232
-1 -1 8  -8.71144  -8.53773 316984 64
-1 -1 49 -10.00000  -8.56306 317048 392
-1 -1 92  -8.98570  -8.01138 317440 736
-1 -1 107 -10.00000  -8.61778 318176 856
-1 -1 14  -8.53773  -8.00000 319032 112
-1 -1 12  -8.98332  -8.71144 319144 96
-1 -1 6  -9.00526  -8.98473 319240 48
-1 -1 21 -10.00000  -9.59832 319288 168
-1 -1 3 -10.00000  -9.94501 319456 24
-1 -1 3  -8.34980  -8.00000 319480 24
-1 -1 4  -9.35332  -8.34980 319504 32
-1 -1 24  -9.83667  -9.36895 319536 192
-1 -1 3  -9.91611  -9.35332 319728 24
-1 -1 7  -8.48838  -8.43903 319752 56
-1 -1 49  -9.51943  -8.66889 319808 392
-1 -1 21  -8.63105  -8.00000 320200 168
-1 -1 24  -8.43903  -8.00000 320368 192
-1 -1 10  -8.68315  -8.48838 320560 80
-1 -1 3  -8.82640  -8.82618 320640 24
-1 -1 13  -8.83110  -8.63105 320664 104
-1 -1 24 -10.00000  -8.83195 320768 192
-1 -1 46  -8.82618  -8.00000 320960 368
-1 -1 81  -9.50088  -8.00000 321328 648
-1 -1 3  -9.63845  -9.50088 321976 24
-1 -1 4  -9.75232  -9.63845 322000 32
-1 -1 2  -9.84417  -9.75232 322032 16
-1 -1 22 -10.00000  -9.25795 322048 176
-1 -1 55  -9.25795  -8.00000 322224 440
-1 -1 94 -10.00000  -8.00000 322664 752
-1 -1 12  -8.04501  -8.00000 323416 96
-1 -1 118 -10.00000  -8.00000 323512 944
-1 -1 140 -10.00000  -9.20446 324456 1120
-1 -1 137  -9.48779  -8.70723 325576 1096
-1 -1 45  -8.71196  -8.00000 326672 360
-1 -1 138  -9.52984  -8.53083 327032 1104
-1 -1 10  -9.32778  -9.16210 328136 80
-1 -1 8  -9.78326  -9.66479 328216 64
-1 -1 9  -9.63909  -9.52917 328280 72
-1 -1 44 -10.00000  -9.52984 328352 352
-1 -1 33  -8.28360  -8.00000 328704 264
-1 -1 4  -8.00500  -8.00000 328968 32
-1 -1 126  -9.38445  -8.85277 329000 1008
-1 -1 12 -10.00000  -9.78326 330008 96
-1 -1 5  -9.66479  -9.63909 330104 40
-1 -1 46  -8.92555  -8.82777 330144 368
-1 -1 42 -12.00000 -11.06000 330512 336
-1 -1 42 -11.06140 -10.44250 330848 336
-1 -1 75 -10.74860 -10.00000 331184 600
-1 -1 32 -10.44580 -10.25720 331784 256
-1 -1 5 -12.00000 -11.98220 332040 40
-1 -1 4 -12.00000 -11.97110 332080 32
-1 -1 8 -12.00000 -11.98080 332112 64
-1 -1 57 -10.92970 -10.00000 332176 456
-1 -1 12 -10.90860 -10.85170 332632 96
-1 -1 24 -10.42920 -10.00000 332728 192
-1 -1 129 -11.43440 -10.73750 332920 1032
-1 -1 21 -12.00000 -11.26200 333952 168
-1 -1 27 -12.00000 -11.32330 334120 216
-1 -1 31 -10.99110 -10.00000 334336 248
-1 -1 6 -12.00000 -11.96210 334584 48
-1 -1 112 -12.00000 -10.79000 334632 896
-1 -1 6 -12.00000 -11.90390 335528 48
-1 -1 40 -10.82300 -10.39390 335576 320
-1 -1 16 -11.85370 -11.49840 335896 128
-1 -1 47 -11.17070 -10.00000 336024 376
-1 -1 10 -12.00000 -11.85370 336400 80
-1 -1 18 -11.49840 -11.17070 336480 144
-1 -1 74 -11.75030 -10.00000 336624 592
-1 -1 19 -12.00000 -11.75670 337216 152
-1 -1 80 -12.00000 -10.54380 337368 640
-1 -1 20 -10.29390 -10.00000 338008 160
-1 -1 73 -10.89610 -10.32750 338168 584
-1 -1 13 -10.31640 -10.00000 338752 104
-1 -1 7 -10.33300 -10.29390 338856 56
-1 -1 25 -10.45840 -10.00000 338912 200
-1 -1 7 -11.40020 -11.27110 339112 56
-1 -1 36 -11.19970 -10.71970 339168 288
-1 -1 34 -10.49700 -10.00000 339456 272
-1 -1 31 -11.57610 -11.40020 339728 248
-1 -1 6 -11.27110 -11.19970 339976 48
-1 -1 41 -10.78220 -10.00000 340024 328
-1 -1 4 -12.01720 -12.00000 340352 32
-1 -1 9 -13.32220 -13.07470 340384 72
-1 -1 3 -12.01720 -12.00000 340456 24
-1 -1 67 -12.68610 -12.00000 340480 536
-1 -1 16 -12.04940 -12.00000 341016 128
-1 -1 29 -12.31920 -12.00000 341144 232
-1 -1 122 -14.00000 -12.14860 341376 976
-1 -1 83 -14.00000 -12.98050 342352 664
-1 -1 13 -12.98140 -12.68200 343016 104
-1 -1 129 -14.00000 -12.27670 343120 1032
-1 -1 8 -14.00000 -13.76420 344152 64
-1 -1 19 -12.37280 -12.00000 344216 152
-1 -1 12 -12.27670 -12.00000 344368 96
-1 -1 55 -13.77030 -13.20250 344464 440
-1 -1 34 -14.00000 -13.00560 344904 272
-1 -1 60 -13.13420 -12.36830 345176 480
-1 -1 3 -13.35220 -13.02670 345656 24
-1 -1 30 -12.50030 -12.00000 345680 240
-1 -1 159 -14.00000 -12.00000 345920 1272
-1 -1 4 -12.42940 -12.00000 347192 32
-1 -1 3 -14.00000 -13.74020 347224 24
-1 -1 2 -13.74020 -13.54560 347248 16
-1 -1 47 -13.68470 -12.69800 347264 376
-1 -1 19 -12.69800 -12.00000 347640 152
-1 -1 115 -14.00000 -12.00000 347792 920
-1 -1 61 -14.00000 -12.00000 348712 488
-1 -1 2 -16.00000 -14.88050 349200 16
-1 -1 2 -16.00000 -16.00000 349216 16
-1 -1 66 -15.08780 -14.00000 349232 528
-1 -1 49 -15.61470 -15.08780 349760 392
-1 -1 11 -14.14000 -14.00000 350152 88
-1 -1 12 -15.44220 -15.09190 350240 96
-1 -1 117 -14.81970 -14.00000 350336 936
-1 -1 55 -15.57850 -14.73080 351272 440
-1 -1 33 -14.88720 -14.66610 351712 264
-1 -1 90 -16.00000 -14.00000 351976 720
-1 -1 4 -16.00000 -15.97330 352696 32
-1 -1 4 -16.00000 -15.99420 352728 32
-1 -1 5 -16.00000 -15.99170 352760 40
-1 -1 77 -15.33470 -14.67260 352800 616
-1 -1 43 -14.69560 -14.00000 353416 344
-1 -1 13 -16.00000 -15.82000 353760 104
-1 -1 6 -16.00000 -15.91970 353864 48
-1 -1 52 -15.91750 -14.65690 353912 416
-1 -1 16 -16.00000 -15.79290 354328 128
-1 -1 15 -16.00000 -15.86610 354456 120
-1 -1 38 -15.79290 -14.00000 354576 304
-1 -1 20 -16.00000 -15.85080 354880 160
-1 -1 107 -15.85080 -14.00000 355040 856
-1 -1 24 -16.00000 -15.49030 355896 192
-1 -1 3 -14.86640 -14.83380 356088 24
-1 -1 10 -14.30810 -14.00000 356112 80
-1 -1 13 -15.25030 -15.03730 356192 104
-1 -1 102 -16.00000 -14.70610 356296 816
-1 -1 23 -16.00000 -15.49060 357112 184
-1 -1 2 -15.21920 -15.20290 357296 16
-1 -1 20 -14.83380 -14.30810 357312 160
-1 -1 5 -15.03730 -14.94890 357472 40
-1 -1 132 -15.20290 -14.23610 357512 1056
-1 -1 85 -15.18390 -14.57470 358568 680
-1 -1 13 -14.34200 -14.27380 359248 104
-1 -1 6 -14.57330 -14.34610 359352 48
-1 -1 80 -15.99480 -15.10890 359400 640
-1 -1 5 -16.00000 -15.99280 360040 40
-1 -1 3 -18.00000 -16.00000 360080 24
-1 -1 2 -18.00000 -16.54460 360104 16
-1 -1 54 -17.32250 -16.00000 360120 432
-1 -1 5 -16.02780 -16.00000 360552 40
-1 -1 3 -16.00170 -16.00000 360592 24
-1 -1 80 -17.79830 -16.00000 360616 640
-1 -1 8 -17.14510 -16.97580 361256 64
-1 -1 21 -18.00000 -17.64330 361320 168
-1 -1 17 -17.30060 -17.14510 361488 136
-1 -1 52 -17.99300 -17.39970 361624 416
-1 -1 15 -16.41580 -16.00000 362040 120
-1 -1 2 -18.00000 -17.98940 362160 16
-1 -1 73 -17.55000 -16.00000 362176 584
-1 -1 13 -18.00000 -17.90610 362760 104
-1 -1 14 -16.41540 -16.00000 362864 112
-1 -1 117 -18.00000 -16.00000 362976 936
-1 -1 2 -16.00500 -16.00000 363912 16
-1 -1 91 -18.00000 -16.00450 363928 728
-1 -1 4 -16.04120 -16.00000 364656 32
-1 -1 10 -16.04140 -16.00000 364688 80
-1 -1 157 -18.00000 -16.00000 364768 1256
-1 -1 100 -17.97750 -16.36120 366024 800
-1 -1 48 -18.00000 -17.87170 366824 384
-1 -1 22 -16.36120 -16.00000 367208 176
-1 -1 4 -20.00000 -18.00000 367384 32
-1 -1 4 -20.00000 -18.00000 367416 32
-1 -1 3 -18.03500 -18.00000 367448 24
-1 -1 2 -19.68600 -19.57530 367472 16
-1 -1 79 -19.84640 -18.00000 367488 632
-1 -1 125 -19.21330 -18.00000 368120 1000
-1 -1 43 -18.66440 -18.00000 369120 344
-1 -1 66 -20.00000 -19.08610 369464 528
-1 -1 79 -19.71390 -18.56860 369992 632
-1 -1 34 -18.56530 -18.34310 370624 272
-1 -1 25 -20.00000 -19.02420 370896 200
-1 -1 5 -20.00000 -19.29920 371096 40
-1 -1 2 -19.33560 -19.30220 371136 16
-1 -1 11 -20.00000 -19.29700 371152 88
-1 -1 6 -20.00000 -19.33560 371240 48
-1 -1 34 -18.61810 -18.00000 371288 272
-1 -1 29 -18.97080 -18.61550 371560 232
-1 -1 33 -20.00000 -19.78000 371792 264
-1 -1 87 -20.00000 -18.59670 372056 696
-1 -1 46 -19.45280 -18.97080 372752 368
-1 -1 29 -20.00000 -19.90390 373120 232
-1 -1 64 -18.44120 -18.30420 373352 512
-1 -1 81 -18.64500 -18.30110 373864 648
-1 -1 9 -20.00000 -19.96610 374512 72
-1 -1 12 -20.00000 -19.97470 374584 96
-1 -1 84 -18.48860 -18.00000 374680 672
-1 -1 155 -20.00000 -18.00000 375352 1240
-1 -1 3 -18.12490 -18.00000 376592 24
-1 -1 2 -18.32610 -18.12490 376616 16
-1 -1 3 -22.00000 -20.00000 376632 24
-1 -1 3 -22.00000 -20.00000 376656 24
-1 -1 6 -21.42780 -21.42060 376680 48
-1 -1 50 -21.46330 -20.86200 376728 400
-1 -1 40 -21.53360 -20.00000 377128 320
-1 -1 115 -22.00000 -20.88750 377448 920
-1 -1 5 -22.00000 -20.19910 378368 40
-1 -1 32 -20.47750 -20.00000 378408 256
-1 -1 5 -21.00360 -20.97850 378664 40
-1 -1 3 -20.19910 -20.00000 378704 24
-1 -1 28 -20.43130 -20.00000 378728 224
-1 -1 4 -20.55480 -20.47660 378952 32
-1 -1 45 -21.23500 -20.00000 378984 360
-1 -1 5 -20.47660 -20.43130 379344 40
-1 -1 99 -22.00000 -20.55480 379384 792
-1 -1 13 -21.19440 -21.12030 380176 104
-1 -1 28 -22.00000 -21.50190 380280 224
-1 -1 57 -21.51140 -20.00000 380504 456
-1 -1 6 -20.07860 -20.00000 380960 48
-1 -1 80 -20.43860 -20.00000 381008 640
-1 -1 140 -22.00000 -20.00000 381648 1120
-1 -1 7 -20.03860 -20.00000 382768 56
-1 -1 20 -20.11750 -20.00000 382824 160
-1 -1 77 -22.00000 -20.91640 382984 616
-1 -1 27 -20.47560 -20.00000 383600 216
-1 -1 14 -20.93310 -20.77890 383816 112
-1 -1 105 -21.27440 -20.47220 383928 840
-1 -1 3 -24.00000 -22.00000 384768 24
-1 -1 4 -23.99420 -22.00000 384792 32
-1 -1 2 -24.00000 -23.99420 384824 16
-1 -1 19 -24.00000 -23.73390 384840 152
-1 -1 27 -24.00000 -23.36670 384992 216
-1 -1 3 -23.69280 -23.68620 385208 24
-1 -1 10 -23.89200 -23.73570 385232 80
-1 -1 4 -23.94830 -23.92070 385312 32
-1 -1 8 -23.68620 -23.52620 385344 64
-1 -1 5 -23.73570 -23.69280 385408 40
-1 -1 3 -23.92070 -23.89200 385448 24
-1 -1 10 -24.00000 -23.94830 385472 80
-1 -1 82 -24.00000 -22.09300 385552 656
-1 -1 2 -22.09300 -22.00000 386208 16
-1 -1 2 -22.23920 -22.00000 386224 16
-1 -1 3 -24.00000 -22.47030 386240 24
-1 -1 28 -23.78610 -23.29880 386264 224
-1 -1 129 -23.36780 -23.06530 386488 1032
-1 -1 124 -24.00000 -22.00000 387520 992
-1 -1 38 -23.28860 -23.00940 388512 304
-1 -1 73 -23.50470 -22.68000 388816 584
-1 -1 16 -23.51420 -23.29300 389400 128
-1 -1 4 -23.82420 -23.80420 389528 32
-1 -1 24 -22.88030 -22.24810 389560 192
-1 -1 25 -22.89000 -22.68140 389752 200
-1 -1 15 -24.00000 -23.57360 389952 120
-1 -1 2 -24.00000 -23.99780 390072 16
-1 -1 17 -24.00000 -23.75830 390088 136
-1 -1 16 -23.80420 -23.51250 390224 128
-1 -1 20 -23.82200 -23.38030 390352 160
-1 -1 61 -23.57360 -22.00000 390512 488
-1 -1 40 -22.70860 -22.52300 391000 320
-1 -1 93 -22.96500 -22.54770 391320 744
-1 -1 95 -24.00000 -22.90000 392064 760
-1 -1 88 -22.89860 -22.00000 392824 704
-1 -1 140 -22.86840 -22.14050 393528 1120
-1 -1 109 -23.35530 -22.40610 394648 872
-1 -1 45 -22.14050 -22.00140 395520 360
-1 -1 15 -22.10080 -22.00000 395880 120
-1 -1 4 -26.00000 -24.00000 396000 32
-1 -1 2 -26.00000 -25.99970 396032 16
-1 -1 3 -26.00000 -25.99930 396048 24
-1 -1 2 -26.00000 -25.42780 396072 16
-1 -1 2 -26.00000 -25.99840 396088 16
-1 -1 3 -25.42780 -24.00000 396104 24
-1 -1 3 -26.00000 -25.99840 396128 24
-1 -1 17 -26.00000 -25.79480 396152 136
-1 -1 2 -25.24960 -25.16390 396288 16
-1 -1 37 -25.81030 -25.26810 396304 296
-1 -1 15 -24.16440 -24.00000 396600 120
-1 -1 32 -26.00000 -25.24960 396720 256
-1 -1 3 -26.00000 -25.57140 396976 24
-1 -1 73 -24.61500 -24.00000 397000 584
-1 -1 5 -25.66390 -25.62990 397584 40
-1 -1 11 -24.24120 -24.12030 397624 88
-1 -1 5 -25.65720 -24.00000 397712 40
-1 -1 5 -26.00000 -25.66140 397752 40
-1 -1 121 -25.73930 -24.24120 397792 968
-1 -1 18 -26.00000 -25.73930 398760 144
-1 -1 81 -25.29420 -24.00000 398904 648
-1 -1 22 -26.00000 -25.75890 399552 176
-1 -1 7 -24.49020 -24.37870 399728 56
-1 -1 52 -25.01500 -24.77060 399784 416
-1 -1 56 -25.65310 -25.00940 400200 448
-1 -1 39 -26.00000 -25.55860 400648 312
-1 -1 15 -26.00000 -25.86880 400960 120
-1 -1 33 -25.98390 -25.43580 401080 264
-1 -1 4 -25.69470 -25.65030 401344 32
-1 -1 4 -24.05310 -24.00000 401376 32
-1 -1 99 -26.00000 -24.00000 401408 792
-1 -1 19 -24.37870 -24.00000 402200 152
-1 -1 17 -24.81550 -24.49020 402352 136
-1 -1 4 -25.82560 -25.69370 402488 32
-1 -1 32 -25.86880 -25.51110 402520 256
-1 -1 197 -25.31750 -24.00000 402776 1576
-1 -1 10 -26.00000 -25.96800 404352 80
-1 -1 5 -26.00000 -25.98970 404432 40
-1 -1 18 -25.04030 -24.95300 404472 144
-1 -1 3 -28.00000 -26.00000 404616 24
-1 -1 2 -26.00250 -26.00050 404640 16
-1 -1 4 -26.00530 -26.00120 404656 32
-1 -1 4 -26.00670 -26.00210 404688 32
-1 -1 5 -26.00520 -26.00000 404720 40
-1 -1 3 -26.00430 -26.00000 404760 24
-1 -1 2 -26.00230 -26.00000 404784 16
-1 -1 3 -26.00330 -26.00000 404800 24
-1 -1 2 -26.00570 -26.00000 404824 16
-1 -1 3 -28.00000 -26.00570 404840 24
-1 -1 4 -26.08720 -26.00000 404864 32
-1 -1 27 -28.00000 -27.73580 404896 216
-1 -1 18 -27.38950 -27.06180 405112 144
-1 -1 27 -26.61510 -26.22830 405256 216
-1 -1 22 -26.38940 -26.00000 405472 176
-1 -1 67 -28.00000 -26.00000 405648 536
-1 -1 13 -28.00000 -27.85780 406184 104
-1 -1 28 -28.00000 -27.38950 406288 224
-1 -1 17 -27.06180 -26.61510 406512 136
-1 -1 42 -26.30550 -26.07220 406648 336
-1 -1 3 -28.00000 -26.00000 406984 24
-1 -1 2 -28.00000 -27.99980 407008 16
-1 -1 23 -28.00000 -27.31610 407024 184
-1 -1 82 -26.88420 -26.00000 407208 656
-1 -1 3 -27.99980 -27.99970 407864 24
-1 -1 134 -26.77560 -26.00000 407888 1072
-1 -1 8 -26.19080 -26.00000 408960 64
-1 -1 9 -26.13830 -26.00000 409024 72
-1 -1 18 -27.40720 -26.50000 409096 144
-1 -1 25 -26.51940 -26.11800 409240 200
-1 -1 20 -27.37220 -26.73750 409440 160
-1 -1 6 -27.49850 -27.36020 409600 48
-1 -1 37 -26.52140 -26.09280 409648 296
-1 -1 46 -26.26220 -26.00000 409944 368
-1 -1 13 -28.00000 -27.49850 410312 104
-1 -1 3 -27.36020 -27.34440 410416 24
-1 -1 181 -27.36350 -27.07800 410440 1448
-1 -1 5 -27.40350 -27.38830 411888 40
-1 -1 52 -26.58310 -26.24190 411928 416
-1 -1 5 -27.39280 -27.36350 412344 40
-1 -1 108 -28.00000 -27.40350 412384 864
-1 -1 137 -26.70860 -26.00470 413248 1096
-1 -1 8 -26.01250 -26.00000 414344 64
-1 -1 8 -26.02110 -26.00000 414408 64
-1 -1 42 -26.23110 -26.00000 414472 336
-1 -1 4 -30.00000 -28.00000 414808 32
-1 -1 3 -30.00000 -28.00000 414840 24
-1 -1 2 -29.00680 -29.00430 414864 16
-1 -1 3 -29.00430 -29.00190 414880 24
-1 -1 3 -29.00470 -29.00280 414904 24
-1 -1 4 -29.00470 -29.00210 414928 32
-1 -1 129 -29.00430 -28.57540 414960 1032
-1 -1 13 -28.65350 -28.50540 415992 104
-1 -1 211 -29.18430 -28.54020 416096 1688
-1 -1 103 -28.52910 -28.16010 417784 824
-1 -1 20 -28.91510 -28.65350 418608 160
-1 -1 42 -29.74670 -29.04810 418768 336
-1 -1 91 -29.97620 -28.40140 419104 728
-1 -1 18 -28.15560 -28.00000 419832 144
-1 -1 2 -29.73670 -29.71550 419976 16
-1 -1 4 -30.00000 -29.97620 419992 32
-1 -1 81 -29.07970 -28.11220 420024 648
-1 -1 40 -29.56290 -28.00000 420672 320
-1 -1 6 -28.05440 -28.00000 420992 48
-1 -1 9 -30.00000 -29.07970 421040 72
-1 -1 4 -30.00000 -29.55720 421112 32
-1 -1 2 -30.00000 -29.66980 421144 16
-1 -1 32 -30.00000 -29.56290 421160 256
-1 -1 4 -29.66980 -28.00000 421416 32
-1 -1 3 -28.00280 -28.00000 421448 24
-1 -1 54 -30.00000 -28.00000 421472 432
-1 -1 6 -28.14030 -28.00000 421904 48
-1 -1 66 -28.49110 -28.00000 421952 528
-1 -1 39 -29.35780 -29.06020 422480 312
-1 -1 60 -29.06020 -28.45170 422792 480
-1 -1 18 -29.32610 -29.19110 423272 144
-1 -1 3 -31.69000 -30.00000 423416 24
-1 -1 3 -32.00000 -30.00000 423440 24
-1 -1 12 -32.00000 -31.95470 423464 96
-1 -1 43 -32.00000 -31.84720 423560 344
-1 -1 56 -31.87750 -30.00000 423904 448
-1 -1 10 -32.00000 -31.86940 424352 80
-1 -1 2 -30.05940 -30.00000 424432 16
-1 -1 5 -31.88390 -30.00000 424448 40
-1 -1 13 -32.00000 -31.21880 424488 104
-1 -1 8 -30.67900 -30.00000 424592 64
-1 -1 2 -30.15560 -30.00000 424656 16
-1 -1 3 -31.21880 -30.67900 424672 24
-1 -1 24 -32.00000 -31.21150 424696 192
-1 -1 32 -31.21150 -30.00000 424888 256
-1 -1 3 -31.50700 -31.49580 425144 24
-1 -1 47 -30.58530 -30.15140 425168 376
-1 -1 142 -31.87110 -30.75190 425544 1136
-1 -1 6 -30.74940 -30.58530 426680 48
-1 -1 7 -31.30330 -31.25550 426728 56
-1 -1 12 -32.00000 -31.75140 426784 96
-1 -1 43 -32.00000 -31.30220 426880 344
-1 -1 19 -32.00000 -31.67280 427224 152
-1 -1 3 -34.00000 -32.00000 427376 24
-1 -1 7 -32.30950 -32.27970 427400 56
-1 -1 3 -34.00000 -33.99670 427456 24
-1 -1 74 -33.48080 -32.92530 427480 592
-1 -1 27 -34.00000 -33.86470 428072 216
-1 -1 44 -32.27670 -32.03080 428288 352
-1 -1 30 -32.92530 -32.58250 428640 240
-1 -1 27 -32.30610 -32.00000 428880 216
-1 -1 34 -32.19030 -32.00000 429096 272
-1 -1 63 -34.00000 -32.00000 429368 504
-1 -1 26 -32.39250 -32.07750 429872 208
-1 -1 56 -34.00000 -32.00000 430080 448
-1 -1 3 -34.00000 -33.21989 430528 24
-1 -1 19 -32.39780 -32.00000 430552 152
-1 -1 34 -33.21989 -32.39780 430704 272
-1 -1 48 -33.46440 -32.00000 430976 384
-1 -1 36 -34.00000 -33.26920 431360 288
-1 -1 28 -33.42390 -33.12750 431648 224
-1 -1 43 -34.00000 -33.46440 431872 344
-1 -1 10 -33.87670 -33.77670 432216 80
-1 -1 8 -32.57640 -32.48390 432296 64
-1 -1 149 -32.91670 -32.56970 432360 1192
-1 -1 36 -32.93719 -32.75310 433552 288
-1 -1 165 -33.16000 -32.84000 433840 1320
-1 -1 107 -34.00000 -33.12810 435160 856
-1 -1 29 -33.49690 -33.39780 436016 232
-1 -1 52 -32.61750 -32.36110 436248 416
-1 -1 3 -34.00000 -33.90280 436664 24
-1 -1 17 -32.64970 -32.00000 436688 136
-1 -1 172 -32.79800 -32.41360 436824 1376
-1 -1 5 -32.95240 -32.93719 438200 40
-1 -1 68 -34.00000 -33.11750 438240 544
-1 -1 33 -34.00000 -33.39940 438784 264
-1 -1 54 -33.11890 -32.71170 439048 432
-1 -1 7 -32.12080 -32.00000 439480 56
-1 -1 52 -32.50360 -32.00000 439536 416
-1 -1 38 -33.46390 -33.33420 439952 304
-1 -1 4 -34.00000 -33.92610 440256 32
-1 -1 27 -33.02640 -32.49420 440288 216
-1 -1 25 -33.39940 -33.14250 440504 200
-1 -1 27 -32.79080 -32.70250 440704 216
-1 -1 15 -36.00000 -34.00000 440920 120
-1 -1 104 -34.21300 -34.00000 441040 832
-1 -1 314 -35.56060 -34.10370 441872 2512
-1 -1 45 -36.00000 -35.55750 444384 360
-1 -1 80 -36.00000 -35.83030 444744 640
-1 -1 12 -36.00000 -35.97079 445384 96
-1 -1 12 -36.00000 -35.94749 445480 96
-1 -1 24 -36.00000 -35.93740 445576 192
-1 -1 118 -35.92110 -35.12670 445768 944
-1 -1 20 -35.39600 -35.12469 446712 160
-1 -1 11 -35.06390 -34.98030 446872 88
-1 -1 4 -34.72980 -34.68781 446960 32
-1 -1 3 -36.00000 -35.96080 446992 24
-1 -1 9 -36.00000 -35.84930 447016 72
-1 -1 9 -35.81630 -35.64430 447088 72
-1 -1 58 -34.70420 -34.00000 447160 464
-1 -1 22 -34.20720 -34.00000 447624 176
-1 -1 46 -36.00000 -35.39600 447800 368
-1 -1 50 -35.53830 -34.97250 448168 400
-1 -1 21 -34.28780 -34.00000 448568 168
-1 -1 33 -34.17360 -34.00000 448736 264
-1 -1 65 -34.99690 -34.72980 449000 520
-1 -1 6 -35.84930 -35.81630 449520 48
-1 -1 6 -35.64430 -35.49310 449568 48
-1 -1 3 -36.00000 -35.99890 449616 24
-1 -1 68 -35.99969 -34.00000 449640 544
-1 -1 3 -36.00000 -35.99830 450184 24
-1 -1 4 -36.00000 -34.00000 450208 32
-1 -1 2 -36.00000 -35.99960 450240 16
-1 -1 3 -35.00140 -34.99890 450256 24
-1 -1 2 -34.37970 -34.00000 450280 16
-1 -1 4 -36.00000 -34.37870 450296 32
-1 -1 2 -35.00220 -35.00090 450328 16
-1 -1 3 -34.37870 -34.00000 450344 24
-1 -1 9 -34.05640 -34.00000 450368 72
-1 -1 26 -34.45330 -34.00000 450440 208
-1 -1 18 -34.42920 -34.24490 450648 144
-1 -1 39 -34.79580 -34.00000 450792 312
-1 -1 26 -34.89170 -34.71310 451104 208
-1 -1 21 -34.27500 -34.00000 451312 168
-1 -1 47 -34.62200 -34.00000 451480 376
-1 -1 32 -34.80580 -34.00000 451856 256
-1 -1 24 -34.80811 -34.20720 452112 192
-1 -1 12 -38.00000 -36.00000 452304 96
-1 -1 46 -36.12830 -36.00000 452400 368
-1 -1 3 -36.01390 -36.00000 452768 24
-1 -1 30 -36.05080 -36.00000 452792 240
-1 -1 57 -36.11570 -36.00000 453032 456
-1 -1 4 -36.00330 -36.00000 453488 32
-1 -1 15 -36.13290 -36.00000 453520 120
-1 -1 87 -37.50529 -36.13290 453640 696
-1 -1 33 -38.00000 -37.57360 454336 264
-1 -1 29 -37.39440 -37.16530 454600 232
-1 -1 49 -38.00000 -37.16030 454832 392
-1 -1 37 -36.27720 -36.00000 455224 296
-1 -1 43 -37.18719 -36.37110 455520 344
-1 -1 4 -36.20610 -36.11830 455864 32
-1 -1 30 -36.67710 -36.13580 455896 240
-1 -1 19 -38.00000 -37.83000 456136 152
-1 -1 7 -36.13690 -36.00000 456288 56
-1 -1 29 -37.38890 -37.21640 456344 232
-1 -1 43 -36.53830 -36.20610 456576 344
-1 -1 65 -37.58070 -36.67710 456920 520
-1 -1 5 -38.00000 -36.00000 457440 40
-1 -1 2 -36.00090 -36.00000 457480 16
-1 -1 21 -38.00000 -37.58070 457496 168
-1 -1 3 -36.00110 -36.00000 457664 24
-1 -1 2 -36.00200 -36.00000 457688 16
-1 -1 2 -36.00080 -36.00000 457704 16
-1 -1 4 -38.00000 -36.00000 457720 32
-1 -1 2 -38.06020 -38.00000 457752 16
-1 -1 6 -38.01860 -38.00000 457768 48
-1 -1 58 -38.48360 -38.32140 457816 464
-1 -1 20 -38.43050 -38.00000 458280 160
-1 -1 42 -39.50000 -39.28780 458440 336
-1 -1 33 -38.29810 -38.00000 458776 264
-1 -1 47 -38.90750 -38.43530 459040 376
-1 -1 11 -39.56720 -39.41780 459416 88
-1 -1 59 -40.00000 -38.00000 459504 472
-1 -1 65 -38.74280 -38.00000 459976 520
-1 -1 32 -38.83940 -38.73560 460496 256
-1 -1 21 -39.00290 -38.80830 460752 168
-1 -1 3 -40.00000 -38.00000 460920 24
-1 -1 19 -39.32830 -39.00290 460944 152
-1 -1 76 -41.14500 -40.72530 461096 608
-1 -1 16 -42.00000 -41.69050 461704 128
-1 -1 47 -40.66080 -40.21000 461832 376
-1 -1 69 -41.09579 -40.18980 462208 552
-1 -1 6 -40.09740 -40.02880 462760 48
-1 -1 3 -40.74500 -40.73270 462808 24
-1 -1 8 -40.61650 -40.56890 462832 64
-1 -1 3 -41.99969 -41.99960 462896 24
-1 -1 7 -40.18980 -40.09740 462920 56
-1 -1 2 -40.02880 -40.00000 462976 16
-1 -1 3 -41.99960 -41.99960 462992 24
-1 -1 3 -41.99960 -41.99950 463016 24
-1 -1 2 -41.99950 -41.99950 463040 16
-1 -1 2 -40.70700 -40.00000 463056 16
-1 -1 17 -41.04810 -40.70860 463072 136
-1 -1 41 -44.00000 -43.67191 463208 328
-1 -1 31 -42.61720 -42.00000 463536 248
-1 -1 15 -43.93610 -43.84109 463784 120
-1 -1 7 -44.58970 -44.51220 463904 56
-1 -1 53 -44.87280 -44.00000 463960 424
-1 -1 3 -45.99980 -45.99950 464384 24
-1 -1 2 -46.00000 -45.99980 464408 16
-1 -1 2 -46.00020 -46.00000 464424 16
-1 -1 2 -46.00031 -46.00020 464440 16
-1 -1 33 -48.81970 -48.62110 464456 264
-1 -1 3 -49.25330 -48.78070 464720 24
-1 -1 8 -54.90220 -54.87610 464744 64
-1 -1 7 -54.91859 -54.88230 464808 56
-1 -1 10 -55.18920 -54.91750 464864 80
