-1 -1 4627  51.55778  60.37306 0 37016 6
-1 -1 4627  51.55778  60.37306 37016 37016 7
-1 -1 4325  30.18694  40.37667 74032 34600 12
-1 -1 4271  30.18694  40.37667 108632 34168 13
-1 -1 3941 -14.86639  -8.53056 142800 31528 17
-1 -1 3683   6.08139  11.85611 174328 29464 22
-1 -1 3559 -24.05361 -19.78000 203792 28472 25
-1 -1 2967  60.01056  68.90056 232264 23736 36
-1 -1 2965  60.01056  68.90000 256000 23720 37
-1 -1 2277  33.00111  36.50028 279720 18216 58
-1 -1 2203   3.56000   6.19167 297936 17624 59
-1 -1 2059   3.69194   9.17278 315560 16472 61
-1 -1 2056 -14.81972 -11.06000 332032 16448 62
-1 -1 2054  48.99806  59.99944 348480 16432 63
-1 -1 2032  48.99722  59.99944 364912 16256 64
-1 -1 2030  -8.28361  -4.80833 381168 16240 65
-1 -1 1937 -34.37972 -25.57139 397408 15496 73
-1 -1 1934  31.33333  49.00694 412904 15472 74
-1 -1 1934  31.33333  49.00722 428376 15472 75
-1 -1 1931 -18.48861 -14.70611 443848 15448 76
-1 -1 1913  20.38778  27.79417 459296 15304 77
-1 -1 1865  -9.84417  -7.33028 474600 14920 79
-1 -1 1816  16.31972  20.80500 489520 14528 81
-1 -1 1790  33.55333  34.57972 504048 14320 82
-1 -1 1784 -25.29417 -19.29694 518368 14272 83
-1 -1 1784  21.40167  27.66750 532640 14272 84
-1 -1 1723 -33.42389 -32.41278 546912 13784 87
-1 -1 1667 -34.05694 -27.31611 560696 13336 92
-1 -1 1598 -20.47750 -17.39972 574032 12784 98
-1 -1 1596 -11.75028  -5.35611 586816 12768 99
-1 -1 1580  -1.42278   1.76472 599584 12640 101
-1 -1 1579 -25.31750 -22.52306 612224 12632 102
-1 -1 1575 -36.00194 -31.84667 624856 12600 104
-1 -1 1571  44.36944  48.99944 637456 12568 106
-1 -1 1571  44.36944  48.99944 650024 12568 107
-1 -1 1530 -29.35778 -27.07806 662592 12240 111
-1 -1 1507  38.40194  40.64278 674832 12056 115
-1 -1 1482   4.29139   6.11861 686888 11856 116
-1 -1 1476  38.40194  40.64278 698744 11808 117
-1 -1 1437 -24.61500 -22.09306 710552 11496 123
-1 -1 1397 -11.06194  -8.61778 722048 11176 127
-1 -1 1393  37.20444  39.45583 733224 11144 128
-1 -1 1393  14.80667  16.07500 744368 11144 129
-1 -1 1386  13.81472  15.91778 755512 11088 130
-1 -1 1355 -17.97750 -14.57472 766600 10840 133
-1 -1 1336 -14.69556 -10.39389 777440 10688 135
-1 -1 1337  59.99750  60.00028 788128 10696 137
-1 -1 1337  59.99750  60.00028 798824 10696 138
-1 -1 1321  36.49861  36.69056 809520 10568 139
-1 -1 1319  36.49861  36.69056 820088 10552 140
-1 -1 1311  -8.55583  -2.97167 830640 10488 141
-1 -1 1297  36.99944  39.13333 841128 10376 143
-1 -1 1297  36.99944  39.13333 851504 10376 144
-1 -1 1296 -10.31639  -6.25778 861880 10368 145
-1 -1 1294  39.12028  43.00389 872248 10352 146
-1 -1 1292  39.12028  43.00389 882600 10336 147
-1 -1 1285  40.37667  43.07639 892936 10280 148
-1 -1 1283 -16.41583 -13.54556 903216 10264 149
-1 -1 1275  40.37667  43.07639 913480 10200 151
-1 -1 1270  -9.83667  -7.99972 923680 10160 152
-1 -1 1261  17.89278  21.41389 933840 10088 153
-1 -1 1249  21.05444  22.76472 943928 9992 154
-1 -1 1248  -8.98333  -5.36194 953920 9984 155
-1 -1 1245  -1.09750   1.68361 963904 9960 157
-1 -1 1226  14.25583  16.07528 973864 9808 158
-1 -1 1223 -17.32250 -13.00556 983672 9784 159
-1 -1 1215 -13.68472  -8.83194 993456 9720 160
-1 -1 1211   7.28389   8.07500 1003176 9688 161
-1 -1 1210  -6.98417  -6.01861 1012864 9680 162
-1 -1 1204  -1.22028   2.45667 1022544 9632 165
-1 -1 1189  36.98278  38.74750 1032176 9512 166
-1 -1 1187  36.98278  38.74750 1041688 9496 167
-1 -1 1182   9.06556  10.19917 1051184 9456 168
-1 -1 1166   5.50222   8.13361 1060640 9328 172
-1 -1 1160  37.20444  39.45583 1069968 9280 174
-1 -1 1158  -2.14361   0.25861 1079248 9264 175
-1 -1 1153 -38.83972 -36.13583 1088512 9224 176
-1 -1 1149  -2.59083   1.31972 1097736 9192 178
-1 -1 1150  18.95500  20.40306 1106928 9200 179
-1 -1 1133 -11.43444  -9.94500 1116128 9064 182
-1 -1 1111 -26.70889 -25.96806 1125192 8888 186
-1 -1 1109  22.46694  27.06139 1134080 8872 187
-1 -1 1108 -41.09583 -35.99833 1142952 8864 188
-1 -1 1075 -16.00500 -11.75667 1151816 8600 194
-1 -1 1066   7.23806   9.42028 1160416 8528 200
-1 -1 1055   2.67667   4.04694 1168944 8440 201
-1 -1 1030  -9.91611  -7.05028 1177384 8240 205
-1 -1 1027 -10.33333  -7.44417 1185624 8216 207
-1 -1 1024  24.69667  26.83861 1193840 8192 208
-1 -1 1024  -5.35333  -1.21083 1202032 8192 209
-1 -1 1023  -0.19778   1.43417 1210224 8184 211
-1 -1 1022   2.52250   5.71194 1218408 8176 212
-1 -1 1007 -26.88417 -24.12028 1226584 8056 214
-1 -1 994  22.31806  25.15556 1234640 7952 215
-1 -1 993  37.00278  41.00000 1242592 7944 216
-1 -1 993  37.00278  41.00000 1250536 7944 217
-1 -1 969 -20.47556 -17.87167 1258480 7752 221
-1 -1 945  -7.39056  -3.02444 1266232 7560 225
-1 -1 939 -15.08778 -12.14861 1273792 7512 228
-1 -1 933  13.49889  15.00944 1281304 7464 229
-1 -1 932  45.00361  46.81250 1288768 7456 230
-1 -1 932  45.00361  46.81250 1296224 7456 231
-1 -1 930  12.63861  14.59889 1303680 7440 232
-1 -1 928  45.56611  46.31194 1311120 7424 233
-1 -1 928  45.56611  46.31194 1318544 7424 234
-1 -1 911   8.09028   9.03278 1325968 7288 239
-1 -1 901  -6.25972  -2.76722 1333256 7208 242
-1 -1 901  17.25694  18.20750 1340464 7208 243
-1 -1 899  33.64750  36.50056 1347672 7192 244
-1 -1 898  -7.77194  -4.58611 1354864 7184 245
-1 -1 898  -7.33028  -2.16000 1362048 7184 246
-1 -1 886  41.99944  49.00000 1369232 7088 249
-1 -1 885  41.99944  49.00000 1376320 7080 250
-1 -1 876  49.37667  56.84444 1383400 7008 253
-1 -1 876  49.37667  56.84444 1390408 7008 254
-1 -1 868  20.70000  23.06861 1397416 6944 260
-1 -1 867   1.53139   3.32139 1404360 6936 261
-1 -1 862   1.73833   4.89889 1411296 6896 262
-1 -1 861  30.39028  35.02417 1418192 6888 263
-1 -1 861  30.39028  35.02417 1425080 6888 264
-1 -1 860 -34.45333 -33.12806 1431968 6880 265
-1 -1 858   1.17250   2.14389 1438848 6864 266
-1 -1 856 -31.87750 -28.40139 1445712 6848 267
-1 -1 850  34.99556  41.99944 1452560 6800 270
-1 -1 849  34.99611  41.99944 1459360 6792 271
-1 -1 847 -28.05472 -26.07222 1466152 6776 272
-1 -1 847 -30.05944 -27.73556 1472928 6776 273
-1 -1 834   3.21250   4.98417 1479704 6672 276
-1 -1 824   9.46833  10.77000 1486376 6592 280
-1 -1 824   5.69278   7.06056 1492968 6592 281
-1 -1 819   9.73000  10.33250 1499560 6552 282
-1 -1 808  -9.38444  -8.82778 1506112 6464 284
-1 -1 807 -31.87167 -30.75194 1512576 6456 285
-1 -1 805  -8.71194  -7.34889 1519032 6440 286
-1 -1 798  13.80083  14.51889 1525472 6384 287
-1 -1 792  41.99944  42.00000 1531856 6336 290
-1 -1 792  41.99944  42.00000 1538192 6336 291
-1 -1 791   3.27056   5.96472 1544528 6328 293
-1 -1 784   8.14889  11.12528 1550856 6272 295
-1 -1 784 -26.77611 -25.75889 1557128 6272 296
-1 -1 774  19.67167  21.40056 1563400 6192 297
-1 -1 759   8.34694   9.08694 1569592 6072 301
-1 -1 759 -23.78611 -23.00944 1575664 6072 302
-1 -1 752  11.86611  12.79583 1581736 6016 304
-1 -1 750  51.41694  52.77500 1587752 6000 306
-1 -1 749  51.41694  52.77500 1593752 5992 307
-1 -1 742 -10.74861  -8.56306 1599744 5936 309
-1 -1 739  -7.44611  -5.16417 1605680 5912 312
-1 -1 738  -9.00528  -8.01139 1611592 5904 313
-1 -1 736 -26.26222 -23.99778 1617496 5888 314
-1 -1 733 -18.66444 -15.86611 1623384 5864 316
-1 -1 724  42.70028  45.01000 1629248 5792 319
-1 -1 724  42.70028  45.00972 1635040 5792 320
-1 -1 712  -0.56111   0.32028 1640832 5696 327
-1 -1 705   1.06750   3.72861 1646528 5640 330
-1 -1 700  29.70694  33.54972 1652168 5600 331
-1 -1 694  34.98611  36.61056 1657768 5552 332
-1 -1 694  34.98611  36.61056 1663320 5552 333
-1 -1 693  29.70694  33.54972 1668872 5544 334
-1 -1 691 -20.07861 -18.30111 1674416 5528 336
-1 -1 683  33.85861  35.22083 1679944 5464 339
-1 -1 680   9.08722   9.54167 1685408 5440 340
-1 -1 679  33.85861  35.22083 1690848 5432 341
-1 -1 672  30.36194  30.92139 1696280 5376 343
-1 -1 671 -13.13417 -11.26194 1701656 5368 344
-1 -1 671   2.31639   5.57139 1707024 5368 345
-1 -1 670  46.81639  51.18472 1712392 5360 346
-1 -1 670 -34.42917 -33.11750 1717752 5360 347
-1 -1 670  46.81639  51.18472 1723112 5360 348
-1 -1 666 -40.70694 -33.26917 1728472 5328 352
-1 -1 664  14.21861  14.94361 1733800 5312 353
-1 -1 659   9.06500  10.13889 1739112 5272 357
-1 -1 658  43.49944  47.92000 1744384 5264 358
-1 -1 658  43.49944  47.92000 1749648 5264 359
-1 -1 656 -21.53361 -19.08611 1754912 5248 360
-1 -1 655 -44.87278 -43.67194 1760160 5240 362
-1 -1 654  30.36194  30.92139 1765400 5232 363
-1 -1 646  40.68278  42.26556 1770632 5168 364
-1 -1 646  40.68278  42.26556 1775800 5168 365
-1 -1 644  35.34028  41.99972 1780968 5152 366
-1 -1 644  35.34028  41.99972 1786120 5152 367
-1 -1 639 -18.61806 -16.00444 1791272 5112 368
-1 -1 637 -22.09306 -20.88750 1796384 5096 369
-1 -1 632   9.85722  10.76750 1801480 5056 372
-1 -1 631   8.94083   9.48472 1806536 5048 373
-1 -1 630 -11.57611  -9.52917 1811584 5040 375
-1 -1 622   9.23000  10.46333 1816624 4976 378
-1 -1 615   8.97611  11.27000 1821600 4920 382
-1 -1 608  -1.55333  -0.93194 1826520 4864 383
-1 -1 603   9.39500   9.84972 1831384 4824 385
-1 -1 602  -2.58139  -1.30056 1836208 4816 387
-1 -1 600   6.03528   6.34111 1841024 4800 388
-1 -1 597   7.87861   9.95278 1845824 4776 389
-1 -1 595 -17.79833 -15.97333 1850600 4760 390
-1 -1 593   8.11139   9.42972 1855360 4744 391
-1 -1 598  33.00111  36.50028 1860104 4784 392
-1 -1 583  36.60250  38.41722 1864888 4664 393
-1 -1 574 -10.44583  -9.59833 1869552 4592 395
-1 -1 572  41.00444  45.00028 1874144 4576 397
-1 -1 572  41.00444  45.00028 1878720 4576 398
-1 -1 569  13.98750  14.41083 1883296 4552 401
-1 -1 568   8.19167  10.15083 1887848 4544 402
-1 -1 568   8.52889   8.91056 1892392 4544 403
-1 -1 566  17.15000  18.68111 1896936 4528 406
-1 -1 566  45.10417  46.58222 1901464 4528 407
-1 -1 566  45.10417  46.58222 1905992 4528 408
-1 -1 562   7.36306   8.61139 1910520 4496 409
-1 -1 553 -32.39250 -31.95472 1915016 4424 413
-1 -1 552  26.26306  31.33361 1919440 4416 414
-1 -1 548 -25.01556 -23.75833 1923856 4384 417
-1 -1 546 -19.84639 -17.98944 1928240 4368 419
-1 -1 545  -1.14083   0.72861 1932608 4360 420
-1 -1 543  10.94278  11.86833 1936968 4344 421
-1 -1 540  19.08917  19.71389 1941312 4320 422
-1 -1 539  18.23917  18.85972 1945632 4312 424
-1 -1 537 -15.61472 -14.73083 1949944 4296 426
-1 -1 536  32.71806  34.74139 1954240 4288 428
-1 -1 536  32.71806  34.74139 1958528 4288 429
-1 -1 536  32.05361  34.99917 1962816 4288 430
-1 -1 535  32.02889  33.65639 1967104 4280 432
-1 -1 531  32.02889  33.65639 1971384 4248 434
-1 -1 530  32.05361  34.99917 1975632 4240 435
-1 -1 530 -15.21917 -14.23611 1979872 4240 436
-1 -1 527  14.12444  14.74056 1984112 4216 437
-1 -1 524  15.43556  15.71528 1988328 4192 438
-1 -1 518   8.93028  10.13111 1992520 4144 439
-1 -1 513   7.97833   8.78389 1996664 4104 442
-1 -1 512  39.09944  41.75972 2000768 4096 443
-1 -1 512  39.09944  41.75972 2004864 4096 444
-1 -1 510  35.98556  36.99972 2008960 4080 446
-1 -1 509  42.72611  45.02194 2013040 4072 447
-1 -1 509  42.72611  45.02194 2017112 4072 448
-1 -1 508  37.80500  39.35694 2021184 4064 449
-1 -1 504  37.80500  39.35694 2025248 4032 450
-1 -1 502  19.58694  20.27083 2029280 4016 451
-1 -1 502  10.31278  11.06444 2033296 4016 452
-1 -1 502  13.97000  14.78917 2037312 4016 453
-1 -1 501 -14.14000 -12.98056 2041328 4008 454
-1 -1 494   9.92722  10.53500 2045336 3952 457
-1 -1 493  -4.76139  -3.05806 2049288 3944 459
-1 -1 487  21.15917  21.86222 2053232 3896 460
-1 -1 486  14.76417  15.41194 2057128 3888 461
-1 -1 484  15.84000  16.08556 2061016 3872 463
-1 -1 483  -2.80944  -2.19222 2064888 3864 464
-1 -1 481  -6.37583  -5.44250 2068752 3848 466
-1 -1 480   7.23111   8.13500 2072600 3840 467
-1 -1 479   3.99889   6.26583 2076440 3832 468
-1 -1 478  15.07639  15.77083 2080272 3824 469
-1 -1 477 -15.33472 -14.66583 2084096 3816 470
-1 -1 469 -38.29806 -37.57361 2087912 3752 473
-1 -1 467  14.04389  14.49028 2091664 3736 474
-1 -1 464  37.89806  38.90778 2095400 3712 477
-1 -1 462 -38.90750 -38.32139 2099112 3696 478
-1 -1 462   1.31306   2.61000 2102808 3696 479
-1 -1 462  13.94028  14.40417 2106504 3696 481
-1 -1 459   8.38083  10.07972 2110200 3672 483
-1 -1 458  37.89806  38.90778 2113872 3664 484
-1 -1 456 -34.62222 -33.14250 2117536 3648 488
-1 -1 456  14.53139  15.21139 2121184 3648 490
-1 -1 453   3.63917   5.35722 2124832 3624 491
-1 -1 451  45.94056  45.94194 2128456 3608 492
-1 -1 451   4.81444   5.72750 2132064 3608 493
-1 -1 450  45.94056  45.94194 2135672 3600 494
-1 -1 448 -26.38944 -25.16389 2139272 3584 497
-1 -1 446  38.90417  39.69889 2142856 3568 500
-1 -1 446  42.99944  43.50083 2146424 3568 501
-1 -1 445  42.99944  43.50083 2149992 3560 502
-1 -1 443   3.73750   4.82444 2153552 3544 503
-1 -1 443  34.35611  35.00000 2157096 3544 504
-1 -1 442   7.95556   9.36917 2160640 3536 505
-1 -1 440 -26.08722 -25.26806 2164176 3520 506
-1 -1 440  38.90417  39.69889 2167696 3520 507
-1 -1 435 -22.10083 -20.77889 2171216 3480 509
-1 -1 431  34.35611  35.00000 2174696 3448 510
-1 -1 430   6.94833   7.68056 2178144 3440 511
-1 -1 429   0.07722   0.89667 2181584 3432 512
-1 -1 423  39.72139  41.97750 2185016 3384 515
-1 -1 423  39.72139  41.97750 2188400 3384 516
-1 -1 419 -34.70417 -33.99667 2191784 3352 518
-1 -1 419  -7.18028  -5.97694 2195136 3352 519
-1 -1 419  33.64750  36.50056 2198488 3352 520
-1 -1 418   7.01722   7.70389 2201840 3344 521
-1 -1 416  44.75389  46.76556 2205184 3328 522
-1 -1 416  44.75389  46.76556 2208512 3328 523
-1 -1 415   7.00417   8.19444 2211840 3320 525
-1 -1 415   2.99444   3.83833 2215160 3320 526
-1 -1 414  39.45639  40.68472 2218480 3312 527
-1 -1 412  39.45639  40.68472 2221792 3296 528
-1 -1 410  16.41444  17.10556 2225088 3280 531
-1 -1 408  12.96750  13.82806 2228368 3264 532
-1 -1 408   8.53278   9.95556 2231632 3264 533
-1 -1 407  39.99944  40.00028 2234896 3256 536
-1 -1 407  39.99944  40.00028 2238152 3256 537
-1 -1 401 -19.45278 -18.61556 2241408 3208 538
-1 -1 400 -21.23500 -19.30222 2244616 3200 539
-1 -1 392 -23.35528 -22.40611 2247816 3136 542
-1 -1 390   1.67944   2.69222 2250952 3120 544
-1 -1 388   7.74806   8.44917 2254072 3104 546
-1 -1 388 -41.14500 -40.72528 2257176 3104 547
-1 -1 385 -19.71389 -18.56861 2260280 3080 550
-1 -1 377  30.27528  31.00000 2263360 3016 554
-1 -1 377  30.27528  31.00000 2266376 3016 555
-1 -1 376 -30.74944 -30.15111 2269392 3008 556
-1 -1 374 -33.48139 -32.92444 2272400 2992 557
-1 -1 372  17.10444  17.50194 2275392 2976 558
-1 -1 369 -17.55000 -15.91972 2278368 2952 559
-1 -1 369  12.45833  13.20667 2281320 2952 560
-1 -1 367 -36.13694 -35.12472 2284272 2936 563
-1 -1 367   6.26750   7.04778 2287208 2936 564
-1 -1 401  49.00000  59.99944 2290144 3208 566
-1 -1 367  18.66944  19.54083 2293352 2936 567
-1 -1 401  49.00000  59.99944 2296288 3208 568
-1 -1 366   7.68389   8.95417 2299496 2928 569
-1 -1 361  10.03389  10.32056 2302424 2888 570
-1 -1 361 -35.53833 -34.97250 2305312 2888 571
-1 -1 359 -33.11889 -32.70250 2308200 2872 572
-1 -1 354  14.48639  14.74056 2311072 2832 577
-1 -1 354  14.41917  15.16028 2313904 2832 578
-1 -1 353   4.08111   5.31167 2316736 2824 579
-1 -1 349  21.72556  22.46361 2319560 2792 582
-1 -1 346 -29.74722 -29.04806 2322352 2768 584
-1 -1 345   5.00222   6.52611 2325120 2760 585
-1 -1 345  39.35500  41.71306 2327880 2760 587
-1 -1 345  39.35500  41.71306 2330640 2760 588
-1 -1 344  43.07944  45.30250 2333400 2752 589
-1 -1 344  43.07944  45.30250 2336152 2752 590
-1 -1 343 -25.65361 -25.00944 2338904 2744 591
-1 -1 342 -37.39444 -37.16472 2341648 2736 592
-1 -1 339  47.29500  48.00194 2344384 2712 595
-1 -1 339  47.29528  48.00194 2347096 2712 596
-1 -1 337  42.99944  43.00083 2349808 2696 598
-1 -1 337  38.45278  39.85417 2352504 2696 599
-1 -1 336  42.99944  43.00083 2355200 2688 602
-1 -1 335  38.45278  39.85417 2357888 2680 603
-1 -1 334 -32.12083 -31.25500 2360568 2672 604
-1 -1 333 -42.61722 -41.68944 2363240 2664 606
-1 -1 333 -34.28778 -33.86361 2365904 2664 607
-1 -1 332  48.99944  59.99944 2368568 2656 610
-1 -1 332  48.99944  59.99944 2371224 2656 611
-1 -1 331  -1.75111  -0.85750 2373880 2648 612
-1 -1 330  13.16667  13.69583 2376528 2640 613
-1 -1 329  31.78306  32.99944 2379168 2632 616
-1 -1 329  14.92167  15.53694 2381800 2632 618
-1 -1 328  31.78306  32.99944 2384432 2624 620
-1 -1 328  -2.06389  -0.91639 2387056 2624 621
-1 -1 323  36.60250  37.53944 2389680 2584 623
-1 -1 323  14.04417  14.39056 2392264 2584 624
-1 -1 323 -34.99722 -34.68778 2394848 2584 625
-1 -1 323 -38.43056 -37.16028 2397432 2584 627
-1 -1 321   0.38694   1.20222 2400016 2568 629
-1 -1 320  18.37083  19.47694 2402584 2560 631
-1 -1 320  39.20389  39.72139 2405144 2560 632
-1 -1 317 -21.27528 -20.47222 2407704 2536 634
-1 -1 316  12.04972  12.37694 2410240 2528 635
-1 -1 314 -40.66083 -40.21000 2412768 2512 636
-1 -1 310  18.05667  18.24139 2415280 2480 637
-1 -1 310  13.41222  14.04778 2417760 2480 638
-1 -1 308  13.25222  13.86417 2420240 2464 639
-1 -1 306 -21.46333 -20.86194 2422704 2448 643
-1 -1 304 -23.50528 -22.68000 2425152 2432 646
-1 -1 304  42.49167  42.51083 2427584 2432 647
-1 -1 304  42.49167  42.51083 2430016 2432 648
-1 -1 303  39.20389  39.72139 2432448 2424 649
-1 -1 299 -32.61778 -32.36111 2434872 2392 650
-1 -1 299 -36.27806 -35.49306 2437264 2392 651
-1 -1 298 -26.19083 -25.55861 2439656 2384 652
-1 -1 294  41.32139  42.05500 2442040 2352 655
-1 -1 294 -32.50361 -31.67278 2444392 2352 656
-1 -1 294  41.32139  42.05500 2446744 2352 657
-1 -1 289 -23.82417 -23.29306 2449096 2312 659
-1 -1 289  11.76389  12.31333 2451408 2312 661
-1 -1 286  15.18000  15.86083 2453720 2288 663
-1 -1 284  13.16667  13.89583 2456008 2272 665
-1 -1 283 -39.56722 -39.28694 2458280 2264 667
-1 -1 283  13.51444  13.90833 2460544 2264 668
-1 -1 282  15.15667  15.29778 2462808 2256 669
-1 -1 281 -12.50056 -11.90389 2465064 2248 671
-1 -1 275 -12.27750 -11.32333 2467312 2200 674
-1 -1 273  18.96611  19.51833 2469512 2184 676
-1 -1 270  -1.29917  -0.66750 2471696 2160 681
-1 -1 268  14.73972  15.26500 2473856 2144 684
-1 -1 268  13.37389  13.75583 2476000 2144 685
-1 -1 268 -26.13833 -25.51111 2478144 2144 686
-1 -1 267  41.01056  42.75222 2480288 2136 687
-1 -1 267  41.01056  42.75222 2482424 2136 689
-1 -1 266   4.88750   5.88500 2484560 2128 690
-1 -1 266 -37.18722 -36.36972 2486688 2128 691
-1 -1 265 -13.77028 -13.20250 2488816 2120 693
-1 -1 264  13.45222  13.62639 2490936 2112 696
-1 -1 262  40.48056  41.35500 2493048 2096 699
-1 -1 262  40.48056  41.35500 2495144 2096 700
-1 -1 260   8.38722   8.96556 2497240 2080 701
-1 -1 258 -49.25333 -48.62111 2499320 2064 705
-1 -1 257 -39.32861 -38.80833 2501384 2056 707
-1 -1 252  -7.70806  -7.01139 2503440 2016 711
-1 -1 252 -15.91750 -14.65694 2505456 2016 712
-1 -1 251  12.77861  13.34056 2507472 2008 713
-1 -1 249  13.53889  13.90500 2509480 1992 714
-1 -1 248  -0.91556   0.07806 2511472 1984 716
-1 -1 247   9.59750  10.30917 2513456 1976 717
-1 -1 246  14.40361  14.77722 2515432 1968 718
-1 -1 246  13.20611  13.44611 2517400 1968 719
-1 -1 245  47.91722  48.99750 2519368 1960 720
-1 -1 244  -3.88000  -3.32750 2521328 1952 721
-1 -1 243  47.91722  48.99750 2523280 1944 722
-1 -1 241 -32.27667 -32.03083 2525224 1928 727
-1 -1 237   5.46389   5.77639 2527152 1896 731
-1 -1 234  13.66417  14.04139 2529048 1872 733
-1 -1 233  33.65833  34.35833 2530920 1864 735
-1 -1 233  -3.78944  -3.32028 2532784 1864 736
-1 -1 233  33.65833  34.35833 2534648 1864 737
-1 -1 233  17.46528  17.96250 2536512 1864 738
-1 -1 232  17.81972  18.65528 2538376 1856 739
-1 -1 231   7.51944   8.00000 2540232 1848 740
-1 -1 229 -36.53833 -36.11833 2542080 1832 741
-1 -1 227  10.40750  10.91806 2543912 1816 742
-1 -1 225   8.95472   9.35444 2545728 1800 743
-1 -1 219  17.92972  18.07389 2547528 1752 744
-1 -1 218  -5.38167  -4.32639 2549280 1744 745
-1 -1 216  14.51472  14.89028 2551024 1728 747
-1 -1 216  10.39250  10.62472 2552752 1728 748
-1 -1 214   6.76111   7.13028 2554480 1712 751
-1 -1 213   9.99000  10.76083 2556192 1704 752
-1 -1 213  14.50472  14.73000 2557896 1704 753
-1 -1 212  11.51889  12.15278 2559600 1696 754
-1 -1 205  17.81944  20.86444 2561296 1640 759
-1 -1 207 -42.00000 -41.99917 2562936 1656 763
-1 -1 197 -25.65722 -22.47028 2564592 1576 765
-1 -1 197 -34.79583 -33.90278 2566168 1576 766
-1 -1 196   4.98222   5.50167 2567744 1568 767
-1 -1 193  45.07139  45.45472 2569312 1544 768
-1 -1 193  45.07139  45.45472 2570856 1544 769
-1 -1 191  13.25806  13.66250 2572400 1528 770
-1 -1 191   1.91444   2.68417 2573928 1528 771
-1 -1 188   5.83722   6.23250 2575456 1504 773
-1 -1 187  15.20972  15.43806 2576960 1496 774
-1 -1 187 -33.46389 -33.33417 2578456 1496 775
-1 -1 187 -32.64972 -31.75139 2579952 1496 776
-1 -1 211  14.74167  15.99111 2581448 1688 777
-1 -1 186  14.91944  15.29528 2583136 1488 778
-1 -1 184  22.21389  22.47222 2584624 1472 779
-1 -1 184  13.64194  13.94306 2586096 1472 780
-1 -1 182  10.44083  10.98917 2587568 1456 782
-1 -1 177  -3.31889  -2.62556 2589024 1416 786
-1 -1 175  17.85083  18.46972 2590440 1400 787
-1 -1 175   9.95694  10.78389 2591840 1400 788
-1 -1 174 -25.98389 -25.43528 2593240 1392 789
-1 -1 173  33.01139  33.01222 2594632 1384 791
-1 -1 173  33.01139  33.01222 2596016 1384 792
-1 -1 173  16.04278  17.15000 2597400 1384 794
-1 -1 171  12.90167  13.08306 2598784 1368 796
-1 -1 170  13.70611  14.06694 2600152 1360 797
-1 -1 167 -32.92528 -32.58250 2601512 1336 799
-1 -1 166  30.91778  31.62722 2602848 1328 801
-1 -1 165   6.34056   7.01056 2604176 1320 804
-1 -1 165 -34.80583 -33.92611 2605496 1320 805
-1 -1 164  30.91778  31.62722 2606816 1312 807
-1 -1 163  14.77861  14.95083 2608128 1304 808
-1 -1 162  -2.32750  -1.57472 2609432 1296 811
-1 -1 161  -5.53056  -4.82778 2610728 1288 813
-1 -1 155  11.60167  11.72278 2612016 1240 816
-1 -1 155  43.91806  44.42028 2613256 1240 818
-1 -1 155  43.91806  44.42028 2614496 1240 819
-1 -1 154  41.51222  42.01722 2615736 1232 822
-1 -1 154  41.51222  42.01722 2616968 1232 823
-1 -1 159 -31.88389 -29.55722 2618200 1272 824
-1 -1 150  13.74389  13.81389 2619472 1200 829
-1 -1 150  13.67556  13.85361 2620672 1200 831
-1 -1 147  20.27194  21.14639 2621872 1176 833
-1 -1 146 -28.00278 -27.99944 2623048 1168 834
-1 -1 145  12.11806  12.54972 2624216 1160 835
-1 -1 144  41.69917  41.73833 2625376 1152 837
-1 -1 144  41.69917  41.73833 2626528 1152 838
-1 -1 141  14.41167  14.63528 2627680 1128 839
-1 -1 140 -33.02639 -32.49417 2628808 1120 840
-1 -1 140 -54.91861 -54.87611 2629928 1120 841
-1 -1 140  19.65194  21.49528 2631048 1120 842
-1 -1 140   5.93472   6.54472 2632168 1120 843
-1 -1 139  18.14861  18.40639 2633288 1112 844
-1 -1 139  26.66694  28.99389 2634400 1112 845
-1 -1 137  -4.17694  -3.57833 2635512 1096 846
-1 -1 136   8.62056   8.87611 2636608 1088 849
-1 -1 136  16.52333  16.70000 2637696 1088 850
-1 -1 136  34.99944  35.00000 2638784 1088 851
-1 -1 136  34.99944  35.00000 2639872 1088 852
-1 -1 135  10.06917  10.25167 2640960 1080 853
-1 -1 134  10.25944  10.80889 2642040 1072 854
-1 -1 132  43.07889  43.72389 2643112 1056 857
-1 -1 132  43.07889  43.72389 2644168 1056 858
-1 -1 131  14.81472  15.01611 2645224 1048 859
-1 -1 131  42.51306  43.00056 2646272 1048 860
-1 -1 131  42.51306  43.00056 2647320 1048 862
-1 -1 130  17.98250  18.16944 2648368 1040 865
-1 -1 128  35.00167  35.00250 2649408 1024 867
-1 -1 128  35.00167  35.00250 2650432 1024 868
-1 -1 128  14.43222  14.57750 2651456 1024 869
-1 -1 126  10.30778  10.52611 2652480 1008 872
-1 -1 126 -34.80806 -34.20722 2653488 1008 873
-1 -1 124 -46.00028 -45.99944 2654496 992 874
-1 -1 123  12.00083  12.30639 2655488 984 877
-1 -1 121 -17.30056 -16.97583 2656472 968 878
-1 -1 119 -27.40722 -26.50000 2657440 952 884
-1 -1 118  31.62889  32.05694 2658392 944 886
-1 -1 118 -41.04806 -40.70861 2659336 944 887
-1 -1 118  31.62889  32.05694 2660280 944 888
-1 -1 117  -4.21250  -4.05361 2661224 936 889
-1 -1 116   9.83417  10.03778 2662160 928 890
-1 -1 115  14.53083  14.82583 2663088 920 891
-1 -1 113  14.67417  14.87778 2664008 904 892
-1 -1 113  18.19500  18.43583 2664912 904 893
-1 -1 112 -55.18917 -54.91750 2665816 896 894
-1 -1 112 -18.56528 -18.34306 2666712 896 895
-1 -1 112  34.81000  35.34111 2667608 896 896
-1 -1 112  34.81000  35.34111 2668504 896 897
-1 -1 111   0.10250   0.55861 2669400 888 900
-1 -1 110  13.77583  14.03250 2670288 880 901
-1 -1 109  -3.08361  -2.51944 2671168 872 903
-1 -1 108   5.35778   5.73778 2672040 864 905
-1 -1 108  18.68694  18.97611 2672904 864 906
-1 -1 106  17.87889  18.18556 2673768 848 908
-1 -1 104 -22.88028 -22.24806 2674616 832 909
-1 -1 103  37.91556  38.03917 2675448 824 910
-1 -1 103 -26.51944 -26.11806 2676272 824 911
-1 -1 103  37.91556  38.03917 2677096 824 913
-1 -1 102 -15.44222 -15.09194 2677920 816 914
-1 -1 101   5.63972   5.94028 2678736 808 916
-1 -1 101  44.76917  45.18333 2679544 808 917
-1 -1 98   8.92500   9.17333 2680352 784 919
-1 -1 96  17.92167  18.26139 2681136 768 923
-1 -1 95 -22.89000 -22.68139 2681904 760 924
-1 -1 95   4.99972   5.00222 2682664 760 925
-1 -1 95 -27.37222 -26.73750 2683424 760 927
-1 -1 93   5.32722   5.92806 2684184 744 930
-1 -1 92  18.07417  18.26583 2684928 736 932
-1 -1 92 -34.89167 -34.71306 2685664 736 933
-1 -1 90  14.81806  14.91056 2686400 720 936
-1 -1 88 -28.14028 -27.34444 2687120 704 940
-1 -1 85  18.28861  18.33861 2687824 680 943
-1 -1 82  13.48917  13.63778 2688504 656 948
-1 -1 82 -35.00222 -34.99889 2689160 656 949
-1 -1 81  27.99889  28.00250 2689816 648 950
-1 -1 78  42.38194  42.83528 2690464 624 956
-1 -1 78  42.38222  42.83528 2691088 624 957
-1 -1 76  44.42083  44.61250 2691712 608 959
-1 -1 76  48.02194  48.09639 2692320 608 960
-1 -1 76  44.42083  44.61250 2692928 608 961
-1 -1 76  48.02194  48.09639 2693536 608 962
-1 -1 73  32.25389  32.50806 2694144 584 965
-1 -1 73  17.96083  18.23583 2694728 584 966
-1 -1 73  -3.52750  -3.29611 2695312 584 967
-1 -1 72  17.85833  18.22111 2695896 576 972
-1 -1 69   9.53778   9.69944 2696472 552 975
-1 -1 69 -12.98139 -12.68194 2697024 552 976
-1 -1 69  10.01028  10.32250 2697576 552 978
-1 -1 65   4.67528   4.72833 2698128 520 982
-1 -1 64  19.06028  19.14583 2698648 512 985
-1 -1 59   6.52833   6.81222 2699160 472 990
-1 -1 56  44.75556  45.02306 2699632 448 993
-1 -1 56  21.11250  21.18167 2700080 448 994
-1 -1 56  44.75556  45.02306 2700528 448 995
-1 -1 55  43.20806  43.51250 2700976 440 997
-1 -1 55  43.20806  43.51250 2701416 440 998
-1 -1 51  31.96500  32.25167 2701856 408 1003
-1 -1 50   9.09778   9.20889 2702264 400 1007
-1 -1 50  -7.12222  -7.03000 2702664 400 1008
-1 -1 49  38.79000  38.99472 2703064 392 1010
-1 -1 49  38.79000  38.99500 2703456 392 1012
-1 -1 48 -25.04028 -24.95306 2703848 384 1013
-1 -1 48 -14.57333 -14.34611 2704232 384 1014
-1 -1 48  10.58972  10.73250 2704616 384 1015
-1 -1 47  45.82889  45.98917 2705000 376 1018
-1 -1 47  45.82889  45.98917 2705376 376 1019
-1 -1 47  -1.42000  -1.16389 2705752 376 1020
-1 -1 45  44.61139  44.75222 2706128 360 1021
-1 -1 45  44.61139  44.75222 2706488 360 1022
-1 -1 44  11.85639  11.94917 2706848 352 1023
-1 -1 40   9.13222   9.29194 2707200 320 1032
-1 -1 40  51.19167  51.45889 2707520 320 1033
-1 -1 40  51.19167  51.45889 2707840 320 1034
-1 -1 38  60.30528  60.39806 2708160 304 1035
-1 -1 38  60.30528  60.39806 2708464 304 1036
-1 -1 37  47.15889  47.39000 2708768 296 1037
-1 -1 37  47.15889  47.39000 2709064 296 1038
-1 -1 35  44.08861  44.29833 2709360 280 1042
-1 -1 35  13.99333  14.01417 2709640 280 1043
-1 -1 35  44.08889  44.29833 2709920 280 1044
-1 -1 32  36.50000  36.99944 2710200 256 1046
-1 -1 32  36.49972  36.99972 2710456 256 1048
-1 -1 32  -4.33972  -4.22111 2710712 256 1049
-1 -1 31  36.50000  36.99944 2710968 248 1050
-1 -1 31  43.78417  43.92028 2711216 248 1051
-1 -1 31  43.78444  43.92028 2711464 248 1053
-1 -1 30  41.76417  41.77056 2711712 240 1054
-1 -1 30  46.16806  46.25361 2711952 240 1055
-1 -1 30  46.16806  46.25361 2712192 240 1057
-1 -1 30  41.76417  41.77083 2712432 240 1058
-1 -1 29  -0.91861  -0.90861 2712672 232 1059
-1 -1 26  45.76889  45.79889 2712904 208 1062
-1 -1 26  47.25639  47.30556 2713112 208 1063
-1 -1 26  47.25639  47.30556 2713320 208 1064
-1 -1 26  45.76889  45.79889 2713528 208 1065
-1 -1 23  46.92250  47.02972 2713736 184 1069
-1 -1 23  46.92250  47.02972 2713920 184 1070
-1 -1 23  47.86139  48.00417 2714104 184 1071
-1 -1 23  11.04000  11.10139 2714288 184 1072
-1 -1 23  47.86139  48.00417 2714472 184 1073
-1 -1 22  42.49000  42.49111 2714656 176 1075
-1 -1 22  42.49000  42.49111 2714832 176 1076
-1 -1 20  34.73639  34.80806 2715008 160 1078
-1 -1 20   0.10333   0.19361 2715168 160 1079
-1 -1 20  19.89250  19.96556 2715328 160 1080
-1 -1 20 -25.69472 -25.65028 2715488 160 1081
-1 -1 20  34.73639  34.80806 2715648 160 1082
-1 -1 18  19.90111  19.96333 2715808 144 1085
-1 -1 14  47.29139  47.29278 2715952 112 1089
-1 -1 14  47.29139  47.29278 2716064 112 1090
-1 -1 13  41.76778  41.84222 2716176 104 1092
-1 -1 13  41.74000  41.76861 2716280 104 1093
-1 -1 13  41.74000  41.76861 2716384 104 1094
-1 -1 13  41.76778  41.84222 2716488 104 1095
-1 -1 12  43.72583  43.78167 2716592 96 1097
-1 -1 12  43.72583  43.78139 2716688 96 1098
-1 -1 6  36.50083  36.50139 2716784 48 1104
-1 -1 6  -2.19556  -2.14333 2716832 48 1106
-1 -1 6  36.50083  36.50139 2716880 48 1107
-1 -1 46  24.69639  25.07389 2716928 368 1108
-1 -1 3  48.99722  48.99806 2717296 24 1109
-1 -1 3  34.57972  34.58111 2717320 24 1110
-1 -1 2  52.36833  52.36889 2717344 16 1112
-1 -1 2  34.99556  34.99611 2717360 16 1113
-1 -1 2   8.00000   8.00028 2717376 16 1114
-1 -1 2  18.43583  18.43667 2717392 16 1115
-1 -1 2  31.99944  32.00000 2717408 16 1117
-1 -1 2  13.00000  13.00028 2717424 16 1118
-1 -1 2  13.00000  13.00028 2717440 16 1124
-1 -1 2  42.99944  43.00000 2717456 16 1127
-1 -1 2  39.99944  40.00000 2717472 16 1136
-1 -1 1705 -31.69000 -14.88051 2717488 13640 1147
-1 -1 1202 -26.00671 -25.99842 2731128 9616 1148
-1 -1 958 -26.00236 -16.54464 2740744 7664 1149
-1 -1 1168 -38.06014 -26.00574 2748408 9344 1150
-1 -1 1516 -29.18432 -28.16010 2757752 12128 1151
-1 -1 248 -35.92123 -35.12671 2769880 1984 1152
-1 -1 2019 -37.50533 -34.00000 2771864 16152 1153
-1 -1 3236  60.00000  69.55694 2788016 25888 2003
-1 -1 1067  69.55694  72.44490 2813904 8536 2004
-1 -1 2  72.50105  72.51970 2822440 16 2005
-1 -1 11  72.61840  72.71030 2822456 88 2006
-1 -1 24  72.74930  72.97920 2822544 192 2007
-1 -1 72  74.84170  75.54800 2822736 576 2008
-1 -1 26  76.24080  76.48351 2823312 208 2009
-1 -1 21  77.92010  78.11640 2823520 168 2010
-1 -1 39  78.32095  78.69375 2823688 312 2011
