> Border Bin # 1, Level 1 27.6338 28.0107 70.0 70.0671
28.0107	70.0671
27.6338	70
> Border Bin # 1, Level 1 27.928 28.1913 70.0 70.0882
27.928	70.0882
28.1913	70
> Border Bin # 18, Level 1 12.0937 18.1582 50.0 51.019
12.0937	50.3229
15.1727	51.019
16.3699	50.6442
16.6418	50.1083
16.8902	50.4395
17.7261	50.318
18.1582	50
> Border Bin # 18, Level 1 5.86404 7.1931 50.0 53.6075
6.19242	50
5.86404	51.0437
5.94827	51.825
7.05303	52.2382
6.68894	52.5492
7.1931	53.3158
6.40879	53.6075
> Border Bin # 18, Level 1 19.602 20.0 54.4663 54.4767
20	54.4663
19.602	54.4767
> Border Bin # 18, Level 1 12.0934 12.2997 50.0 50.3232
12.2997	50
12.0934	50.3232
> Border Bin # 18, Level 1 10.7576 20.0 58.9049 68.5086
20	68.4067
19.9377	68.3374
18.0969	68.5086
17.8842	67.9455
16.7269	67.8991
15.4681	66.2838
14.5049	66.1324
13.6626	64.5827
14.1466	64.1738
12.6677	63.9632
11.9365	63.2723
12.1245	61.7287
12.856	61.3625
12.21	61.0024
12.4892	60.0984
11.8154	59.8457
11.6213	58.9049
10.7576	58.9137
> Border Bin # 18, Level 1 4.22278 4.99397 50.0 50.1669
4.99397	50
4.83223	50.1669
4.22278	50
> Border Bin # 18, Level 1 2.54154 4.12238 50.0 51.091
4.12238	50
2.54154	51.091
> Border Bin # 18, Level 1 14.1262 14.8284 50.8658 53.27
14.8284	50.8658
14.6413	52.5699
14.1262	52.8452
14.4457	53.27
> Border Bin # 18, Level 1 3.37041 6.01175 50.7565 51.4865
6.01175	50.7565
5.04128	51.4865
3.37041	51.3724
> Border Bin # 18, Level 1 6.06241 6.13291 50.0 50.1266
6.13291	50.1266
6.06241	50
> Border Bin # 18, Level 1 8.41016 10.031 54.7657 55.0864
8.41016	55.0864
10.031	54.7657
> Border Bin # 19, Level 1 20.0 24.1328 50.0 54.4663
23.3198	50
24.1328	50.5444
23.169	52.2821
23.9106	53.1672
22.9929	54.3879
20	54.4663
> Border Bin # 19, Level 1 20.0 20.5863 68.4067 69.0576
20.5863	69.0576
20	68.4067
> Border Bin # 19, Level 1 20.5817 27.6338 65.5132 70.0
27.6338	70
25.9889	69.7067
24.9085	68.558
22.3984	68.7112
21.3208	69.3262
20.5817	69.0594
23.6661	67.9416
24.1355	65.5132
> Border Bin # 19, Level 1 28.6967 31.5819 62.9143 69.0506
28.9595	69.0506
28.6967	68.1933
30.0285	67.6947
29.0752	66.8801
30.6111	64.1018
29.9934	63.7435
31.5819	62.9143
> Border Bin # 19, Level 1 21.0538 26.6136 55.6754 56.4506
21.0538	56.078
22.0673	56.4195
24.8997	56.4506
26.6136	55.6754
> Border Bin # 19, Level 1 21.0538 26.6136 55.6754 56.4506
21.0538	56.078
22.0673	56.4195
24.8997	56.4506
26.6136	55.6754
> Border Bin # 19, Level 1 23.5041 26.1607 53.9478 54.9772
26.1607	54.9772
25.7716	54.155
23.5041	53.9478
> Border Bin # 19, Level 1 23.5041 26.1607 53.9478 54.9772
26.1607	54.9772
25.7716	54.155
23.5041	53.9478
> Border Bin # 19, Level 1 35.3063 37.9223 50.0 50.9595
35.3063	50.9595
35.635	50.3577
37.4585	50.4398
37.9223	50
> Border Bin # 19, Level 1 31.7839 34.3832 51.8439 52.367
31.7839	52.1082
33.8183	52.367
34.3832	51.8439
> Border Bin # 19, Level 1 24.3116 27.371 57.5358 58.0845
27.371	57.5358
25.2949	58.0845
24.3116	57.8709
> Border Bin # 19, Level 1 28.1678 30.9255 55.6031 56.1494
30.9255	55.6031
28.1678	56.1494
> Border Bin # 19, Level 1 28.1678 30.9255 55.6031 56.1494
30.9255	55.6031
28.1678	56.1494
> Border Bin # 19, Level 1 27.5126 29.3538 51.3751 51.6303
27.5126	51.6303
29.3538	51.3751
> Border Bin # 19, Level 1 27.8108 31.5868 60.5476 62.9125
31.5868	62.9125
27.8108	60.5476
> Border Bin # 19, Level 1 27.371 28.1657 56.1512 57.5364
28.1657	56.1512
27.371	57.5364
> Border Bin # 19, Level 1 28.1913 30.8568 69.0295 70.0
28.1913	70
29.1276	69.686
29.0343	69.0295
30.8568	69.7937
> Border Bin # 19, Level 1 30.9255 31.1989 54.4608 55.6031
31.1989	54.4608
30.9255	55.6031
> Border Bin # 19, Level 1 23.6027 25.5467 51.5311 51.9226
25.5467	51.9226
23.6027	51.5311
> Border Bin # 19, Level 1 25.5482 27.5126 51.6303 51.9208
25.5482	51.9208
27.5126	51.6303
> Border Bin # 19, Level 1 31.3765 31.7839 52.1082 53.1211
31.3765	53.1211
31.7839	52.1082
> Border Bin # 19, Level 1 31.3765 32.7373 53.1211 53.4388
32.7373	53.4388
31.3765	53.1211
> Border Bin # 19, Level 1 26.1607 26.8196 54.9772 55.6748
26.6126	55.6748
26.8196	55.2811
26.1607	54.9772
> Border Bin # 19, Level 1 26.1607 26.8196 54.9772 55.6748
26.6126	55.6748
26.8196	55.2811
26.1607	54.9772
> Border Bin # 19, Level 1 34.2098 35.3057 50.9595 51.2595
34.2098	51.2595
35.3057	50.9595
> Border Bin # 19, Level 1 29.3538 30.5495 51.2528 51.3751
29.3538	51.3751
30.5495	51.2528
> Border Bin # 19, Level 1 31.7632 32.7364 53.4385 53.8044
32.7364	53.4385
31.7632	53.8044
> Border Bin # 19, Level 1 30.5504 30.8009 51.2531 51.9443
30.8009	51.9443
30.5504	51.2531
> Border Bin # 19, Level 1 21.2668 22.6023 55.0721 55.2488
22.6023	55.0721
21.2668	55.2488
> Border Bin # 19, Level 1 22.6023 22.7848 54.365 55.0718
22.7848	54.365
22.6023	55.0718
> Border Bin # 19, Level 1 27.6695 27.8441 58.0098 59.1597
27.8441	59.1597
27.6695	58.0098
> Border Bin # 19, Level 1 30.8009 31.7839 51.9443 52.1082
31.7839	52.1082
30.8009	51.9443
> Border Bin # 19, Level 1 34.2986 34.3825 51.369 51.8433
34.3825	51.8433
34.2986	51.369
> Border Bin # 19, Level 1 27.371 27.6701 57.5358 58.0098
27.371	57.5358
27.6701	58.0098
> Border Bin # 19, Level 1 31.1952 31.8657 54.0021 54.4602
31.8657	54.0021
31.1952	54.4602
> Border Bin # 19, Level 1 26.6142 27.35 55.6751 55.8265
27.35	55.8265
26.6142	55.6751
> Border Bin # 19, Level 1 26.6142 27.35 55.6751 55.8265
27.35	55.8265
26.6142	55.6751
> Border Bin # 19, Level 1 27.6014 28.1678 55.792 56.1494
28.1678	56.1494
27.6014	55.792
> Border Bin # 19, Level 1 27.6014 28.1678 55.792 56.1494
28.1678	56.1494
27.6014	55.792
> Border Bin # 19, Level 1 31.7635 31.8657 53.8032 54.0021
31.8657	54.0021
31.7635	53.8032
> Border Bin # 19, Level 1 27.8441 28.1892 59.1597 59.3526
27.8441	59.1597
28.1892	59.3526
> Border Bin # 19, Level 1 27.3509 27.6014 55.792 55.8265
27.6014	55.792
27.3509	55.8265
> Border Bin # 19, Level 1 27.3509 27.6014 55.792 55.8265
27.6014	55.792
27.3509	55.8265
> Border Bin # 19, Level 1 34.2098 34.2986 51.2595 51.369
34.2986	51.369
34.2098	51.2595
> Border Bin # 19, Level 1 28.0159 28.1892 59.3526 59.4786
28.0159	59.4786
28.1892	59.3526
> Border Bin # 19, Level 1 27.4995 27.7961 60.2553 60.5455
27.7961	60.5455
27.4995	60.2553
> Border Bin # 20, Level 1 48.5936 50.7732 50.0 51.7691
50.7732	51.7691
48.5936	50.6482
48.78	50
> Border Bin # 20, Level 1 47.444 48.6152 50.0 50.3751
48.6152	50
47.444	50.3751
> Border Bin # 20, Level 1 54.5202 57.7945 50.5283 51.12
57.7945	51.12
57.482	50.8646
56.5032	51.0816
55.6924	50.5325
54.6471	51.037
54.5202	50.5283
> Border Bin # 20, Level 1 58.3368 60.0 50.4782 51.156
60	50.8298
59.5425	50.4782
58.3368	51.156
> Border Bin # 20, Level 1 50.7723 52.5832 51.4548 51.781
52.5832	51.4643
52.347	51.781
51.682	51.4548
50.7723	51.7694
> Border Bin # 20, Level 1 47.2642 47.4464 50.0 50.3769
47.4464	50.3769
47.2642	50
> Border Bin # 20, Level 1 53.3568 54.5235 50.5286 51.5067
54.5235	50.5286
53.3568	51.5067
> Border Bin # 20, Level 1 52.5832 53.3568 51.4643 51.5067
53.3568	51.5067
52.5832	51.4643
> Border Bin # 20, Level 1 58.0023 58.3377 51.0849 51.156
58.3377	51.156
58.0023	51.0849
> Border Bin # 20, Level 1 57.7945 58.0011 51.0846 51.12
58.0011	51.0846
57.7945	51.12
> Border Bin # 21, Level 1 60.0256 63.3259 52.0008 54.1825
60.0256	52.0008
61.062	52.3426
60.9967	52.9789
62.1155	52.9987
61.1847	53.3066
61.5775	53.5132
60.9055	53.6204
61.0141	53.9475
63.3259	54.1825
> Border Bin # 21, Level 1 60.0 61.6782 50.7926 51.2647
61.6782	51.2647
61.4105	50.7926
60.0436	50.8634
60	50.8298
> Border Bin # 21, Level 1 79.3368 80.0 50.8533 51.6693
79.3368	51.6693
80	50.8533
> Border Bin # 21, Level 1 71.0643 73.7639 53.436 54.3879
71.0643	54.192
72.1907	54.1355
72.0516	54.3879
72.4685	53.9088
73.7639	54.0656
73.4371	53.436
> Border Bin # 21, Level 1 66.1082 68.7269 54.6452 55.3672
66.1082	54.6452
68.2054	54.9662
68.7269	55.3672
> Border Bin # 21, Level 1 75.6915 77.8012 53.3457 54.4755
75.6915	54.1102
76.9235	54.4755
76.5216	53.9939
77.8012	53.3457
> Border Bin # 21, Level 1 64.604 66.1082 54.3909 54.643
64.604	54.3909
66.1082	54.643
> Border Bin # 21, Level 1 64.604 66.1082 54.3909 54.643
64.604	54.3909
66.1082	54.643
> Border Bin # 21, Level 1 70.4701 71.2789 54.1932 55.2967
70.4701	55.2967
71.2789	54.6903
71.0658	54.1932
> Border Bin # 21, Level 1 68.7233 70.4704 55.2973 55.3684
68.7233	55.3684
70.4704	55.2973
> Border Bin # 21, Level 1 60.0244 60.9445 51.6199 52.0008
60.9445	51.6199
60.0244	52.0008
> Border Bin # 21, Level 1 73.4371 75.6905 53.436 54.1111
73.4371	53.436
74.4292	53.4788
75.6905	54.1111
> Border Bin # 21, Level 1 77.8009 79.3368 51.6693 53.3454
77.8009	53.3454
79.3368	51.6693
> Border Bin # 21, Level 1 63.9014 64.6018 54.1978 54.3925
63.9014	54.1978
64.6018	54.3925
> Border Bin # 21, Level 1 60.9445 61.4966 51.4282 51.6199
60.9445	51.6199
61.4966	51.4282
> Border Bin # 21, Level 1 63.3259 63.9026 54.1825 54.1968
63.3259	54.1825
63.9026	54.1968
> Border Bin # 21, Level 1 61.5 61.6803 51.2668 51.4301
61.6803	51.2668
61.5	51.4301
> Border Bin # 22, Level 1 90.0529 94.8632 50.0 50.8746
90.0529	50
92.3836	50.8746
94.2751	50.5695
94.6352	50.0244
94.8632	50
> Border Bin # 22, Level 1 97.7914 100.0 50.0 52.1436
97.7914	50
98.2898	50.2936
97.8277	51.001
98.93	52.1436
100	51.8802
> Border Bin # 22, Level 1 81.5995 84.7367 50.0 51.0025
81.5995	50.7361
83.4565	51.0025
84.7367	50
> Border Bin # 22, Level 1 80.0 81.5995 50.7361 51.3144
80	50.8533
80.0778	50.7575
80.6879	51.3144
81.5995	50.7361
> Border Bin # 23, Level 1 113.806 116.175 50.0 50.2841
116.175	50
114.313	50.2841
113.806	50
> Border Bin # 23, Level 1 100.0 107.709 50.0 51.8802
100	51.8802
102.219	51.3336
102.328	50.5695
103.324	50.1975
105.357	50.4834
107.709	50
> Border Bin # 23, Level 1 119.11 120.0 50.0 51.1295
119.11	50
120	51.1295
> Border Bin # 24, Level 1 120.0 127.585 50.2084 53.5541
120	51.1295
120.776	52.1146
120.028	52.7677
120.863	53.2795
123.262	53.5541
126.095	52.7643
127.585	50.2084
> Border Bin # 24, Level 1 127.586 127.664 50.0 50.2029
127.586	50.2029
127.664	50
> Border Bin # 28, Level 1 218.997 220.0 60.3075 69.6457
220	60.3307
219.003	60.3075
218.997	69.6457
> Border Bin # 29, Level 1 220.0 230.028 54.7077 60.3523
229.392	54.7077
230.028	55.2824
229.911	56.118
228.175	56.5971
224.765	59.7029
223.656	59.6028
222.522	58.9073
220.932	60.3523
220	60.3307
> Border Bin # 35, Level 1 351.843 353.733 54.0995 55.0706
352.747	55.0706
351.843	54.4385
353.733	54.0995
> Border Bin # 36, Level 1 18.1582 20.0 49.2328 50.0
18.1582	50
18.978	49.3967
19.4662	49.61
20	49.2328
> Border Bin # 36, Level 1 13.7212 20.0 45.7678 46.871
13.7212	46.5274
14.5696	46.3864
16.2933	46.871
17.8634	45.7678
20	46.1184
> Border Bin # 36, Level 1 6.19242 8.22766 47.5851 50.0
7.58892	47.5851
8.22766	48.9645
6.3621	49.4601
6.19242	50
> Border Bin # 36, Level 1 9.3022 11.5676 30.0 33.1724
9.33791	30
9.3022	30.123
10.2135	30.7309
10.2873	31.6941
11.5676	32.4424
11.5261	33.1724
> Border Bin # 36, Level 1 6.61997 10.4875 43.7887 47.5406
7.53216	43.7887
7.67285	44.1827
6.87694	44.3767
6.61997	45.1104
7.18181	45.4159
6.80888	45.8315
7.86328	45.921
8.4303	46.463
9.00587	45.8209
9.29702	46.5039
10.1375	46.231
10.4875	46.9378
9.47585	47.0581
9.5668	47.5406
> Border Bin # 36, Level 1 9.73098 13.8347 47.2747 50.0
9.73098	47.5366
10.1732	47.2747
10.4726	47.5915
11.2694	47.402
12.2573	47.7432
13.0532	47.4963
12.7584	48.1238
13.8347	48.7723
12.6647	49.4293
12.2997	50
> Border Bin # 36, Level 1 16.1111 20.0 46.8692 48.1546
16.1111	46.8692
16.5106	47.0068
16.4504	47.698
17.1908	48.023
18.6554	47.7584
20	48.1546
> Border Bin # 36, Level 1 5.96597 9.72824 45.9322 47.807
7.0399	45.9322
6.70268	46.4547
5.96597	46.1404
6.99046	47.4972
8.56611	47.807
9.72824	47.5354
> Border Bin # 36, Level 1 19.9274 20.0 39.807 39.8448
19.9274	39.8448
20	39.807
> Border Bin # 36, Level 1 19.3677 20.0 41.8505 42.6259
20	42.5399
19.6542	42.6259
19.3677	41.8505
> Border Bin # 36, Level 1 16.9421 18.851 48.6169 49.5181
18.851	49.5181
16.9421	48.6169
> Border Bin # 36, Level 1 4.99397 6.3621 49.4601 50.0
6.3621	49.4601
5.47311	49.5062
4.99397	50
> Border Bin # 36, Level 1 4.12238 4.22278 49.9802 50.0
4.22278	50
4.15076	49.9802
4.12238	50
> Border Bin # 36, Level 1 10.472 13.7191 45.5981 47.0947
13.7173	45.5981
13.3831	46.2972
13.7191	46.527
12.4407	46.6909
12.1892	47.0947
10.472	46.8679
> Border Bin # 36, Level 1 7.49248 9.53719 30.2338 36.9435
9.53719	30.2338
9.05531	32.0999
8.34852	32.5333
7.49248	33.8874
8.2533	34.6482
8.18372	36.5241
8.62898	36.9435
> Border Bin # 36, Level 1 13.8335 17.0681 48.1442 49.0188
13.8335	48.7735
14.7002	48.5815
15.0259	49.0188
16.5435	48.8119
17.0681	48.1442
> Border Bin # 36, Level 1 0.00518807 1.48592 42.6021 42.7092
1.48592	42.6021
0.00518807	42.7092
> Border Bin # 36, Level 1 5.8085 6.06241 49.545 50.0
6.06241	50
5.8085	49.545
> Border Bin # 36, Level 1 1.7557 3.20836 42.4346 42.5069
3.20836	42.4346
1.7557	42.5069
> Border Bin # 36, Level 1 1.45815 1.7557 42.5069 42.5655
1.7557	42.5069
1.45815	42.5655
1.75387	42.5069
> Border Bin # 36, Level 1 9.45174 9.67666 42.9528 43.1823
9.67666	42.9528
9.45174	43.1823
> Border Bin # 36, Level 1 19.2956 19.6628 39.8701 39.9306
19.2956	39.8701
19.6628	39.9306
> Border Bin # 36, Level 1 12.4071 12.4077 43.9135 43.9162
12.4071	43.9162
12.4077	43.9135
> Border Bin # 36, Level 1 9.53414 9.59945 47.0642 47.2741
9.59945	47.0642
9.53414	47.2741
> Border Bin # 36, Level 1 17.0648 17.1664 48.0124 48.1436
17.1664	48.0124
17.0648	48.1436
> Border Bin # 36, Level 1 1.99374 1.99466 42.4611 42.4623
1.99466	42.4611
1.99374	42.4623
> Border Bin # 36, Level 1 9.79355 9.82864 42.4865 42.6629
9.82864	42.4865
9.79355	42.6629
> Border Bin # 36, Level 1 9.03609 9.39986 41.3414 41.4107
9.03609	41.3414
9.39986	41.4107
> Border Bin # 36, Level 1 7.39147 7.4403 43.7295 43.7575
7.39147	43.7295
7.4403	43.7575
> Border Bin # 36, Level 1 8.67994 8.68086 47.6931 47.6931
8.67994	47.6931
8.68086	47.6931
> Border Bin # 36, Level 1 15.7711 19.6207 42.546 45.1864
18.4613	42.546
18.9541	43.5305
19.5236	43.6022
19.2126	43.998
19.6207	44.038
19.0936	44.388
19.3686	44.8791
15.7711	45.1864
16.2512	44.1848
18.4613	42.546
> Border Bin # 36, Level 1 19.2294 20.0 43.1234 43.5344
19.2294	43.5344
20	43.1234
> Border Bin # 36, Level 1 18.8388 19.4269 44.8531 45.9075
18.8388	45.9075
19.4269	45.2132
18.9554	44.8531
> Border Bin # 36, Level 1 13.5903 16.5661 45.4586 46.4837
16.5661	46.4837
15.6197	46.1907
15.3402	45.4586
13.5903	45.4858
> Border Bin # 37, Level 1 20.0 22.558 49.0784 49.4369
20	49.2328
20.0815	49.1754
21.6129	49.4369
22.558	49.0784
> Border Bin # 37, Level 1 20.0 28.5832 43.6248 46.1514
20	46.1184
20.2008	46.1514
21.5137	45.151
21.3968	44.7826
22.7173	44.6023
22.967	43.817
25.416	43.6248
27.0301	44.1482
28.5832	43.7478
> Border Bin # 37, Level 1 35.6658 39.3027 30.0 33.378
37.4905	30
37.5027	30.0021
38.0014	30.5042
37.0053	31.5055
39.3027	32.2376
38.7948	33.378
36.8377	32.3136
35.6658	32.7616
> Border Bin # 37, Level 1 24.7065 25.1514 30.0 31.6471
25.1514	31.6471
24.7065	30.1563
24.7565	30
> Border Bin # 37, Level 1 20.2615 29.6599 45.212 48.2638
20.2615	46.1181
21.1768	46.2954
22.024	47.5225
23.1571	48.1073
24.9195	47.7118
26.7042	48.2638
28.0821	46.9805
28.065	45.5853
29.6599	45.212
> Border Bin # 37, Level 1 22.1515 23.3198 48.4118 50.0
22.1515	48.4118
22.884	49.0063
22.6807	49.5721
23.3198	50
> Border Bin # 37, Level 1 20.0 22.8946 47.9535 48.576
20	48.1546
21.431	48.576
22.8946	47.9535
> Border Bin # 37, Level 1 20.983 26.6361 40.7353 41.7501
20.983	40.8562
24.2539	41.57
25.9837	41.3201
26.2315	41.7501
26.6361	41.3628
26.0468	40.7353
> Border Bin # 37, Level 1 35.9228 40.0 35.9266 36.8336
40	36.8336
39.2441	36.6664
36.6604	36.8336
36.6903	36.2361
35.9228	35.9266
> Border Bin # 37, Level 1 20.0 21.0532 39.669 42.5399
20	39.807
20.2646	39.669
21.0532	40.6734
20.1718	42.4968
20	42.5399
> Border Bin # 37, Level 1 34.2174 34.7115 30.0 31.3227
34.2174	31.3227
34.7115	30
> Border Bin # 37, Level 1 22.3593 23.0072 41.3414 44.2263
22.9346	41.3414
22.8644	42.0272
22.3636	42.3201
23.0072	43.196
22.3593	43.817
22.681	44.2263
> Border Bin # 37, Level 1 34.8879 35.4781 30.0 31.8329
35.1083	31.8329
34.8879	31.3825
35.4781	31.4975
35.4623	31.1212
35.1049	30
> Border Bin # 37, Level 1 37.9223 38.0243 49.9033 50.0
37.9223	50
38.0243	49.9033
> Border Bin # 37, Level 1 35.0005 35.6316 31.9867 32.75
35.6316	32.75
35.0005	31.9867
> Border Bin # 37, Level 1 28.8783 29.8958 46.5512 48.0099
29.8958	46.5512
28.8783	48.0099
> Border Bin # 37, Level 1 38.0243 40.0 49.6231 49.9042
38.0243	49.9042
40	49.6231
> Border Bin # 37, Level 1 26.3578 28.0131 41.7125 42.0882
28.0131	41.9823
27.0564	42.0882
26.3578	41.7125
> Border Bin # 37, Level 1 38.7951 40.0 33.3753 33.9448
38.7951	33.3753
40	33.9448
> Border Bin # 37, Level 1 39.3021 40.0 31.9385 32.2361
39.3021	32.2361
40	31.9385
> Border Bin # 37, Level 1 39.0393 39.9213 47.8314 48.3676
39.0393	47.8668
39.7681	47.8314
39.9213	48.3676
> Border Bin # 37, Level 1 38.2358 39.0393 47.1093 47.8683
39.0393	47.8683
38.3395	47.6013
38.2358	47.1093
> Border Bin # 37, Level 1 39.6695 40.0 48.5882 49.0655
39.6695	48.5882
40	49.0655
> Border Bin # 37, Level 1 27.5209 28.4608 48.0713 48.4649
27.5209	48.4649
28.4608	48.0713
> Border Bin # 37, Level 1 26.6349 27.5209 48.2586 48.4649
27.5209	48.4649
26.6349	48.2586
> Border Bin # 37, Level 1 35.1012 35.6194 33.0939 33.249
35.1012	33.0939
35.6194	33.249
> Border Bin # 37, Level 1 29.2576 29.5958 36.0298 36.2049
29.2576	36.2049
29.5958	36.0298
> Border Bin # 37, Level 1 34.2678 34.4903 31.2174 31.5967
34.2678	31.2174
34.4903	31.5967
> Border Bin # 37, Level 1 28.4608 28.8783 48.0096 48.0713
28.8783	48.0096
28.4608	48.0713
> Border Bin # 37, Level 1 39.6701 39.9213 48.3676 48.5882
39.6701	48.5882
39.9213	48.3676
> Border Bin # 37, Level 1 26.9728 27.0304 37.6487 37.8395
27.0304	37.8395
26.9728	37.6487
> Border Bin # 37, Level 1 28.1224 28.495 36.4692 36.4915
28.1224	36.4915
28.495	36.4692
> Border Bin # 37, Level 1 36.5307 36.6943 45.1373 45.4318
36.6943	45.4318
36.5307	45.1373
> Border Bin # 37, Level 1 29.8958 30.1335 46.4157 46.5512
29.8958	46.5512
30.1335	46.4157
> Border Bin # 37, Level 1 27.306 27.4342 36.5629 36.7665
27.306	36.7665
27.4342	36.5629
> Border Bin # 37, Level 1 27.0518 27.1788 37.2517 37.5047
27.0518	37.5047
27.1788	37.2517
> Border Bin # 37, Level 1 26.2193 26.2983 38.1123 38.3244
26.2193	38.3244
26.2983	38.1123
> Border Bin # 37, Level 1 26.1186 26.4448 39.3874 39.3986
26.1186	39.3874
26.4448	39.3986
> Border Bin # 37, Level 1 27.1513 27.3548 36.93 37.064
27.1513	37.064
27.3548	36.93
> Border Bin # 37, Level 1 25.5888 25.6761 39.814 40.0362
25.5888	40.0362
25.6761	39.814
> Border Bin # 37, Level 1 27.7296 27.9133 36.6297 36.6413
27.7296	36.6413
27.9133	36.6297
> Border Bin # 37, Level 1 26.3059 26.3529 38.484 38.7013
26.3529	38.7013
26.3059	38.484
> Border Bin # 37, Level 1 25.6251 25.8503 40.2544 40.4036
25.8503	40.4036
25.6251	40.2544
> Border Bin # 37, Level 1 26.5852 26.6902 38.8804 39.0755
26.6902	39.0755
26.5852	38.8804
> Border Bin # 37, Level 1 35.2563 35.2563 31.8076 31.8082
35.2563	31.8082
35.2563	31.8076
> Border Bin # 37, Level 1 35.6689 35.6698 33.2071 33.2517
35.6698	33.2517
35.6689	33.2071
> Border Bin # 37, Level 1 26.0441 26.0697 43.9043 43.929
26.0441	43.9043
26.0697	43.929
> Border Bin # 37, Level 1 20.6265 22.3737 41.9423 42.3265
22.3737	42.3265
20.6265	41.9423
> Border Bin # 37, Level 1 20.0 20.3586 42.5634 43.1234
20	43.1234
20.3586	42.9317
20.0851	42.5634
> Border Bin # 38, Level 1 44.0342 48.5811 30.0 39.6486
44.7971	39.6486
44.0342	39.3849
44.484	38.3452
44.2231	37.9002
45.3501	35.9886
46.3499	35.8061
45.4032	33.9753
46.1073	32.9676
47.4342	32.3978
47.8645	31.7987
47.6939	31.001
48.0363	30.9976
48.0323	30.4913
48.5811	30
> Border Bin # 38, Level 1 40.0 42.2074 36.8336 37.3216
42.2074	37.3216
40	36.8336
> Border Bin # 38, Level 1 53.9019 60.0 36.952 38.282
60	36.952
59.339	37.5392
57.4502	37.9393
57.2122	38.282
55.4427	38.0858
54.681	37.4437
53.9019	37.3512
> Border Bin # 38, Level 1 55.9997 60.0 41.2627 42.7977
60	42.224
58.6096	42.7977
58.143	42.6308
58.5107	42.3012
58.0273	42.5035
56.9784	41.8849
57.0501	41.2627
55.9997	41.3262
> Border Bin # 38, Level 1 41.532 44.8142 39.6327 41.5831
41.532	41.5239
42.8321	41.5831
43.6716	40.9282
43.6579	40.1085
44.8142	39.6327
> Border Bin # 38, Level 1 44.7947 48.8844 38.4453 39.7197
44.7947	39.6504
46.1668	38.8399
47.9765	39.7197
48.3598	39.3846
48.0208	38.8356
48.8844	38.4453
> Border Bin # 38, Level 1 48.6152 48.7968 49.942 50.0
48.78	50
48.7968	49.942
48.6152	50
> Border Bin # 38, Level 1 45.0224 46.5415 38.878 41.2987
46.5394	38.878
46.5415	39.5644
45.5958	39.9782
46.002	40.2257
45.0224	41.2987
> Border Bin # 38, Level 1 42.3566 44.7883 36.9706 37.3848
42.3566	37.1077
42.7909	37.3848
44.1163	37.3164
44.3171	36.9706
44.7883	37.1485
> Border Bin # 38, Level 1 43.3933 46.4518 41.8968 42.8991
46.4518	41.8968
45.1588	42.7059
43.9612	42.5579
43.3933	42.8991
> Border Bin # 38, Level 1 43.3933 46.4518 41.8968 42.8991
46.4518	41.8968
45.1588	42.7059
43.9612	42.5579
43.3933	42.8991
> Border Bin # 38, Level 1 43.3933 46.4518 41.8968 42.8991
46.4518	41.8968
45.1588	42.7059
43.9612	42.5579
43.3933	42.8991
> Border Bin # 38, Level 1 47.1354 49.2229 46.3455 48.2486
47.1354	48.2486
47.1504	47.8061
48.5472	47.4173
49.0272	46.7761
48.4782	46.6668
49.2229	46.3455
> Border Bin # 38, Level 1 52.4388 56.0009 41.2868 42.3372
56.0009	41.3274
55.4568	41.2868
54.1732	42.3372
52.4388	41.7421
> Border Bin # 38, Level 1 40.0 40.1273 49.6051 49.6231
40	49.6231
40.1273	49.6051
> Border Bin # 38, Level 1 40.0073 43.3933 42.8991 43.5457
43.3933	42.8991
40.6848	43.5457
40.0073	43.4017
> Border Bin # 38, Level 1 40.0073 43.3933 42.8991 43.5457
43.3933	42.8991
40.6848	43.5457
40.0073	43.4017
> Border Bin # 38, Level 1 45.022 46.5208 41.05 41.8959
45.022	41.2978
46.5208	41.05
46.4509	41.8959
> Border Bin # 38, Level 1 46.4518 48.5856 41.1962 41.8972
46.4518	41.8972
47.7668	41.1962
48.5856	41.8379
> Border Bin # 38, Level 1 40.0 42.3746 33.9448 37.0619
40	33.9448
41.0037	34.4193
41.2903	36.3557
42.3746	37.0619
> Border Bin # 38, Level 1 40.0 43.6582 30.0 31.9385
40	31.9385
43.6582	30.3793
43.6255	30
> Border Bin # 38, Level 1 44.7749 46.1778 38.842 39.7057
44.7749	39.7057
45.8116	39.5564
46.1778	38.842
> Border Bin # 38, Level 1 46.4991 47.2642 48.2486 50.0
47.2642	50
46.4991	48.4176
47.1354	48.2486
> Border Bin # 38, Level 1 40.0 40.0818 49.0655 49.1839
40	49.0655
40.0818	49.1839
> Border Bin # 38, Level 1 47.1595 47.9469 30.0 30.0153
47.9469	30.014
47.1699	30.0153
47.1595	30
> Border Bin # 38, Level 1 43.4879 45.022 41.1107 41.2978
45.022	41.2978
43.4879	41.1107
> Border Bin # 38, Level 1 43.4879 45.022 41.1107 41.2978
45.022	41.2978
43.4879	41.1107
> Border Bin # 38, Level 1 55.9973 55.9997 41.3262 45.003
55.9997	41.3262
55.9973	45.003
> Border Bin # 38, Level 1 55.9969 59.4577 45.0024 45.5712
55.9969	45.0024
58.5696	45.5712
59.4577	45.1519
> Border Bin # 38, Level 1 42.2092 42.374 37.0597 37.3198
42.2092	37.3198
42.374	37.0597
> Border Bin # 38, Level 1 40.0812 40.1401 49.1839 49.6005
40.1401	49.6005
40.0812	49.1839
> Border Bin # 38, Level 1 45.5558 45.5567 40.6648 40.6651
45.5558	40.6651
45.5567	40.6648
> Border Bin # 38, Level 1 45.0303 45.0303 41.0845 41.0845
45.0303	41.0845
45.0303	41.0845
> Border Bin # 38, Level 1 45.0303 45.0303 41.0845 41.0845
45.0303	41.0845
45.0303	41.0845
> Border Bin # 38, Level 1 47.9533 47.9811 30.0 30.0079
47.9533	30.0079
47.9811	30
> Border Bin # 38, Level 1 45.2119 45.2128 41.0042 41.0057
45.2119	41.0057
45.2128	41.0042
> Border Bin # 39, Level 1 73.6547 80.0 33.4076 41.9313
79.0039	33.7717
78.9368	33.4076
78.9868	34.3467
78.3093	34.6427
78.006	35.5174
76.1718	35.8167
75.8553	36.6673
74.4005	37.1391
75.1876	37.4067
74.8568	38.4703
73.8177	38.6076
73.6547	39.438
74.8602	40.5193
76.3458	40.3502
76.874	41.0143
78.0807	41.0408
80	41.9313
> Border Bin # 39, Level 1 79.8648 80.0 44.8623 44.9297
80	44.8623
79.8648	44.8962
80	44.9297
> Border Bin # 39, Level 1 60.5066 74.9136 30.0 38.4721
60.9836	30
61.8512	31.0211
61.7136	31.3834
60.8438	31.4984
60.5826	33.0661
60.943	33.5193
60.5277	33.6442
60.5066	34.1346
60.9152	34.3201
61.2891	35.6263
62.7222	35.2546
63.1196	35.8619
64.4739	36.2556
64.7895	37.118
65.7804	37.5712
68.0217	36.9242
68.8878	37.3387
69.2866	37.1043
70.9529	38.4721
71.592	37.903
71.6771	36.6764
73.3071	37.4632
74.9136	37.2392
> Border Bin # 39, Level 1 66.3075 74.569 30.0 37.0256
74.569	37.0256
71.628	36.4622
71.1879	36.0472
71.664	35.1957
70.9874	34.5512
71.0857	34.0601
69.9065	34.0354
70.327	33.332
69.5051	33.0341
69.3312	31.9342
66.7231	31.2122
66.3075	30
> Border Bin # 39, Level 1 78.3975 80.0 30.8649 33.4052
78.9368	33.4052
79.5303	32.728
78.9712	32.3508
78.3975	32.5486
78.7671	31.3101
79.0924	31.4374
80	30.8649
> Border Bin # 39, Level 1 73.7316 74.6905 30.0 31.5964
74.5888	31.5964
74.6905	31.0654
73.7316	30
> Border Bin # 39, Level 1 60.0 61.2784 35.6052 36.952
61.2784	35.6052
61.1572	36.6499
60.333	36.656
60	36.952
> Border Bin # 39, Level 1 60.0 61.3843 41.2343 42.224
61.3843	41.2343
60.1404	41.3811
60.0555	42.2011
60	42.224
> Border Bin # 39, Level 1 73.9138 77.8213 32.3032 35.5003
77.8213	35.5003
76.8762	34.6604
73.9416	34.6467
73.9138	34.0693
74.2959	33.9777
74.0169	33.1888
75.3548	32.3032
> Border Bin # 39, Level 1 62.4411 66.6438 37.3655 40.031
66.5357	37.3655
66.6438	38.0031
62.4411	40.031
> Border Bin # 39, Level 1 62.4411 66.6438 37.3655 40.031
66.5357	37.3655
66.6438	38.0031
62.4411	40.031
> Border Bin # 39, Level 1 70.1872 72.1941 41.0042 42.2527
72.1941	41.0042
71.6915	41.5563
71.418	41.1186
70.1872	41.5282
71.2743	42.1889
70.9694	42.2527
> Border Bin # 39, Level 1 70.3468 73.1731 40.1457 41.006
70.3468	40.4302
71.7107	40.1457
73.1731	40.8232
72.1956	41.006
> Border Bin # 39, Level 1 70.9694 74.201 42.2533 43.2686
70.9694	42.2533
71.1757	42.6946
71.8697	42.8429
73.5198	42.408
73.5839	43.0385
74.201	43.2686
> Border Bin # 39, Level 1 75.6762 80.0 42.3305 42.8063
75.6762	42.8063
79.1864	42.7971
80	42.3305
> Border Bin # 39, Level 1 69.265 70.9822 39.5076 40.2449
70.9822	40.2449
69.265	39.8604
69.3318	39.518
70.674	39.5076
> Border Bin # 39, Level 1 68.0156 70.9694 40.6075 42.2527
68.144	41.0515
68.0156	40.8138
68.6317	40.6075
69.0565	41.3793
70.9694	42.2527
> Border Bin # 39, Level 1 70.674 73.6699 39.192 39.6202
70.674	39.5076
71.4797	39.6202
72.2487	39.192
73.6699	39.4591
> Border Bin # 39, Level 1 67.3668 68.3842 37.1858 39.2943
67.3668	39.2943
68.1132	38.9976
68.3842	38.1956
67.78	37.1858
> Border Bin # 39, Level 1 69.0977 70.7958 40.2245 41.0503
69.0977	40.2245
69.406	40.8022
69.7325	40.6386
70.4305	41.0503
70.7958	40.7259
> Border Bin # 39, Level 1 67.3661 68.9873 39.2937 40.1491
67.3661	39.2937
67.7098	39.6257
68.5402	39.5546
68.9873	40.1491
> Border Bin # 39, Level 1 61.3858 62.4417 40.0307 41.2355
62.4417	40.0307
61.8933	41.1116
61.3858	41.2355
> Border Bin # 39, Level 1 62.0237 66.1238 42.4242 43.7377
62.0237	43.4856
64.9314	43.7377
65.8219	42.8771
66.1238	42.997
66.0706	42.4242
> Border Bin # 39, Level 1 62.0237 66.1238 42.4242 43.7377
62.0237	43.4856
64.9314	43.7377
65.8219	42.8771
66.1238	42.997
66.0706	42.4242
> Border Bin # 39, Level 1 74.5922 75.3567 31.5991 32.3041
75.3567	32.3041
74.5922	31.5991
> Border Bin # 39, Level 1 74.201 75.6762 42.8063 43.2686
74.201	43.2686
75.6762	42.8063
> Border Bin # 39, Level 1 71.0326 71.2331 39.8933 40.1631
71.0326	40.1631
71.2331	39.8933
71.0326	40.1631
> Border Bin # 39, Level 1 60.64 62.024 43.4862 44.6053
60.64	44.6053
62.024	43.4862
> Border Bin # 39, Level 1 66.0291 67.0713 41.1437 42.4239
66.0716	42.4239
66.0291	42.0031
66.5263	42.0031
67.0713	41.1437
> Border Bin # 39, Level 1 67.0707 67.9344 41.1434 41.1943
67.0707	41.1434
67.9344	41.1943
> Border Bin # 39, Level 1 70.5217 70.5223 39.8875 39.8882
70.5223	39.8875
70.5217	39.8882
> Border Bin # 39, Level 1 70.3465 70.7945 40.4298 40.7247
70.7945	40.7247
70.3465	40.4298
> Border Bin # 39, Level 1 68.6418 69.0968 40.1848 40.2245
69.0968	40.2245
68.6418	40.1848
> Border Bin # 39, Level 1 71.78 71.78 39.9886 39.9886
71.78	39.9886
71.78	39.9886
> Border Bin # 39, Level 1 67.9344 68.144 41.0515 41.1943
68.144	41.0515
67.9344	41.1943
> Border Bin # 39, Level 1 70.5843 70.5867 40.9993 41.0011
70.5867	40.9993
70.5843	41.0011
> Border Bin # 39, Level 1 68.8637 68.9873 40.1418 40.1491
68.9873	40.1491
68.8637	40.1418
> Border Bin # 40, Level 1 80.0 80.8173 41.9313 44.8623
80	41.9313
80.2765	42.0598
80.1694	42.6561
80.8173	43.156
80.5209	44.7326
80	44.8623
> Border Bin # 40, Level 1 80.0 100.0 42.6879 49.173
80	44.9297
81.688	45.3509
82.5617	45.1293
82.3178	45.5706
83.0405	47.2122
84.7596	46.8264
85.5232	47.0605
85.7588	48.3877
86.5962	48.536
86.8748	49.1107
87.8407	49.173
87.9832	48.5693
90.0743	47.8863
90.9166	46.9482
90.8901	45.1971
93.5308	44.9621
95.4107	44.2965
96.383	42.7312
100	42.6879
> Border Bin # 40, Level 1 87.8431 90.0529 49.1705 50.0
87.8431	49.1705
90.0529	50
> Border Bin # 40, Level 1 94.8632 97.7914 49.7345 50.0
94.8632	50
97.341	49.7345
97.7914	50
> Border Bin # 40, Level 1 80.0 81.0318 30.0 30.8649
80	30.8649
81.0318	30.2142
80.7306	30
> Border Bin # 40, Level 1 84.7367 87.3494 49.0921 50.0
84.7367	50
85.2586	49.5914
86.1912	49.4726
86.775	49.7888
87.3494	49.0921
> Border Bin # 40, Level 1 80.0 80.2335 42.1965 42.3305
80	42.3305
80.2335	42.1965
> Border Bin # 40, Level 1 81.0248 82.645 30.0 30.3421
81.0248	30.1965
82.1006	30.3421
82.645	30
> Border Bin # 41, Level 1 100.0 119.928 41.5813 50.0
100	42.6879
100.836	42.6781
105.012	41.5813
107.472	42.466
109.313	42.43
110.441	42.7779
111.958	43.6922
111.421	44.3825
111.981	45.0918
113.638	44.7454
114.545	45.3893
115.702	45.4586
117.421	46.5783
119.928	46.7102
118.558	47.9953
117.372	47.6535
115.592	47.9196
116.609	49.9338
116.175	50
> Border Bin # 41, Level 1 107.978 113.806 49.1421 50.0
113.806	50
113.091	49.5987
110.7	49.1421
108.555	49.3359
107.978	49.946
> Border Bin # 41, Level 1 107.709 107.984 49.9435 50.0
107.709	50
107.984	49.9435
> Border Bin # 41, Level 1 119.103 119.11 49.9905 50.0
119.103	49.9905
119.11	50
> Border Bin # 41, Level 1 116.709 119.095 49.5077 49.9893
116.709	49.8294
117.873	49.5077
119.095	49.9893
> Border Bin # 42, Level 1 124.372 130.604 40.0929 43.0056
130.604	42.4193
129.907	43.0056
129.701	42.4382
128.059	42.0034
128.156	41.3826
126.695	41.7403
126.012	40.8965
124.372	40.0929
> Border Bin # 42, Level 1 130.405 134.741 42.2954 48.2675
134.741	48.2675
133.112	45.1199
131.865	45.3454
130.95	44.8412
131.312	43.3922
131.123	42.911
130.405	42.7181
130.691	42.2954
> Border Bin # 42, Level 1 127.664 134.735 47.6855 50.0
127.664	50
127.821	49.5908
129.482	49.4183
130.666	48.8684
130.995	47.6855
134.735	48.2663
> Border Bin # 42, Level 1 127.0 128.002 38.2249 38.3064
127	38.2249
128.002	38.3064
> Border Bin # 42, Level 1 128.002 128.363 38.3064 38.621
128.002	38.3064
128.363	38.621
> Border Bin # 42, Level 1 124.131 124.371 39.8293 40.096
124.131	39.8293
124.371	40.096
> Border Bin # 42, Level 1 126.807 127.0 38.0006 38.2249
126.807	38.0006
127	38.2249
> Border Bin # 42, Level 1 126.104 126.687 37.6954 37.8328
126.687	37.8328
126.104	37.6954
> Border Bin # 42, Level 1 126.689 126.807 37.8322 38.0006
126.689	37.8322
126.807	38.0006
> Border Bin # 42, Level 1 124.65 124.829 37.7586 38.025
124.65	38.025
124.829	37.7586
> Border Bin # 42, Level 1 124.743 124.829 37.7586 37.9966
124.743	37.9966
124.829	37.7586
> Border Bin # 42, Level 1 125.638 125.769 37.657 37.6643
125.638	37.6643
125.769	37.657
> Border Bin # 42, Level 1 124.65 124.743 37.9966 38.025
124.65	38.025
124.743	37.9966
> Border Bin # 47, Level 1 235.246 240.0 48.2782 48.9996
235.246	48.5013
236.751	48.2782
236.692	48.9996
240	48.9996
> Border Bin # 48, Level 1 242.877 255.362 30.0 32.7182
242.877	32.5354
245.281	32.7182
245.19	32.504
248.954	31.333
251.792	31.333
251.791	31.7835
253.599	31.7502
255.099	30.5728
255.362	30
> Border Bin # 48, Level 1 240.0 260.0 48.9996 48.9996
240	48.9996
250.728	48.9996
260	48.9996
> Border Bin # 49, Level 1 260.0 269.605 48.096 49.3765
260	48.9996
264.764	48.9996
264.847	49.3765
265.462	48.7054
269.605	48.096
> Border Bin # 49, Level 1 276.831 280.0 41.6756 42.5499
277.345	42.5499
276.831	42.0461
277.575	41.6756
280	42.4828
> Border Bin # 49, Level 1 269.61 277.87 43.0163 48.3124
269.61	48.0972
270.643	47.9797
271.632	48.3124
275.874	46.5319
276.041	46.0717
277.457	45.3558
277.87	43.5854
277.579	43.0163
> Border Bin # 49, Level 1 277.35 277.579 42.5542 43.0132
277.579	43.0132
277.35	42.5542
> Border Bin # 50, Level 1 280.0 289.746 42.4828 46.1224
280	42.4828
281.014	42.8206
280.815	43.4655
281.298	43.6379
283.198	43.6336
285.009	44.9868
289.121	45.2386
289.746	46.1224
> Border Bin # 50, Level 1 291.112 292.57 45.5932 47.3645
291.112	47.1881
291.693	47.3645
292.207	47.0703
292.201	45.7012
292.57	45.5932
> Border Bin # 50, Level 1 289.747 291.108 46.1196 47.4713
289.747	46.1196
290.767	47.4713
291.108	47.1878
> Border Bin # 50, Level 1 292.576 292.795 45.1839 45.5947
292.576	45.5947
292.795	45.1839
> Border Bin # 53, Level 1 354.209 358.811 30.0 35.0858
354.209	30
356.373	30.9705
356.186	31.6983
357.146	32.0883
358.811	32.1024
358.253	34.7471
357.79	35.0858
> Border Bin # 53, Level 1 351.249 353.815 37.1882 41.9985
351.249	41.9637
353.223	41.9985
353.815	41.5886
353.069	41.0365
352.995	39.6901
352.453	39.6785
353.015	39.0492
352.587	37.1882
> Border Bin # 53, Level 1 358.231 360.0 42.7098 43.3971
360	42.7098
358.231	43.3971
> Border Bin # 53, Level 1 357.053 357.085 35.2735 35.3291
357.085	35.2735
357.053	35.3291
> Border Bin # 53, Level 1 354.604 354.654 35.8418 35.9159
354.654	35.8418
354.604	35.9159
> Border Bin # 53, Level 1 354.616 354.636 36.1515 36.1515
354.636	36.1515
354.616	36.1515
> Border Bin # 54, Level 1 5.5436 14.6682 10.0 13.8904
5.5436	13.8904
6.42313	13.6054
6.93339	12.9972
7.81506	13.3527
9.63516	12.8028
10.724	13.3863
12.4779	13.0567
13.6254	13.718
14.1704	12.3877
14.6682	12.1772
14.6178	11.5055
13.7774	11.03
13.2512	10
> Border Bin # 54, Level 1 9.33791 20.0 21.4983 30.0
20	21.4983
15.9963	23.4975
14.2345	22.6137
13.5436	23.1682
11.986	23.521
11.5587	24.3023
10.2522	24.605
9.39406	26.1697
9.87289	26.5142
9.95895	27.8528
9.33791	30
> Border Bin # 54, Level 1 0.0155642 4.24537 15.3571 21.8154
3.52361	15.3571
4.20081	16.3938
4.24537	19.1466
3.33196	18.9763
3.23308	19.8204
1.90524	20.2336
0.0155642	21.8154
> Border Bin # 54, Level 1 0.325322 0.38056 10.0 10.2734
0.38056	10.2734
0.325322	10
> Border Bin # 54, Level 1 2.84367 3.85504 10.0 12.3935
2.84367	12.3935
3.60571	11.6919
3.85504	10.585
3.55749	10
> Border Bin # 54, Level 1 13.4688 15.9966 13.7171 23.001
13.6254	13.7171
13.4688	14.4611
15.4885	16.9001
15.9966	20.3529
15.2026	21.4958
14.9987	23.001
> Border Bin # 54, Level 1 14.5568 15.6716 10.0 12.8296
15.6716	10
15.1345	10.5274
15.0799	11.984
14.5568	12.8296
> Border Bin # 54, Level 1 0.776684 1.34798 10.0 10.9958
0.917678	10.9958
0.776684	10.3766
1.34798	10
> Border Bin # 54, Level 1 0.229191 2.39841 11.8952 15.0019
0.229191	15.0019
0.465095	13.9136
1.28542	13.35
0.98909	13.0472
1.57839	12.63
2.14237	12.6944
2.39841	11.8952
> Border Bin # 54, Level 1 0.015259 2.31632 11.0248 11.6785
2.31632	11.6785
1.41207	11.4533
1.1136	11.0248
0.015259	11.106
> Border Bin # 54, Level 1 7.44457 11.9854 20.8464 23.5216
7.44457	20.8464
11.9854	23.5216
> Border Bin # 54, Level 1 2.31357 2.83848 11.6791 12.396
2.31357	11.6791
2.37797	12.2403
2.83848	12.396
> Border Bin # 54, Level 1 0.0106813 3.52575 14.9918 15.3593
3.52575	15.3593
0.0106813	14.9918
> Border Bin # 54, Level 1 3.60449 5.54513 11.6938 13.892
3.60449	11.6938
4.14252	13.4769
5.54513	13.892
> Border Bin # 54, Level 1 4.24598 7.4522 19.1466 20.8522
4.24598	19.1466
5.81247	19.4463
7.4522	20.8522
> Border Bin # 54, Level 1 0.0015259 0.383307 10.2734 10.6049
0.383307	10.2734
0.0015259	10.6049
> Border Bin # 54, Level 1 14.0746 14.5544 12.8278 13.0817
14.5544	12.8278
14.0746	13.0817
> Border Bin # 54, Level 1 0.000610361 0.00244144 10.9641 11.0968
0.00244144	10.9641
0.000610361	11.0968
> Border Bin # 55, Level 1 22.8779 23.5694 10.0 10.9216
22.8779	10.9216
23.5694	10
> Border Bin # 55, Level 1 34.2397 38.5983 10.0 17.9927
38.5983	17.9927
37.4243	17.0372
36.9958	17.0738
36.1425	12.7076
35.6994	12.6658
35.097	11.8268
34.8644	10.7349
34.5943	10.8878
34.2861	10.5542
34.2397	10
> Border Bin # 55, Level 1 34.9618 37.4905 29.1888 30.0
34.9618	29.361
36.0699	29.1888
36.7437	29.8648
37.4905	30
> Border Bin # 55, Level 1 20.0 25.0007 19.5003 30.0
24.7565	30
24.9976	29.249
25.0007	19.9992
24.0009	20.002
24.0015	19.5003
20	21.4983
> Border Bin # 55, Level 1 21.1737 23.9994 10.0 19.4997
23.9994	19.4997
23.9994	15.6962
22.9313	15.5546
21.8271	12.8025
22.4671	12.6218
22.8809	10.9247
21.7194	10.6394
21.1737	10
> Border Bin # 55, Level 1 34.7115 34.9038 29.4855 30.0
34.7115	30
34.9038	29.4855
> Border Bin # 55, Level 1 25.0022 33.1841 21.9985 22.2322
25.0022	21.9997
31.2712	21.9985
31.4556	22.2322
31.454	21.9985
33.1841	21.9988
> Border Bin # 55, Level 1 34.9621 35.1049 29.5511 30.0
35.1049	30
34.9621	29.5511
> Border Bin # 55, Level 1 33.1911 35.6225 21.7681 23.1261
35.6225	23.1261
34.0185	21.7681
33.1911	21.9893
> Border Bin # 55, Level 1 34.9749 34.9801 29.5462 29.5761
34.9749	29.5761
34.9801	29.5462
> Border Bin # 56, Level 1 42.663 43.2541 10.0 11.4771
43.0674	10
42.663	10.6326
43.2541	11.4771
> Border Bin # 56, Level 1 48.5811 48.7446 29.8532 30.0
48.5811	30
48.7446	29.8532
> Border Bin # 56, Level 1 43.5279 46.1134 12.6911 15.1057
45.5909	15.1057
45.5515	14.473
46.1134	14.513
45.9065	14.1538
44.5826	13.816
44.4746	13.2166
43.7214	13.079
43.5279	12.6911
> Border Bin # 56, Level 1 55.1992 56.3729 22.6998 24.9795
55.1992	22.6998
55.4733	23.9678
56.0247	24.0761
55.8077	24.8782
56.3729	24.9795
> Border Bin # 56, Level 1 44.0009 48.4202 28.5452 29.4745
48.4202	28.5452
45.4649	29.4745
44.7144	29.2059
44.0009	29.4668
> Border Bin # 56, Level 1 42.7903 44.499 16.3774 17.4571
44.499	17.3957
43.3094	17.4571
43.2062	16.6722
42.7903	16.3774
> Border Bin # 56, Level 1 43.5911 43.9991 29.4595 30.0
43.6255	30
43.5911	29.6039
43.9991	29.4595
> Border Bin # 56, Level 1 41.76 43.1232 10.9821 12.7088
42.9432	11.0031
41.7914	10.9821
41.76	11.5106
42.4561	12.529
43.1232	12.7088
> Border Bin # 56, Level 1 55.7864 56.8371 25.7751 26.726
55.7864	26.2707
56.679	26.726
56.8371	25.7751
> Border Bin # 56, Level 1 46.5455 47.1595 29.1043 30.0
47.1595	30
46.5455	29.1043
> Border Bin # 56, Level 1 49.5677 50.8913 27.1774 28.6984
50.8913	27.1774
49.5677	28.6984
> Border Bin # 56, Level 1 49.5677 50.8913 27.1774 28.6984
50.8913	27.1774
49.5677	28.6984
> Border Bin # 56, Level 1 44.716 46.5422 28.7747 29.2053
46.5422	29.1025
45.5088	28.7747
44.716	29.2053
> Border Bin # 56, Level 1 51.8791 53.0895 16.631 18.9989
51.9991	18.9989
51.8791	18.5783
53.0895	16.631
> Border Bin # 56, Level 1 44.4987 55.6661 15.6168 25.4791
44.4987	17.3927
46.3334	16.6667
46.3331	15.6168
48.7663	18.2664
54.9999	20.0002
55.6661	21.9997
55.1992	22.6998
52	22.9998
50.5919	25.4791
> Border Bin # 56, Level 1 44.4987 55.6661 15.6168 25.4791
44.4987	17.3927
46.3334	16.6667
46.3331	15.6168
48.7663	18.2664
54.9999	20.0002
55.6661	21.9997
55.1992	22.6998
52	22.9998
50.5919	25.4791
> Border Bin # 56, Level 1 56.08 56.2701 25.6362 26.0656
56.08	26.0656
56.2701	25.6362
> Border Bin # 56, Level 1 56.08 56.2701 25.6362 26.0656
56.08	26.0656
56.2701	25.6362
> Border Bin # 56, Level 1 54.0874 54.7729 25.6378 25.79
54.0874	25.6378
54.7729	25.79
> Border Bin # 56, Level 1 47.9811 48.3217 29.9011 30.0
47.9811	30
48.3217	29.9011
> Border Bin # 56, Level 1 51.1113 51.2148 24.5559 24.6203
51.1113	24.5559
51.2148	24.6203
> Border Bin # 57, Level 1 60.867 63.342 25.1931 30.0
61.6098	25.1931
61.8579	26.2347
63.1812	26.6339
63.342	27.1225
62.7646	27.272
62.7814	28.2669
61.9089	28.5519
60.867	29.8627
60.9836	30
> Border Bin # 57, Level 1 60.8692 66.3075 29.3884 30.0
66.3075	30
66.2568	29.852
64.116	29.3884
60.8692	29.8611
> Border Bin # 57, Level 1 69.2284 73.7316 24.269 30.0
73.7316	30
71.8968	27.962
70.8354	27.706
70.3682	28.0209
69.5802	27.1734
69.5061	26.7544
70.1836	26.5362
70.0899	25.9783
70.6719	25.6899
71.1058	24.4164
69.2284	24.269
> Border Bin # 57, Level 1 68.1352 69.2308 23.6483 24.3212
69.2308	24.2693
68.7532	24.3212
68.1352	23.6483
> Border Bin # 58, Level 1 88.0443 92.6693 21.1409 26.632
89.1365	21.628
88.986	23.2082
88.564	23.6522
88.7395	24.2446
88.0443	24.6773
89.0095	25.2883
88.1105	25.8355
88.4092	26.632
89.37	26.0024
89.6782	26.2252
89.8454	25.2886
92.4813	24.9374
91.1571	23.7316
91.6136	22.943
91.95	23.7322
92.2887	23.6962
92.6693	21.2969
92.3632	21.4733
92.2014	21.1409
> Border Bin # 58, Level 1 97.3455 100.0 10.3449 20.3883
98.7442	10.3449
99.6616	11.8268
99.1196	13.8785
98.1845	15.0993
98.9282	16.3859
98.6899	16.2849
97.3455	18.557
97.7746	18.5701
98.0499	19.8076
98.9136	19.7462
99.4543	20.3883
100	20.3523
> Border Bin # 58, Level 1 80.0632 86.948 26.5328 30.0
80.7306	30
80.3769	29.7485
80.0632	28.8275
82.7686	27.5018
84.1434	27.5241
85.2219	26.763
86.948	26.5328
> Border Bin # 58, Level 1 92.6036 97.3596 21.9823 29.4675
94.6288	29.3277
95.3878	29.0353
96.0702	29.4675
96.3693	29.2889
96.1508	28.9303
96.5121	29.0701
96.6174	28.7634
96.2634	28.4109
97.3596	28.204
96.8862	27.6062
97.1585	27.1206
96.1941	27.2708
95.1446	26.6165
94.1537	23.8598
93.3388	24.078
93.1966	22.2564
92.6036	21.9823
> Border Bin # 58, Level 1 97.348 99.9655 22.0485 28.5492
97.348	28.2232
97.5622	28.5492
98.0188	28.2785
98.3163	27.5421
98.7045	27.5824
98.7781	26.7849
98.7109	25.8556
97.723	25.0826
97.5357	23.9397
98.8904	24.161
98.8815	23.1881
99.5663	22.9381
99.1629	22.1593
99.9655	22.0485
> Border Bin # 58, Level 1 86.9462 92.1138 26.3726 28.3249
86.9462	26.5316
88.0305	26.3726
88.1306	27.9406
88.629	28.1192
89.1151	26.827
92.1138	26.9256
91.6582	27.948
90.024	28.3249
88.9168	27.3208
> Border Bin # 58, Level 1 91.6609 94.6313 27.7649 29.3271
91.6609	27.7649
92.5554	27.8671
93.228	28.6331
94.6313	29.3271
> Border Bin # 58, Level 1 82.645 88.1495 27.8643 30.0
82.645	30
86.0142	27.8827
86.1836	28.164
88.1495	27.8643
> Border Bin # 58, Level 1 99.968 100.0 21.9698 22.0504
99.968	22.0504
100	21.9698
> Border Bin # 58, Level 1 98.3749 98.7436 10.0 10.3519
98.3749	10
98.7436	10.3519
> Border Bin # 59, Level 1 101.148 107.785 21.1427 23.3779
101.148	21.5715
101.282	21.1803
101.785	21.1427
101.691	22.4721
102.251	22.4129
102.484	22.7739
103.047	22.4349
103.337	22.7965
103.965	22.499
105.326	23.3779
105.873	22.9104
106.821	22.8002
106.683	21.9692
107.785	21.6674
> Border Bin # 59, Level 1 100.0 100.092 20.3462 20.3523
100	20.3523
100.092	20.3462
> Border Bin # 59, Level 1 103.09 106.334 13.9207 18.4211
103.09	18.1373
103.305	18.4211
103.973	18.3296
104.79	17.4147
104.748	16.5257
105.638	15.6562
105.283	14.1779
106.095	13.9207
105.998	14.3671
106.334	14.445
> Border Bin # 59, Level 1 102.139 104.979 19.612 22.3977
102.139	22.3977
102.677	21.6558
102.976	21.7394
102.823	21.2572
103.171	20.8467
103.694	20.6572
104.109	20.9773
104.645	20.6581
104.382	20.4448
104.979	20.005
104.64	19.612
104.041	19.6944
> Border Bin # 59, Level 1 102.341 105.211 11.6355 14.3507
102.916	11.6355
102.341	13.5578
103.18	14.3296
105.211	14.3507
> Border Bin # 59, Level 1 103.879 106.587 16.6273 19.6925
104.039	19.6925
103.879	19.2937
105.139	18.7028
106.587	16.6273
> Border Bin # 59, Level 1 100.49 101.281 17.5276 20.1552
100.58	20.1552
100.49	19.5378
101.281	19.5622
100.91	17.5929
101.23	17.5276
> Border Bin # 59, Level 1 104.447 106.459 10.4224 11.6699
106.459	11.6699
105.815	11.6153
106.203	10.7706
105.102	10.9555
104.447	10.4224
> Border Bin # 59, Level 1 106.589 107.695 14.7053 16.6285
106.589	16.6285
107.465	16.0786
107.175	15.7877
107.695	15.2708
107.546	14.7053
> Border Bin # 59, Level 1 100.091 101.162 20.1576 21.6829
100.894	21.6829
101.162	21.5306
100.091	20.3487
100.581	20.1576
> Border Bin # 59, Level 1 106.471 107.547 11.8695 13.7961
107.461	13.7961
107.547	12.3536
106.471	11.8695
> Border Bin # 59, Level 1 101.228 103.091 17.5303 18.2142
101.228	17.5303
102.086	18.2142
102.67	17.8016
103.091	18.1392
> Border Bin # 59, Level 1 106.332 107.549 14.3241 14.7068
106.332	14.445
106.968	14.3241
107.549	14.7068
> Border Bin # 59, Level 1 103.841 104.444 10.032 10.4239
104.444	10.4239
104.086	10.1682
103.841	10.4019
103.897	10.032
> Border Bin # 59, Level 1 113.861 114.502 22.1437 22.6094
113.863	22.4614
114.395	22.6094
114.502	22.1437
113.881	22.1437
113.861	22.4593
> Border Bin # 59, Level 1 107.474 107.545 13.9298 14.708
107.545	14.708
107.474	13.9298
> Border Bin # 59, Level 1 100.0 100.213 21.4327 21.9698
100	21.9698
100.213	21.4327
> Border Bin # 59, Level 1 100.215 100.89 21.4348 21.6854
100.89	21.6854
100.215	21.4348
> Border Bin # 59, Level 1 113.572 113.573 22.2033 22.2039
113.572	22.2039
113.573	22.2033
> Border Bin # 59, Level 1 107.783 108.119 21.4491 21.6674
107.783	21.6674
108.119	21.4491
> Border Bin # 59, Level 1 106.459 106.47 11.6648 11.8708
106.47	11.8708
106.459	11.6648
> Border Bin # 59, Level 1 107.463 107.473 13.7958 13.9335
107.473	13.9335
107.463	13.7958
> Border Bin # 66, Level 1 255.362 260.0 28.1442 30.0
255.362	30
255.547	29.5959
256.625	29.0237
257.694	29.8895
258.595	29.7726
260	28.1442
> Border Bin # 67, Level 1 267.753 271.089 14.5484 17.8199
267.753	14.5484
268.271	16.0749
269.567	16.0996
269.604	16.4155
268.563	17.2383
269.016	17.256
269.017	17.8199
270.858	17.819
270.782	15.8897
271.089	15.8936
> Border Bin # 67, Level 1 260.0 262.86 25.9664 28.1442
260	28.1442
260.495	27.5702
260.915	26.4007
262.86	25.9664
> Border Bin # 67, Level 1 272.937 276.868 12.9999 14.9931
276.868	14.9931
275.52	14.618
275.093	14.8087
274.268	13.8294
273.984	14.0659
273.239	13.7528
273.305	13.2969
272.937	12.9999
> Border Bin # 67, Level 1 274.268 276.355 10.7083 11.0629
274.268	11.0629
276.081	10.7083
276.355	10.925
> Border Bin # 67, Level 1 270.653 272.305 13.8187 14.4315
272.305	13.8187
271.531	13.8541
270.653	14.4315
> Border Bin # 67, Level 1 270.459 270.849 14.2744 15.0736
270.849	15.0736
270.459	14.2744
> Border Bin # 67, Level 1 270.858 272.257 17.819 18.4877
272.257	18.1727
271.531	18.4877
270.858	17.819
> Border Bin # 67, Level 1 269.904 270.478 13.7461 14.2274
270.478	14.2274
269.904	13.7461
> Border Bin # 67, Level 1 270.849 271.785 15.0736 15.7246
270.849	15.0736
271.785	15.7246
> Border Bin # 67, Level 1 272.184 272.305 13.4052 13.8181
272.305	13.8181
272.184	13.4052
> Border Bin # 67, Level 1 272.699 272.935 12.9868 12.9999
272.699	12.9868
272.935	12.9999
> Border Bin # 68, Level 1 286.99 288.675 10.0 11.8531
288.675	11.8531
287.507	11.1212
286.99	10
> Border Bin # 68, Level 1 288.219 288.247 18.0421 19.706
288.247	19.706
288.219	18.0421
> Border Bin # 71, Level 1 342.947 354.209 20.7649 30.0
342.947	20.7649
343.047	21.3384
347	21.3381
346.895	22.893
348	23.4545
347.999	26
351.333	26.0003
351.333	28.7103
354.209	30
> Border Bin # 71, Level 1 354.48 356.559 10.0 13.5041
354.954	10
354.48	10.4248
354.803	11.424
354.598	11.8299
355.612	12.3069
356.036	13.5041
356.559	13.2755
> Border Bin # 71, Level 1 343.457 347.942 14.7248 16.6386
347.942	14.7248
345.655	16.6386
343.719	16.5196
343.457	16.0609
> Border Bin # 71, Level 1 343.283 348.626 12.3233 13.7079
347.918	13.7079
348.622	12.988
348.626	12.4051
344.782	12.6847
343.283	12.3233
> Border Bin # 71, Level 1 351.203 352.06 10.0 12.0081
351.203	12.0081
351.64	11.3718
351.322	10.9616
351.71	11.0077
352.06	10.2432
351.995	10
> Border Bin # 71, Level 1 343.251 346.202 13.061 13.8264
343.439	13.5901
344.93	13.8264
346.202	13.4067
345.65	13.2383
344.883	13.5956
343.251	13.061
> Border Bin # 71, Level 1 347.943 354.505 14.726 15.7047
354.505	15.4975
350.662	15.7047
350.589	15.4438
349.282	15.4386
349.101	15.1072
348.493	15.6483
347.943	14.726
> Border Bin # 71, Level 1 351.333 355.194 15.4984 27.2903
354.503	15.4984
354.665	16.3279
354.399	16.5077
353.423	24.9993
355.194	25.0002
351.333	27.2903
> Border Bin # 71, Level 1 357.168 357.28 10.0 11.004
357.168	11.004
357.28	10
> Border Bin # 71, Level 1 344.988 346.291 10.958 12.1552
344.988	10.958
345.313	11.5097
346.291	11.7154
346.032	12.1552
> Border Bin # 71, Level 1 352.025 353.353 10.1511 10.6647
353.353	10.6647
353.022	10.1511
352.513	10.4623
352.025	10.1657
> Border Bin # 71, Level 1 356.561 359.993 13.2764 15.0901
356.561	13.2764
357.527	14.2896
357.994	14.1886
358.027	14.5399
359.286	15.0901
359.993	14.9986
> Border Bin # 71, Level 1 349.346 350.658 11.8958 12.2519
349.346	11.8958
349.671	12.2242
350.658	12.2519
> Border Bin # 71, Level 1 348.627 349.347 11.8939 12.4079
348.627	12.4079
348.68	12.0252
349.071	12.2245
349.347	11.8939
> Border Bin # 71, Level 1 357.165 359.998 11.0013 11.1093
359.998	11.1093
357.165	11.0013
> Border Bin # 71, Level 1 355.194 359.999 21.8251 25.0002
355.194	25.0002
359.999	21.8251
> Border Bin # 71, Level 1 347.755 347.92 13.7089 14.7642
347.755	14.7642
347.92	13.7089
> Border Bin # 71, Level 1 353.355 353.777 10.257 10.7214
353.776	10.257
353.777	10.7214
353.355	10.6668
> Border Bin # 71, Level 1 350.687 351.201 12.0081 12.5034
350.687	12.5034
351.201	12.0081
> Border Bin # 71, Level 1 353.777 354.48 10.2582 10.4337
354.48	10.4337
353.777	10.2582
> Border Bin # 71, Level 1 346.825 351.333 27.6666 27.6669
346.825	27.6669
351.333	27.6666
> Border Bin # 71, Level 1 346.029 346.304 12.154 12.2934
346.304	12.2934
346.029	12.154
> Border Bin # 71, Level 1 350.656 350.689 12.2501 12.5043
350.656	12.2501
350.689	12.5043
> Border Bin # 71, Level 1 346.287 346.306 12.294 12.6758
346.306	12.294
346.287	12.6758
> Border Bin # 71, Level 1 359.998 359.998 10.6082 10.918
359.998	10.6082
359.998	10.918
> Border Bin # 71, Level 1 359.849 359.995 11.0986 11.1392
359.995	11.0986
359.849	11.1392
> Border Bin # 71, Level 1 359.999 359.999 10.9284 10.9607
359.999	10.9284
359.999	10.9607
> Border Bin # 72, Level 1 13.1814 20.0 -8.09812 -5.85657
20	-7.05531
19.5422	-6.99733
19.3732	-7.99619
17.6242	-8.09812
16.9458	-7.20821
16.5798	-5.90082
13.1814	-5.85657
> Border Bin # 72, Level 1 8.51789 13.2512 4.68162 10.0
13.2512	10
11.5184	6.60761
11.1244	6.43793
10.5962	7.13405
9.79568	6.80171
8.86519	5.84192
8.51789	4.68162
> Border Bin # 72, Level 1 11.1397 14.5187 -3.92325 2.26642
11.3402	2.16999
13.2549	2.26642
13.1603	1.24132
14.2638	1.34081
14.4735	0.830854
13.8485	-0.19852
14.5187	-0.609293
14.5049	-1.40673
14.1079	-2.49622
13.7621	-2.08881
13.4829	-2.43763
12.9845	-2.37232
12.65	-1.82238
12.4779	-2.32715
11.5743	-2.33326
11.9258	-3.63699
11.4971	-3.50698
11.1397	-3.92325
> Border Bin # 72, Level 1 17.7081 20.0 7.9852 9.08598
20	9.08598
18.9889	8.96422
19.126	8.67277
18.5888	8.04013
17.7081	7.9852
> Border Bin # 72, Level 1 18.5418 20.0 3.4789 5.13542
20	4.77653
19.4266	5.13542
18.5418	4.33555
18.6249	3.4789
> Border Bin # 72, Level 1 12.0262 18.2248 -5.01427 2.4239
18.2248	2.4239
17.7151	-0.53727
16.1959	-2.17578
15.9026	-3.93179
14.6615	-4.90959
14.4097	-4.27268
13.4102	-4.88304
12.7691	-4.39078
12.0262	-5.01427
> Border Bin # 72, Level 1 13.2952 16.1617 1.72198 7.52956
15.5019	7.52956
14.4146	6.04425
15.0768	3.9205
16.1032	2.89845
16.1617	1.72198
14.5791	2.20813
13.2952	2.16358
> Border Bin # 72, Level 1 0.216983 0.683604 6.58839 10.0
0.325322	10
0.216983	9.46319
0.552071	9.40581
0.683604	6.58839
> Border Bin # 72, Level 1 13.9574 16.8182 7.52682 9.98993
16.8182	7.5436
16.5646	7.8732
15.4989	7.52682
15.202	8.48569
13.9574	9.63867
14.1906	9.98169
15.6829	9.98993
> Border Bin # 72, Level 1 2.68193 3.55749 7.89364 10.0
3.55749	10
3.09514	9.09056
2.78843	9.05425
2.68193	7.89364
> Border Bin # 72, Level 1 16.2072 18.5391 2.22156 3.64187
18.5391	3.07546
18.4814	3.64187
16.6693	3.5375
16.2072	2.22156
> Border Bin # 72, Level 1 15.6716 15.6796 9.99237 10.0
15.6796	9.99237
15.6716	10
> Border Bin # 72, Level 1 9.54269 11.3539 0.975509 2.34485
9.80972	2.34485
11.3417	2.16846
11.3539	1.00206
9.54269	0.975509
> Border Bin # 72, Level 1 1.34798 1.79995 6.28077 10.0
1.34798	10
1.355	9.99542
1.61898	9.04417
1.79995	6.28077
> Border Bin # 72, Level 1 12.2005 13.0922 -5.77966 -4.63371
13.0922	-4.63371
12.4627	-5.05119
12.5267	-5.72412
12.2005	-5.77966
> Border Bin # 72, Level 1 2.68376 2.71885 6.36469 7.89548
2.71885	6.36469
2.68376	7.89548
> Border Bin # 72, Level 1 16.8182 17.7099 7.54574 7.98672
16.8182	7.54574
17.7099	7.98672
> Border Bin # 72, Level 1 12.3781 13.1795 -6.05249 -5.85626
13.1795	-5.85626
12.3781	-6.05249
> Border Bin # 72, Level 1 18.2199 18.5406 2.42725 3.07424
18.5406	3.07424
18.2199	2.42725
> Border Bin # 72, Level 1 0.68574 1.20302 6.1004 6.59236
1.20302	6.1004
0.68574	6.59236
> Border Bin # 72, Level 1 1.63577 1.8024 6.2182 6.28016
1.8024	6.28016
1.63577	6.2182
> Border Bin # 73, Level 1 28.3723 28.8988 -10.0 -8.48142
28.8988	-8.48142
28.3723	-9.26085
28.546	-10
> Border Bin # 73, Level 1 20.0 22.1118 -10.0 -7.05531
22.1118	-10
21.7911	-9.41161
21.7835	-7.28176
20	-7.05531
> Border Bin # 73, Level 1 23.5178 39.2041 -4.67094 10.0
23.5694	10
23.6692	9.86694
23.5178	8.71427
24.2438	8.69596
24.1773	8.31601
25.2534	7.85061
25.207	7.49752
26.4051	6.64637
26.4375	6.07782
27.198	5.71374
27.7876	4.60136
28.4034	4.27787
29.6147	4.65599
30.9264	3.51064
30.7292	2.4477
31.3027	2.12146
29.9605	0.825666
29.597	-1.38598
30.7515	-0.997787
34.0206	-1.00145
37.6028	-2.9958
37.6135	-3.50423
39.2041	-4.67094
> Border Bin # 73, Level 1 33.0501 40.0 3.40658 10.0
34.2397	10
34.1207	8.57725
33.2045	8.43381
33.0501	7.79416
33.7182	7.65866
34.7018	6.68177
35.3082	5.37041
35.8358	5.31853
35.9512	4.5211
37.0397	4.37552
38.121	3.61166
39.5602	3.40658
40	3.72335
> Border Bin # 73, Level 1 32.9464 34.4182 -10.0 -9.39605
33.3382	-10
32.9464	-9.39605
34.3252	-9.73266
34.4182	-10
> Border Bin # 73, Level 1 20.0 21.1737 9.08598 10.0
21.1737	10
20.4388	9.13878
20	9.08598
> Border Bin # 73, Level 1 20.0 27.4546 4.1268 5.3814
27.4546	5.01732
25.5421	5.3814
25.29	5.02495
24.3943	5.11559
23.4263	4.5919
22.891	4.81926
22.3337	4.1268
20.5856	4.41001
20	4.77653
> Border Bin # 73, Level 1 29.059 30.8449 -4.46098 -2.30945
29.2149	-3.337
29.424	-4.44877
29.7523	-4.46098
30.8449	-2.97597
30.4176	-2.86183
30.5733	-2.39918
29.9522	-2.30945
29.742	-2.80232
29.059	-2.60487
29.2137	-3.33364
> Border Bin # 73, Level 1 28.8969 30.7701 -8.47929 -4.44938
29.4261	-4.44938
29.5503	-6.29541
30.7701	-8.19089
28.8969	-8.47929
> Border Bin # 73, Level 1 30.8595 35.9384 3.49111 4.61936
35.9384	4.61936
34.3874	4.6099
33.5171	3.75235
32.1935	3.51125
31.1766	3.79538
30.8595	3.49111
> Border Bin # 73, Level 1 33.9974 34.9993 1.11254 4.22263
33.9974	4.22263
34.9374	2.50172
34.9993	1.66857
34.5269	1.11254
> Border Bin # 73, Level 1 30.7692 32.9403 -9.40612 -8.19303
30.7692	-8.19303
32.9403	-9.40612
> Border Bin # 73, Level 1 30.4836 30.894 -2.39796 -1.06126
30.5739	-2.39796
30.894	-2.07599
30.4836	-1.06126
> Border Bin # 73, Level 1 34.3783 35.6985 4.60105 5.02373
34.3783	4.60105
35.321	5.02373
35.6985	4.62058
> Border Bin # 73, Level 1 29.0251 29.2348 -2.73854 -1.69268
29.2348	-1.69268
29.0251	-2.73854
> Border Bin # 73, Level 1 34.0041 34.5257 0.234836 1.11376
34.5257	1.11376
34.0041	0.234836
> Border Bin # 73, Level 1 33.9239 34.0047 -1.00114 0.236667
34.0047	0.236667
33.9239	-1.00114
> Border Bin # 73, Level 1 29.2329 29.5976 -1.69268 -1.38445
29.5976	-1.38445
29.2329	-1.69268
> Border Bin # 74, Level 1 40.0 47.9893 3.72335 10.0
40	3.72335
40.784	4.28794
41.8436	3.94736
43.6863	4.89189
44.9509	4.90257
47.9893	8.0032
46.9947	8.00626
43.4385	9.41955
43.0674	10
> Border Bin # 74, Level 1 40.9885 41.5576 -1.67224 2.82094
40.9885	2.82094
40.9982	-0.866255
41.5576	-1.67224
> Border Bin # 74, Level 1 40.9863 41.9138 2.83284 3.99008
41.9138	3.99008
40.9863	2.83284
> Border Bin # 76, Level 1 99.4623 100.0 6.41993 6.42145
99.4623	6.42145
100	6.41993
> Border Bin # 76, Level 1 97.8802 98.3749 9.52819 10.0
97.8802	9.52819
98.3749	10
> Border Bin # 77, Level 1 109.647 117.9 0.853742 4.36118
109.647	2.0705
109.67	1.61303
110.555	0.853742
111.827	0.998703
112.484	1.57
113.658	1.22484
114.563	1.43359
115.872	4.36118
117.9	4.17655
> Border Bin # 77, Level 1 100.0 102.096 5.63104 6.71107
100	6.41993
100.124	6.41962
100.215	6.71107
100.754	6.50202
101.146	5.63104
101.834	5.74334
102.096	6.23468
> Border Bin # 77, Level 1 114.095 115.019 4.01877 4.89586
114.095	4.59037
114.641	4.01877
115.019	4.89586
> Border Bin # 77, Level 1 115.028 115.349 4.31418 4.90257
115.028	4.81926
115.349	4.31418
115.145	4.90257
> Border Bin # 77, Level 1 103.603 104.095 1.27825 1.31121
104.095	1.31121
103.603	1.27825
> Border Bin # 79, Level 1 141.004 141.007 -9.10155 -2.60548
141.004	-2.60548
141.007	-9.10155
> Border Bin # 85, Level 1 279.865 280.0 -4.37064 -4.28275
280	-4.37064
279.865	-4.28275
> Border Bin # 85, Level 1 277.065 277.436 8.02914 9.56847
277.436	9.56847
277.065	9.47173
277.104	8.02914
> Border Bin # 85, Level 1 279.522 279.869 -4.42802 -3.36934
279.869	-4.28092
279.522	-4.42802
279.85	-3.87961
279.631	-3.36934
> Border Bin # 86, Level 1 281.19 290.791 -4.22416 1.43786
281.19	1.43786
282.625	0.383154
283.703	0.456397
285.176	-0.168612
287.061	-2.43091
288.258	-2.13153
289.9	-2.62684
289.275	-3.77981
290.054	-4.22416
290.62	-1.18059
289.942	-0.157626
289.955	0.586099
290.791	0.616007
> Border Bin # 86, Level 1 293.239 294.61 -10.0 -9.69207
293.239	-10
293.366	-9.90692
294.61	-9.69207
294.61	-10
> Border Bin # 86, Level 1 285.99 289.965 -10.0 -4.14603
289.965	-4.34714
289.234	-4.14603
287.106	-5.12596
286.852	-6.44312
285.99	-7.54757
287.036	-8.98344
286.795	-9.40734
287.695	-9.53002
287.813	-10
> Border Bin # 86, Level 1 288.274 289.484 -10.0 -9.42992
288.274	-10
288.701	-9.99634
289.484	-9.42992
289.442	-10
> Border Bin # 86, Level 1 299.853 300.0 4.38285 5.23217
299.89	5.23217
299.853	4.51743
300	4.38285
> Border Bin # 86, Level 1 286.616 292.546 6.11872 10.0
286.99	10
286.616	9.18975
287.228	9.11315
287.673	8.10727
287.531	7.48775
288.119	6.98543
289.881	6.97597
290.571	6.11872
292.546	6.19318
> Border Bin # 86, Level 1 280.0 284.784 -4.99565 -0.107881
284.718	-0.107881
284.372	-0.111238
284.784	-0.965438
284.438	-1.54376
283.339	-2.57282
281.663	-3.42275
280.963	-4.99565
280	-4.37064
> Border Bin # 86, Level 1 293.128 296.639 0.649577 4.22202
295.358	4.22202
295.958	2.47822
296.639	2.41932
296.607	2.15137
294.481	0.649577
294.41	0.989242
293.688	0.750591
293.128	1.22271
> Border Bin # 86, Level 1 295.361 299.42 3.56039 5.20592
299.271	5.20592
299.42	4.94652
299.015	4.52049
297.254	4.0325
297.125	3.56039
295.361	4.22202
> Border Bin # 86, Level 1 282.11 282.853 7.22896 8.67491
282.633	8.67491
282.853	7.94308
282.426	7.52529
282.253	7.72213
282.11	7.22896
> Border Bin # 86, Level 1 298.608 299.89 5.20348 7.84665
299.89	5.22667
299.268	5.20348
298.608	5.94415
298.866	6.71138
299.711	7.05715
299.28	7.52895
299.663	7.84665
> Border Bin # 86, Level 1 292.122 292.71 2.79225 6.19318
292.546	6.19318
292.122	4.54337
292.71	3.39742
292.154	2.79225
> Border Bin # 86, Level 1 290.158 293.126 1.22484 2.14374
293.126	1.22484
292.576	2.14374
292.085	1.74517
291.813	2.02014
291.857	1.7232
290.158	1.71435
> Border Bin # 86, Level 1 292.145 293.126 1.2221 2.79011
292.145	2.79011
292.808	2.39246
293.126	1.2221
> Border Bin # 86, Level 1 290.157 290.791 0.618753 1.71374
290.157	1.71374
290.158	1.06218
290.73	1.03838
290.791	0.618753
> Border Bin # 86, Level 1 299.661 300.0 7.84543 8.11643
299.661	7.84543
300	8.11643
> Border Bin # 87, Level 1 300.0 303.53 1.18547 5.48547
300	4.38285
300.484	3.94156
300.01	2.82246
300.248	1.86542
301.193	1.18547
302.675	1.97528
303.53	1.94446
301.953	4.00839
302.082	4.83177
302.712	5.01671
302.751	5.48547
> Border Bin # 87, Level 1 303.531 308.317 1.89319 4.03494
303.531	1.94446
304.096	1.89319
304.034	2.53285
305.052	2.61738
305.877	2.11353
306.255	2.37385
307.052	2.17792
308.317	4.03494
> Border Bin # 87, Level 1 305.397 306.035 2.32959 5.76501
305.397	2.32959
305.999	3.44839
305.514	4.8986
306.035	5.76501
> Border Bin # 87, Level 1 300.0 300.199 8.11643 8.53513
300	8.11643
300.199	8.27512
300.01	8.53513
> Border Bin # 89, Level 1 354.954 357.313 9.4818 10.0
357.313	9.4818
356.809	9.92401
355.319	9.67346
354.954	10
> Border Bin # 89, Level 1 351.862 352.354 8.37827 10.0
351.995	10
351.862	9.49615
352.157	9.41711
352.354	8.37827
> Border Bin # 89, Level 1 351.394 352.575 4.35355 7.56008
351.531	7.56008
351.72	7.00038
351.394	6.50782
352.575	5.84497
352.475	4.35355
> Border Bin # 89, Level 1 346.699 349.428 8.27543 9.99756
346.699	9.03563
347.544	9.8883
348.786	9.99756
349.428	9.05699
349.299	8.27543
> Border Bin # 89, Level 1 350.695 352.352 7.19387 8.44663
352.352	8.38041
351.758	8.44663
352.052	8.01846
351.788	7.54513
351.33	7.6968
350.889	7.19387
350.695	7.41665
> Border Bin # 89, Level 1 349.3 350.697 7.41817 8.5684
350.697	7.41817
350.241	8.5684
349.3	8.2739
> Border Bin # 89, Level 1 357.28 357.415 8.7808 10.0
357.28	10
357.415	8.7808
> Border Bin # 89, Level 1 348.511 349.734 6.92653 8.48814
349.734	8.48814
348.511	6.92653
> Border Bin # 89, Level 1 356.751 357.512 5.59014 8.77989
357.418	8.77989
357.512	8.19791
356.751	6.61128
357.236	5.59014
> Border Bin # 89, Level 1 357.072 357.238 5.10033 5.58862
357.238	5.58862
357.072	5.10033
> Border Bin # 89, Level 1 356.896 357.118 5.08598 5.11406
356.896	5.08598
357.118	5.11406
> Border Bin # 90, Level 1 11.7696 20.0 -17.9033 -16.9688
20	-17.9033
18.9239	-17.8166
18.4524	-17.3899
13.9809	-17.425
13.3742	-16.9688
11.7696	-17.2514
> Border Bin # 90, Level 1 19.9957 20.0 -23.9757 -22.0012
20	-22.0012
19.9957	-22.0015
20	-23.9757
> Border Bin # 90, Level 1 16.4877 19.9963 -28.9609 -28.0285
19.9963	-28.4222
19.1293	-28.9609
18.1759	-28.9087
17.4047	-28.7137
17.0636	-28.0285
16.4877	-28.5797
> Border Bin # 90, Level 1 19.9982 20.0 -28.4256 -26.4553
20	-26.4553
19.9982	-28.4256
> Border Bin # 90, Level 1 14.4582 14.7317 -23.2396 -22.6851
14.5275	-22.6851
14.7317	-23.2396
14.4582	-23.1536
> Border Bin # 91, Level 1 22.1118 29.8061 -13.454 -10.0
28.546	-10
28.6998	-10.6534
28.358	-11.5341
29.0315	-12.3832
29.8061	-12.157
29.8015	-13.454
29.0159	-13.3979
27.205	-11.5702
26.7286	-12.0175
26.0047	-11.9025
25.3596	-11.6416
25.3321	-11.1933
24.3128	-11.3974
23.9985	-10.8692
22.2391	-11.2488
22.3136	-10.3699
22.1118	-10
> Border Bin # 91, Level 1 32.6799 38.4903 -17.1354 -10.0
38.4903	-11.4154
37.9522	-11.2818
37.4575	-11.7276
35.8383	-11.4148
34.6261	-11.576
34.3679	-12.2123
34.5663	-13.3423
35.9243	-14.8856
35.8145	-16.0194
35.1373	-16.5507
35.2905	-17.1354
34.2556	-15.8991
34.5223	-14.5716
33.6782	-14.6052
32.6799	-13.6161
33.0465	-12.6038
33.5457	-12.3593
33.2506	-10.8865
33.7029	-10.5618
33.3382	-10
> Border Bin # 91, Level 1 34.4182 34.963 -11.565 -10.0
34.4182	-10
34.963	-11.565
> Border Bin # 91, Level 1 25.2634 33.2241 -17.9594 -14.0125
25.2634	-17.8013
27.0381	-17.9594
27.8251	-16.959
28.7596	-16.5522
28.9271	-15.9721
30.414	-15.6336
30.2129	-14.9812
33.2241	-14.0125
> Border Bin # 91, Level 1 20.0 21.3806 -18.0143 -17.9033
21.3806	-18.0143
20	-17.9033
> Border Bin # 91, Level 1 20.6903 25.5854 -26.8957 -25.2996
25.5854	-25.6216
24.6772	-25.8279
23.0134	-25.2996
22.056	-26.6256
20.6903	-26.8957
> Border Bin # 91, Level 1 21.9983 24.0204 -17.6255 -10.8713
23.4754	-17.6255
21.9989	-16.1732
21.9983	-13.0042
24.0204	-13.0063
23.9869	-10.8713
> Border Bin # 91, Level 1 20.0 23.2895 -22.0012 -17.9988
23.2895	-17.9988
20.9937	-18.3177
20.9918	-21.9969
20	-22.0012
> Border Bin # 91, Level 1 20.0 20.6925 -26.8966 -23.9757
20	-23.9757
20.0015	-24.7655
20.6763	-25.4632
20.6925	-26.8966
> Border Bin # 91, Level 1 24.2393 27.7156 -20.5101 -17.4784
24.2393	-17.4784
25.037	-17.5853
26.1662	-19.5277
27.7156	-20.5101
> Border Bin # 91, Level 1 26.4012 29.3767 -24.6319 -22.1923
26.4012	-24.6319
27.1308	-23.5259
29.3767	-22.1923
> Border Bin # 91, Level 1 28.6992 29.4551 -30.0 -28.6133
28.8923	-30
29.1688	-29.9139
29.4551	-29.3426
28.6992	-28.6133
> Border Bin # 91, Level 1 30.819 32.8914 -27.3162 -22.4181
31.3002	-22.4181
32.0162	-24.4594
32.0201	-25.6503
31.8779	-25.9954
31.1284	-25.9139
30.819	-26.8106
31.5291	-27.3132
31.9875	-27.3162
32.007	-26.8087
32.8914	-26.8466
> Border Bin # 91, Level 1 32.492 33.0266 -21.3451 -18.4047
32.492	-21.3451
32.5023	-20.5986
33.0266	-20.031
32.6992	-18.9445
33.0013	-18.4047
> Border Bin # 91, Level 1 30.414 33.0446 -17.346 -15.6336
30.414	-15.6336
30.4228	-16.0093
32.9821	-16.7085
33.0446	-17.346
> Border Bin # 91, Level 1 23.2935 25.2653 -18.4852 -17.7977
23.2935	-17.9994
23.6155	-18.4852
25.2653	-17.7977
> Border Bin # 91, Level 1 27.7125 29.2567 -22.0656 -20.5074
27.7125	-20.5074
28.0159	-21.566
29.2567	-22.0656
> Border Bin # 91, Level 1 29.3745 32.4892 -22.416 -21.3472
29.3745	-22.191
31.2969	-22.416
32.4892	-21.3472
> Border Bin # 91, Level 1 38.4927 40.0 -11.416 -10.6897
38.4927	-11.416
40	-10.6897
> Border Bin # 91, Level 1 27.0124 28.7013 -29.6417 -28.6142
28.7013	-28.6142
27.7491	-28.909
27.0124	-29.6417
> Border Bin # 91, Level 1 20.0 20.0015 -26.4553 -24.7662
20.0015	-24.7662
20	-26.4553
> Border Bin # 91, Level 1 33.0037 33.0397 -18.4114 -17.3576
33.0397	-17.3576
33.0037	-18.4114
> Border Bin # 91, Level 1 21.3736 24.2368 -18.0162 -17.4794
24.2368	-17.4794
21.3736	-18.0162
> Border Bin # 91, Level 1 27.0155 27.209 -30.0 -29.6429
27.0155	-29.6429
27.209	-30
> Border Bin # 91, Level 1 25.5854 25.8674 -25.6243 -24.7396
25.5854	-25.6243
25.8674	-24.7396
> Border Bin # 91, Level 1 34.6993 34.6993 -12.0121 -12.0114
34.6993	-12.0121
34.6993	-12.0114
> Border Bin # 91, Level 1 31.9673 32.134 -26.8396 -25.9576
32.134	-26.8396
31.9673	-25.9576
> Border Bin # 91, Level 1 34.6575 34.6575 -12.002 -12.002
34.6575	-12.002
34.6575	-12.002
> Border Bin # 91, Level 1 25.8692 26.4033 -24.7445 -24.6307
26.4033	-24.6307
25.8692	-24.7445
> Border Bin # 91, Level 1 29.2552 29.3721 -22.192 -22.0632
29.2552	-22.0632
29.3721	-22.192
> Border Bin # 92, Level 1 40.0 40.4364 -10.6897 -10.4794
40	-10.6897
40.4364	-10.4794
> Border Bin # 104, Level 1 289.969 292.999 -30.0 -17.5053
290.5	-17.5053
291.021	-18.9454
291.561	-19.4249
291.243	-20.407
292.124	-22.828
292.999	-23.0028
292.664	-24.0215
291.435	-24.7744
291.684	-27.0419
291.189	-27.1206
290.345	-28.399
289.969	-29.3002
290.126	-30
> Border Bin # 104, Level 1 292.299 293.239 -10.6918 -10.0
292.299	-10.6918
293.239	-10
> Border Bin # 104, Level 1 294.607 300.0 -16.2644 -10.0
294.61	-10
294.607	-11.2665
295.008	-12.0081
295.72	-12.5022
296.925	-12.6499
298.166	-13.5447
299.529	-13.8071
299.429	-15.0974
299.84	-16.2629
300	-16.2644
> Border Bin # 104, Level 1 287.813 288.274 -10.004 -10.0
287.813	-10
287.814	-10.004
288.274	-10
> Border Bin # 104, Level 1 289.368 292.297 -11.1347 -10.0
289.442	-10
289.368	-11.0092
291.299	-11.1347
292.297	-10.6946
> Border Bin # 104, Level 1 289.595 291.325 -18.3479 -10.9512
290.432	-10.9512
291.325	-12.4994
290.578	-15.6181
291.178	-16.3398
290.379	-17.1907
290.159	-18.1285
289.595	-18.3479
> Border Bin # 104, Level 1 292.818 300.0 -24.1662 -21.7876
292.818	-22.8206
293.768	-21.7876
295.405	-22.2118
295.675	-22.8737
296.059	-22.0009
297.191	-21.9966
298.988	-23.8106
300	-24.1662
> Border Bin # 104, Level 1 297.36 300.0 -22.2393 -19.2988
297.36	-22.2393
298.257	-19.6449
300	-19.2988
> Border Bin # 105, Level 1 300.0 302.542 -20.1686 -16.2644
300	-16.2644
301.672	-16.2791
301.602	-17.2483
302.542	-18.2048
301.841	-20.1686
> Border Bin # 105, Level 1 302.541 306.164 -30.0 -27.1716
306.164	-27.1716
304.235	-28.226
302.541	-30
> Border Bin # 105, Level 1 303.511 305.757 -27.434 -22.0855
303.511	-22.0855
304.255	-22.3952
304.595	-23.9648
305.757	-24.0523
305.307	-26.4285
304.215	-27.434
> Border Bin # 105, Level 1 300.0 300.519 -24.3487 -24.1662
300	-24.1662
300.519	-24.3487
> Border Bin # 105, Level 1 300.362 302.447 -27.2949 -24.2486
300.362	-24.2486
302.447	-25.4427
301.398	-27.2949
> Border Bin # 105, Level 1 300.0 302.186 -22.0897 -19.297
300	-19.2988
300.009	-19.297
301.848	-19.828
302.186	-20.9722
302.018	-22.0897
> Border Bin # 105, Level 1 305.402 306.164 -27.1716 -25.5737
305.402	-25.5737
306.137	-25.6811
306.164	-27.1716
> Border Bin # 105, Level 1 301.399 304.211 -27.4325 -27.2964
301.399	-27.2964
304.211	-27.4325
> Border Bin # 105, Level 1 302.017 303.514 -22.0891 -22.0824
303.514	-22.0824
302.017	-22.0891
> Border Bin # 109, Level 1 27.5685 28.8923 -30.6589 -30.0
27.5685	-30.4044
28.0977	-30.6589
28.3778	-30.1602
28.8923	-30
> Border Bin # 109, Level 1 27.209 27.3811 -30.3177 -30.0
27.209	-30
27.3811	-30.3177
> Border Bin # 109, Level 1 27.3787 27.5645 -30.4044 -30.3171
27.5645	-30.4044
27.3787	-30.3171
> Border Bin # 122, Level 1 286.416 290.188 -50.0 -30.0
290.126	-30
290.168	-30.1904
289.439	-31.3141
290.188	-34.2356
289.433	-35.2479
289.629	-36.0533
288.815	-36.8421
289.176	-38.5679
288.305	-39.5845
288.274	-42.0967
287.868	-42.282
288.145	-44.3716
288.892	-44.5397
287.921	-44.7695
288.702	-45.2932
288.219	-45.649
288.331	-46.679
287.64	-47.4701
287.436	-48.8043
286.416	-49.538
286.575	-50
> Border Bin # 123, Level 1 301.801 302.541 -32.45 -30.0
302.541	-30
302.356	-30.1938
301.801	-32.45
> Border Bin # 123, Level 1 302.392 306.907 -33.7458 -30.1099
306.62	-33.7458
306.48	-33.1373
306.907	-32.7298
306.253	-32.0557
304.418	-30.846
303.993	-31.0816
303.2	-30.1099
302.392	-30.1849
> Border Bin # 123, Level 1 301.737 301.8 -34.1736 -32.454
301.8	-32.454
301.737	-34.1736
> Border Bin # 140, Level 1 286.575 288.088 -51.9977 -50.0
286.575	-50
286.834	-50.7532
287.706	-50.6497
287.561	-51.5598
288.088	-51.9977
> Border Bin # 140, Level 1 291.362 291.382 -54.8859 -52.6435
291.382	-52.6435
291.362	-54.8859
> Border Bin # 140, Level 1 288.083 291.572 -52.378 -51.9956
288.083	-51.9956
291.572	-52.378
