> Border Bin # 29, Level 2 223.58 236.176 60.0105 68.9001
236.176	60.0105
235.408	60.9606
233.16	60.7573
232.858	61.4665
230.706	62.1563
229.88	63.8082
227.384	64.8122
227.657	65.982
226.381	65.9655
226.169	67.0034
223.836	67.0037
223.58	68.9001
> Border Bin # 29, Level 2 223.58 236.176 60.0105 68.9001
236.176	60.0105
235.408	60.9606
233.16	60.7573
232.858	61.4665
230.706	62.1563
229.885	63.8039
227.385	64.8122
227.657	65.982
226.381	65.9655
226.169	67.0034
223.836	67.0037
223.58	68.9001
> Border Bin # 29, Level 2 239.999 240.0 59.9403 59.9995
239.999	59.9995
240	59.9403
> Border Bin # 29, Level 2 239.999 240.0 59.9403 59.9995
239.999	59.9995
240	59.9403
> Border Bin # 29, Level 2 220.952 240.0 59.9974 59.9983
220.952	59.9974
235.701	59.9983
240	59.9983
> Border Bin # 29, Level 2 220.952 240.0 59.9974 59.9983
220.952	59.9974
235.701	59.9983
240	59.9983
> Border Bin # 30, Level 2 240.0 245.339 50.0 59.9403
240	59.9403
240.09	53.5291
244.999	50.5646
245.339	50
> Border Bin # 30, Level 2 240.0 245.339 50.0 59.9403
240	59.9403
240.09	53.5291
244.999	50.5646
245.339	50
> Border Bin # 30, Level 2 240.0 260.0 59.9983 59.9995
240	59.9983
250.45	59.9989
260	59.9995
> Border Bin # 30, Level 2 240.0 260.0 59.9983 59.9995
240	59.9983
250.45	59.9989
260	59.9995
> Border Bin # 30, Level 2 257.998 258.575 50.0 59.9995
258.575	50
257.998	59.9995
> Border Bin # 30, Level 2 257.998 258.575 50.0 59.9995
258.575	50
257.998	59.9995
> Border Bin # 30, Level 2 250.0 250.0 50.0 59.9995
250	50
250	59.9995
> Border Bin # 30, Level 2 250.0 250.0 50.0 59.9995
250	50
250	59.9995
> Border Bin # 31, Level 2 260.0 265.199 59.9995 59.9998
260	59.9995
265.199	59.9998
> Border Bin # 31, Level 2 260.0 265.199 59.9995 59.9998
260	59.9995
265.199	59.9998
> Border Bin # 31, Level 2 264.847 271.058 50.0 56.8446
264.847	50
264.847	52.8241
271.058	56.8446
> Border Bin # 31, Level 2 264.847 271.058 50.0 56.8446
264.847	50
264.847	52.8241
271.058	56.8446
> Border Bin # 32, Level 2 292.217 296.906 51.5598 60.3713
296.45	52.8962
296.232	53.1183
295.828	52.8507
295.408	51.5598
294.891	52.1707
293.589	52.1769
293.731	52.8833
292.926	52.7027
293.097	53.3262
292.217	54.0537
292.399	54.5664
292.964	54.6217
292.572	55.0712
293.395	54.7907
293.16	55.3324
294.31	54.7132
296.279	54.5966
296.906	55.3346
295.83	56.4234
296.408	57.7299
295.568	58.0861
296.52	58.7657
295.117	58.932
295.709	59.0053
295.094	60.0481
295.6	60.3713
> Border Bin # 32, Level 2 292.217 296.906 51.5598 60.3713
295.6	60.3713
295.094	60.0481
295.709	59.0053
295.117	58.932
296.52	58.7657
295.568	58.0861
296.408	57.7299
295.83	56.4234
296.906	55.3346
296.279	54.5966
294.31	54.7132
293.16	55.3324
293.395	54.7907
292.572	55.0709
292.964	54.6217
292.399	54.5664
292.217	54.0537
293.097	53.3262
292.926	52.7027
293.731	52.8833
293.589	52.1769
294.891	52.1707
295.408	51.5598
295.828	52.8507
296.232	53.1183
296.45	52.8962
> Border Bin # 32, Level 2 295.919 300.0 52.0002 52.775
296.404	52.775
295.919	52.4762
296.248	52.0002
300	52.0002
> Border Bin # 32, Level 2 295.919 300.0 52.0002 52.775
296.404	52.775
295.919	52.4762
296.248	52.0002
300	52.0002
> Border Bin # 32, Level 2 280.449 280.461 50.0 51.1847
280.461	51.1847
280.449	50
> Border Bin # 32, Level 2 280.449 280.461 50.0 51.1847
280.461	51.1847
280.449	50
> Border Bin # 32, Level 2 280.454 280.461 51.1917 51.4588
280.454	51.4588
280.461	51.1917
> Border Bin # 32, Level 2 280.454 280.461 51.1917 51.4588
280.454	51.4588
280.461	51.1917
> Border Bin # 32, Level 2 295.127 295.478 60.3053 60.3975
295.127	60.3975
295.478	60.3053
> Border Bin # 32, Level 2 295.127 295.478 60.3053 60.3975
295.127	60.3975
295.478	60.3053
> Border Bin # 33, Level 2 300.0 302.9 51.417 52.0002
300	52.0002
302.899	52.0002
302.9	51.417
> Border Bin # 33, Level 2 300.0 302.9 51.417 52.0002
300	52.0002
302.899	52.0002
302.9	51.417
> Border Bin # 47, Level 2 235.915 240.0 45.5666 46.2802
240	45.7501
237.728	45.5666
236.911	46.1895
235.915	46.2802
> Border Bin # 47, Level 2 235.915 240.0 45.5666 46.2802
235.915	46.2802
236.911	46.1895
237.728	45.5666
240	45.7501
> Border Bin # 47, Level 2 239.999 240.0 39.0065 41.9994
239.999	41.9994
239.999	39.0071
240	39.0065
> Border Bin # 47, Level 2 239.998 240.0 39.0059 41.9994
239.999	41.9994
239.998	39.0071
240	39.0059
> Border Bin # 47, Level 2 235.782 240.0 41.9997 41.9997
235.782	41.9997
240	41.9997
> Border Bin # 47, Level 2 235.782 240.0 41.9997 41.9997
235.782	41.9997
240	41.9997
> Border Bin # 48, Level 2 256.933 260.0 33.0011 36.5
256.933	33.0011
256.958	36.5
260	36.4997
259.999	34.5808
260	34.5805
> Border Bin # 48, Level 2 245.339 245.942 48.9981 50.0
245.339	50
245.942	48.9981
> Border Bin # 48, Level 2 245.339 245.941 48.9972 50.0
245.339	50
245.941	48.9972
> Border Bin # 48, Level 2 248.949 255.995 31.3333 49.0069
250.953	31.3333
250.954	40.9999
248.95	40.9996
248.949	44.9999
255.995	45.0024
255.967	49.0069
> Border Bin # 48, Level 2 248.949 255.995 31.3333 49.0072
250.953	31.3333
250.954	40.9999
248.95	40.9996
248.949	44.9999
255.995	45.0024
255.967	49.0072
> Border Bin # 48, Level 2 243.952 248.95 44.3713 48.9993
243.952	48.9993
244.275	47.4371
245.675	46.6693
245.451	45.5673
246.202	45.6069
247.164	44.3713
248.637	44.7582
248.95	44.4961
> Border Bin # 48, Level 2 243.952 248.95 44.3713 48.9993
243.952	48.9993
244.275	47.4371
245.675	46.6693
245.451	45.5673
246.202	45.6069
247.164	44.3713
248.637	44.7582
248.95	44.4964
> Border Bin # 48, Level 2 245.957 260.0 36.9999 37.0002
245.957	37.0002
260	36.9999
> Border Bin # 48, Level 2 245.957 260.0 36.9999 37.0002
245.957	37.0002
260	36.9999
> Border Bin # 48, Level 2 250.95 257.985 37.0027 40.9996
250.95	40.9996
257.972	40.9993
257.985	37.0027
> Border Bin # 48, Level 2 250.95 257.985 37.0027 40.9996
250.95	40.9996
257.973	40.9993
257.985	37.0027
> Border Bin # 48, Level 2 240.0 243.114 45.7501 46.0015
243.114	46.0015
240	45.7501
> Border Bin # 48, Level 2 240.0 243.114 45.7501 46.0015
240	45.7501
243.114	46.0015
> Border Bin # 48, Level 2 242.786 243.547 41.9994 48.9999
242.983	41.9994
242.786	44.4765
243.547	45.6069
242.954	46.3708
242.96	48.9999
> Border Bin # 48, Level 2 242.786 243.547 41.9994 48.9999
242.983	41.9994
242.786	44.4765
243.547	45.6069
242.955	46.3708
242.96	48.9999
> Border Bin # 48, Level 2 240.0 245.375 34.9955 39.0065
240	39.0065
245.375	34.9955
> Border Bin # 48, Level 2 240.0 245.374 34.9961 39.0059
240	39.0059
245.374	34.9961
> Border Bin # 48, Level 2 240.0 248.95 41.9997 41.9997
240	41.9997
248.95	41.9997
> Border Bin # 48, Level 2 240.0 248.95 41.9997 41.9997
240	41.9997
248.95	41.9997
> Border Bin # 48, Level 2 245.278 245.958 35.3404 41.9997
245.958	41.9997
245.958	36.1997
245.278	36.0929
245.412	35.3404
> Border Bin # 48, Level 2 245.278 245.958 35.3404 41.9997
245.958	41.9997
245.958	36.1997
245.278	36.0929
245.412	35.3404
> Border Bin # 48, Level 2 256.933 260.0 33.0011 36.5
259.999	34.5808
260	36.4997
256.958	36.5
256.933	33.0011
> Border Bin # 48, Level 2 255.963 255.978 41.0045 45.0002
255.978	41.0045
255.963	45.0002
> Border Bin # 48, Level 2 255.963 255.978 41.0045 45.0002
255.978	41.0045
255.963	45.0002
> Border Bin # 48, Level 2 251.169 251.285 30.0 31.3336
251.169	31.3336
251.285	30
> Border Bin # 48, Level 2 245.281 245.885 32.7179 34.7413
245.513	34.7413
245.885	34.2826
245.281	32.7179
> Border Bin # 48, Level 2 245.281 245.885 32.7179 34.7413
245.513	34.7413
245.885	34.2826
245.281	32.7179
> Border Bin # 48, Level 2 255.989 260.0 45.9417 45.942
255.989	45.942
260	45.9417
> Border Bin # 48, Level 2 255.989 260.0 45.9417 45.942
255.989	45.942
260	45.9417
> Border Bin # 48, Level 2 257.976 260.0 40.0002 40.0002
257.976	40.0002
260	40.0002
> Border Bin # 48, Level 2 257.976 260.0 40.0002 40.0002
257.976	40.0002
260	40.0002
> Border Bin # 48, Level 2 258.575 258.633 48.9999 50.0
258.633	48.9999
258.575	50
> Border Bin # 48, Level 2 258.575 258.633 48.9999 50.0
258.633	48.9999
258.575	50
> Border Bin # 48, Level 2 255.971 260.0 43.0004 43.0007
255.971	43.0004
260	43.0007
> Border Bin # 48, Level 2 255.971 260.0 43.0004 43.0007
255.971	43.0004
260	43.0007
> Border Bin # 48, Level 2 250.0 250.0 48.9993 50.0
250	48.9993
250	50
> Border Bin # 48, Level 2 250.0 250.0 48.9993 50.0
250	48.9993
250	50
> Border Bin # 48, Level 2 253.336 256.934 31.7832 32.9993
253.478	31.7832
253.336	32.0005
256.934	32.0002
256.934	32.9993
> Border Bin # 48, Level 2 253.336 256.934 31.7832 32.9993
256.934	32.9993
256.934	32.0002
253.336	32.0005
253.478	31.7832
> Border Bin # 48, Level 2 245.416 245.442 34.8106 35.341
245.416	35.341
245.442	34.8106
> Border Bin # 48, Level 2 245.416 245.442 34.8106 35.341
245.416	35.341
245.442	34.8106
> Border Bin # 48, Level 2 244.958 245.19 32.2538 32.508
245.19	32.508
244.958	32.2538
> Border Bin # 48, Level 2 244.958 244.983 31.9651 32.2516
244.983	31.9651
244.958	32.2516
> Border Bin # 48, Level 2 256.999 257.0 36.5 36.9993
257	36.5
256.999	36.9993
> Border Bin # 48, Level 2 256.999 257.0 36.5 36.9993
257	36.5
256.999	36.9993
> Border Bin # 48, Level 2 245.441 245.513 34.7364 34.8081
245.441	34.8081
245.513	34.7364
> Border Bin # 48, Level 2 245.441 245.513 34.7364 34.8081
245.441	34.8081
245.513	34.7364
> Border Bin # 48, Level 2 245.941 245.942 48.9972 48.9981
245.942	48.9981
245.941	48.9972
> Border Bin # 48, Level 2 260.0 260.0 34.5808 34.5811
260	34.5811
260	34.5808
> Border Bin # 49, Level 2 268.349 270.885 30.1871 40.3767
268.56	40.3767
268.624	39.7215
269.874	38.8386
269.636	38.2261
270.885	36.956
268.772	33.7156
269.093	32.3209
268.349	30.9998
270.267	31.0007
270.478	30.1871
> Border Bin # 49, Level 2 268.349 270.885 30.1871 40.3767
268.56	40.3767
268.624	39.7215
269.874	38.8389
269.636	38.2261
270.885	36.956
268.772	33.7156
269.093	32.3209
268.349	30.9998
270.267	31.0007
270.478	30.1871
> Border Bin # 49, Level 2 260.0 265.955 33.5532 34.5805
260	34.5805
260.828	34.2136
262.87	33.7229
264.775	33.9646
265.955	33.5532
> Border Bin # 49, Level 2 260.001 265.955 33.5532 34.5798
260.001	34.5798
262.858	33.7244
264.775	33.9646
265.955	33.5532
> Border Bin # 49, Level 2 274.821 279.483 38.4419 40.6429
279.483	40.6429
279.123	39.6211
277.957	39.0043
277.676	38.4419
275.272	39.1398
274.821	38.6885
> Border Bin # 49, Level 2 274.821 279.483 38.4419 40.6429
279.483	40.6429
279.123	39.6211
277.957	39.0043
277.676	38.4419
275.272	39.1398
274.821	38.6885
> Border Bin # 49, Level 2 277.411 280.0 37.2911 38.4172
280	37.9963
279.72	37.5187
279.045	37.2911
278.164	37.2914
277.411	38.4172
> Border Bin # 49, Level 2 270.575 280.0 36.4988 36.5339
270.575	36.4988
280	36.5339
> Border Bin # 49, Level 2 270.575 280.0 36.4988 36.5339
270.575	36.4988
280	36.5339
> Border Bin # 49, Level 2 260.0 265.382 36.9996 39.1334
260	36.9999
265.382	36.9996
265.382	39.1334
> Border Bin # 49, Level 2 260.0 265.382 36.9996 39.1334
260	36.9999
265.382	36.9996
265.382	39.1334
> Border Bin # 49, Level 2 261.511 265.382 39.1203 43.0037
261.511	43.0037
263.611	42.4901
264.13	40.7179
265.382	39.1203
> Border Bin # 49, Level 2 261.511 265.382 39.1203 43.0037
261.511	43.0037
263.611	42.4901
264.13	40.7179
265.382	39.1203
> Border Bin # 49, Level 2 264.237 269.86 40.3911 43.0764
264.237	40.6007
268.621	40.3911
268.959	41.4049
269.86	41.993
268.841	43.0764
> Border Bin # 49, Level 2 264.237 269.86 40.3911 43.0764
264.237	40.6007
268.621	40.3911
268.959	41.4049
269.86	41.993
268.841	43.0764
> Border Bin # 49, Level 2 270.869 274.816 36.9828 38.6918
274.816	38.6918
273.954	37.9646
273.629	38.1965
273.365	37.8468
272.084	37.9249
271.521	37.0719
270.869	36.9828
> Border Bin # 49, Level 2 270.869 274.816 36.9828 38.6918
274.816	38.6918
273.954	37.9646
273.629	38.1965
273.365	37.8468
272.084	37.9249
271.521	37.0719
270.869	36.9828
> Border Bin # 49, Level 2 278.034 280.0 37.2068 38.083
280	38.083
279.547	37.4287
278.376	37.2068
278.034	37.5389
> Border Bin # 49, Level 2 265.382 270.271 33.6475 36.5006
265.516	33.6475
265.382	36.5006
269.838	36.4997
269.617	35.9855
270.271	35.9998
> Border Bin # 49, Level 2 264.847 264.847 49.3765 50.0
264.847	49.3765
264.847	50
> Border Bin # 49, Level 2 264.847 264.847 49.3765 50.0
264.847	49.3765
264.847	50
> Border Bin # 49, Level 2 271.598 273.168 30.3903 35.0236
273.168	35.0022
271.803	35.0236
271.598	30.3903
> Border Bin # 49, Level 2 271.598 273.168 30.3903 35.0236
273.168	35.0022
271.803	35.0236
271.598	30.3903
> Border Bin # 49, Level 2 265.957 266.487 30.0 33.5499
265.957	33.5499
265.957	31.9934
266.487	31.0352
266.223	30
> Border Bin # 49, Level 2 275.676 278.343 34.986 36.6105
278.343	36.6105
275.676	34.986
> Border Bin # 49, Level 2 275.676 278.343 34.986 36.6105
278.343	36.6105
275.676	34.986
> Border Bin # 49, Level 2 265.957 266.487 30.0 33.5499
266.223	30
266.487	31.0352
265.957	31.9934
265.957	33.5499
> Border Bin # 49, Level 2 276.902 280.0 34.8792 35.171
276.902	35.0004
278.662	35.171
280	34.8792
> Border Bin # 49, Level 2 276.902 280.0 34.8792 35.171
276.902	35.0004
278.662	35.171
280	34.8792
> Border Bin # 49, Level 2 275.035 278.489 30.3632 30.9204
278.489	30.7172
278.035	30.8191
277.832	30.3632
275.035	30.9204
> Border Bin # 49, Level 2 262.999 263.547 43.4994 47.9199
263.547	43.4994
262.999	47.9199
> Border Bin # 49, Level 2 262.999 263.547 43.4994 47.9199
263.547	43.4994
262.999	47.9199
> Border Bin # 49, Level 2 275.035 278.489 30.3632 30.9204
278.489	30.7172
278.035	30.8191
277.832	30.3632
275.035	30.9204
> Border Bin # 49, Level 2 276.327 278.035 36.6026 38.4172
277.411	38.4172
278.035	37.5386
276.327	36.6026
> Border Bin # 49, Level 2 269.589 272.403 45.1043 46.5823
269.589	46.5823
271.884	45.9322
272.403	45.1043
> Border Bin # 49, Level 2 269.589 272.403 45.1043 46.5823
269.589	46.5823
271.884	45.9322
272.403	45.1043
> Border Bin # 49, Level 2 274.377 274.94 32.0536 34.9992
274.94	32.0536
274.377	34.9992
> Border Bin # 49, Level 2 277.798 279.106 32.0288 33.6564
277.798	33.6564
279.106	32.0288
> Border Bin # 49, Level 2 277.798 279.106 32.0288 33.6564
277.798	33.6564
279.106	32.0288
> Border Bin # 49, Level 2 274.377 274.94 32.0536 34.9992
274.94	32.0536
274.377	34.9992
> Border Bin # 49, Level 2 273.166 275.203 39.0996 41.7598
273.166	41.7598
275.203	41.7589
275.176	39.0996
> Border Bin # 49, Level 2 273.166 275.203 39.0996 41.7598
273.166	41.7598
275.203	41.7589
275.176	39.0996
> Border Bin # 49, Level 2 265.382 270.271 35.9855 36.9996
265.382	36.9996
265.382	36.4997
269.838	36.4997
269.617	35.9855
270.271	35.9998
> Border Bin # 49, Level 2 271.952 272.467 37.805 39.3568
272.467	39.3568
271.952	37.805
> Border Bin # 49, Level 2 271.952 272.467 37.805 39.3568
272.467	39.3568
271.952	37.805
> Border Bin # 49, Level 2 260.0 263.444 45.9417 45.9417
260	45.9417
263.444	45.9417
> Border Bin # 49, Level 2 260.0 263.444 45.9417 45.9417
260	45.9417
263.444	45.9417
> Border Bin # 49, Level 2 263.398 268.779 43.0001 43.5009
263.492	43.0001
263.398	43.5
268.779	43.5009
> Border Bin # 49, Level 2 263.398 268.779 42.9995 43.5009
263.493	42.9995
263.398	43.5
268.779	43.5009
> Border Bin # 49, Level 2 275.42 277.184 34.3561 35.0001
275.42	34.9973
276.904	35.0001
276.646	34.7016
277.184	34.3561
> Border Bin # 49, Level 2 275.42 277.184 34.3561 35.0001
275.42	34.9973
276.904	35.0001
276.646	34.7016
277.184	34.3561
> Border Bin # 49, Level 2 279.48 280.0 39.7215 41.9774
280	39.7215
279.481	39.7215
279.48	41.9774
> Border Bin # 49, Level 2 279.48 280.0 39.7215 41.9774
279.48	41.9774
279.481	39.7215
280	39.7215
> Border Bin # 49, Level 2 265.382 265.516 33.6475 36.5006
265.516	33.6475
265.382	36.5006
> Border Bin # 49, Level 2 267.114 268.081 44.7539 46.7532
268.081	46.7532
267.114	45.7089
267.178	44.7539
> Border Bin # 49, Level 2 267.114 268.081 44.7539 46.7532
267.178	44.7539
267.114	45.7089
268.081	46.7532
> Border Bin # 49, Level 2 260.0 264.699 39.9998 40.0002
260	40.0002
264.699	39.9998
> Border Bin # 49, Level 2 260.0 264.699 39.9998 40.0002
260	40.0002
264.699	39.9998
> Border Bin # 49, Level 2 272.394 274.994 30.2753 30.9998
272.492	30.2753
272.394	30.9995
274.994	30.9998
> Border Bin # 49, Level 2 272.394 274.994 30.2753 30.9998
272.492	30.2753
272.394	30.9995
274.994	30.9998
> Border Bin # 49, Level 2 272.468 272.479 39.355 41.7131
272.479	41.7131
272.468	39.355
> Border Bin # 49, Level 2 272.468 272.479 39.355 41.7131
272.479	41.7131
272.468	39.355
> Border Bin # 49, Level 2 260.0 261.511 43.0007 43.0007
260	43.0007
261.511	43.0007
> Border Bin # 49, Level 2 260.0 261.511 43.0007 43.0007
260	43.0007
261.511	43.0007
> Border Bin # 49, Level 2 276.327 278.035 36.6026 37.5395
278.035	37.5395
276.327	36.6026
> Border Bin # 49, Level 2 269.362 272.197 42.4916 42.5109
272.197	42.4916
269.362	42.5109
> Border Bin # 49, Level 2 269.362 272.197 42.4916 42.5109
272.197	42.4916
269.362	42.5109
> Border Bin # 49, Level 2 262.779 263.001 47.9171 48.9975
263.001	47.9171
262.779	48.9975
> Border Bin # 49, Level 2 262.779 263.001 47.9171 48.9975
263.001	47.9171
262.779	48.9975
> Border Bin # 49, Level 2 277.185 277.795 33.6588 34.3583
277.185	34.3583
277.795	33.6588
> Border Bin # 49, Level 2 277.185 277.795 33.6588 34.3583
277.185	34.3583
277.795	33.6588
> Border Bin # 49, Level 2 272.401 273.728 45.1022 45.4479
272.401	45.1022
272.895	45.4479
273.728	45.2508
> Border Bin # 49, Level 2 272.401 273.728 45.1022 45.4479
272.401	45.1022
272.895	45.4479
273.728	45.2508
> Border Bin # 49, Level 2 265.957 268.819 33.0115 33.0121
265.957	33.0115
268.819	33.0121
> Border Bin # 49, Level 2 265.957 268.819 33.0115 33.0121
265.957	33.0115
268.819	33.0121
> Border Bin # 49, Level 2 274.938 275.036 30.9177 31.6272
274.938	31.6272
275.036	30.9177
> Border Bin # 49, Level 2 274.938 275.036 30.9177 31.6272
274.938	31.6272
275.036	30.9177
> Border Bin # 49, Level 2 267.879 268.651 43.9181 44.4204
267.879	44.4204
268.651	43.9181
> Border Bin # 49, Level 2 267.879 268.651 43.9181 44.4204
267.879	44.4204
268.651	43.9181
> Border Bin # 49, Level 2 275.2 276.534 41.6991 41.7385
276.534	41.7385
275.2	41.6991
> Border Bin # 49, Level 2 275.2 276.534 41.6991 41.7385
276.534	41.7385
275.2	41.6991
> Border Bin # 49, Level 2 273.166 275.416 34.9995 35.0001
273.166	34.9995
275.416	35.0001
> Border Bin # 49, Level 2 273.166 275.416 34.9995 35.0001
273.166	34.9995
275.416	35.0001
> Border Bin # 49, Level 2 268.73 268.836 43.0788 43.724
268.836	43.0788
268.73	43.724
> Border Bin # 49, Level 2 268.73 268.837 43.0788 43.724
268.837	43.0788
268.73	43.724
> Border Bin # 49, Level 2 263.5 263.517 42.513 43.0007
263.5	43.0007
263.517	42.513
> Border Bin # 49, Level 2 263.5 263.517 42.513 43.0007
263.5	43.0007
263.517	42.513
> Border Bin # 49, Level 2 269.699 271.809 35.0016 35.0025
269.699	35.0016
271.809	35.0025
> Border Bin # 49, Level 2 269.699 271.809 35.0016 35.0025
269.699	35.0016
271.809	35.0025
> Border Bin # 49, Level 2 274.936 274.938 31.6287 32.0557
274.936	31.6287
274.938	32.0557
> Border Bin # 49, Level 2 274.936 274.938 31.6287 32.0557
274.936	31.6287
274.938	32.0557
> Border Bin # 49, Level 2 272.923 272.957 42.3821 42.8353
272.957	42.8353
272.923	42.3821
> Border Bin # 49, Level 2 272.923 272.957 42.3821 42.8353
272.957	42.8353
272.923	42.3821
> Border Bin # 49, Level 2 267.405 267.874 44.4207 44.6126
267.874	44.4207
267.405	44.6126
> Border Bin # 49, Level 2 267.405 267.874 44.4207 44.6126
267.874	44.4207
267.405	44.6126
> Border Bin # 49, Level 2 273.205 273.391 44.7555 45.0231
273.391	45.0231
273.205	44.7555
> Border Bin # 49, Level 2 273.205 273.391 44.7555 45.0231
273.391	45.0231
273.205	44.7555
> Border Bin # 49, Level 2 272.829 272.849 43.2079 43.5125
272.829	43.5125
272.849	43.2079
> Border Bin # 49, Level 2 272.829 272.849 43.2079 43.5125
272.829	43.5125
272.849	43.2079
> Border Bin # 49, Level 2 267.183 267.409 44.6114 44.7521
267.183	44.7521
267.409	44.6114
> Border Bin # 49, Level 2 267.183 267.409 44.6114 44.7521
267.183	44.7521
267.409	44.6114
> Border Bin # 49, Level 2 269.952 270.098 47.1588 47.3901
270.098	47.3901
269.952	47.1588
> Border Bin # 49, Level 2 269.952 270.098 47.1588 47.3901
270.098	47.3901
269.952	47.1588
> Border Bin # 49, Level 2 272.964 273.028 44.0896 44.2983
273.028	44.2983
272.964	44.0896
> Border Bin # 49, Level 2 272.964 273.028 44.0896 44.2983
273.028	44.2983
272.964	44.0896
> Border Bin # 49, Level 2 265.382 265.382 36.4997 36.9996
265.382	36.4997
265.382	36.9996
> Border Bin # 49, Level 2 268.652 268.738 43.7841 43.9202
268.738	43.7841
268.652	43.9202
> Border Bin # 49, Level 2 268.652 268.738 43.7844 43.9202
268.738	43.7844
268.652	43.9202
> Border Bin # 49, Level 2 272.658 272.922 41.7641 41.7702
272.922	41.7702
272.658	41.7641
> Border Bin # 49, Level 2 272.658 272.922 41.7641 41.7702
272.922	41.7702
272.658	41.7641
> Border Bin # 49, Level 2 269.237 269.492 47.2564 47.3043
269.492	47.3043
269.237	47.2564
> Border Bin # 49, Level 2 269.237 269.492 47.2564 47.3043
269.492	47.3043
269.237	47.2564
> Border Bin # 49, Level 2 268.491 268.725 46.9226 47.0297
268.725	47.0297
268.491	46.9226
> Border Bin # 49, Level 2 268.491 268.724 46.9226 47.0297
268.724	47.0297
268.491	46.9226
> Border Bin # 49, Level 2 270.405 270.492 47.8613 48.0041
270.492	48.0041
270.405	47.8613
> Border Bin # 49, Level 2 270.405 270.492 47.8613 48.0041
270.492	48.0041
270.405	47.8613
> Border Bin # 49, Level 2 272.768 272.959 42.4901 42.4904
272.959	42.4901
272.768	42.4904
> Border Bin # 49, Level 2 272.768 272.959 42.4901 42.4904
272.959	42.4901
272.768	42.4904
> Border Bin # 49, Level 2 269.908 270.037 47.2915 47.2921
270.037	47.2915
269.908	47.2921
> Border Bin # 49, Level 2 269.908 270.037 47.2915 47.2921
270.037	47.2915
269.908	47.2921
> Border Bin # 49, Level 2 272.766 272.782 41.7678 41.8422
272.782	41.8422
272.766	41.7678
> Border Bin # 49, Level 2 272.467 272.531 41.74 41.7681
272.531	41.7681
272.467	41.74
> Border Bin # 49, Level 2 272.467 272.531 41.74 41.7678
272.531	41.7678
272.467	41.74
> Border Bin # 49, Level 2 272.766 272.782 41.7678 41.8422
272.782	41.8422
272.766	41.7678
> Border Bin # 49, Level 2 268.731 268.738 43.7258 43.7816
268.738	43.7816
268.731	43.7258
> Border Bin # 49, Level 2 268.731 268.738 43.7258 43.7813
268.738	43.7813
268.731	43.7258
> Border Bin # 49, Level 2 270.436 270.508 36.501 36.5013
270.436	36.501
270.508	36.5013
> Border Bin # 49, Level 2 270.436 270.508 36.501 36.5013
270.436	36.501
270.508	36.5013
> Border Bin # 49, Level 2 260.0 260.001 34.5798 34.5808
260	34.5808
260.001	34.5798
> Border Bin # 50, Level 2 280.0 282.264 37.9963 39.4493
282.264	39.3278
281.66	39.4493
280.711	38.4221
280.347	38.5881
280	37.9963
> Border Bin # 50, Level 2 280.0 284.166 36.5339 36.5495
280	36.5339
284.166	36.5495
> Border Bin # 50, Level 2 280.0 284.166 36.5339 36.5495
280	36.5339
284.166	36.5495
> Border Bin # 50, Level 2 280.0 282.264 38.083 39.4557
282.264	39.3278
281.67	39.4557
280.711	38.4221
280.351	38.5914
280	38.083
> Border Bin # 50, Level 2 280.844 285.602 45.0036 46.8124
280.844	46.8124
283.653	45.4571
285.602	45.5654
285.319	45.0036
> Border Bin # 50, Level 2 280.844 285.602 45.0036 46.8124
280.844	46.8124
283.653	45.4568
285.602	45.5654
285.319	45.0036
> Border Bin # 50, Level 2 286.647 289.184 42.751 45.01
289.184	42.8768
286.747	42.751
286.647	45.01
> Border Bin # 50, Level 2 286.647 289.184 42.751 45.0097
289.184	42.8768
286.747	42.751
286.647	45.0097
> Border Bin # 50, Level 2 280.0 281.454 33.8587 34.8792
280	34.8792
280.332	34.8069
281.454	33.8587
> Border Bin # 50, Level 2 280.0 281.454 33.8587 34.8792
280	34.8792
280.332	34.8069
281.454	33.8587
> Border Bin # 50, Level 2 280.424 280.843 46.8164 50.0
280.449	50
280.424	47.442
280.843	46.8164
> Border Bin # 50, Level 2 280.424 280.843 46.8164 50.0
280.449	50
280.424	47.442
280.843	46.8164
> Border Bin # 50, Level 2 280.237 285.301 40.6828 42.2655
280.237	42.2655
280.237	41.9985
284.659	41.9994
285.301	41.3716
284.806	40.6828
> Border Bin # 50, Level 2 280.237 285.301 40.6828 42.2655
280.237	42.2655
280.237	41.9985
284.659	41.9994
285.301	41.3716
284.806	40.6828
> Border Bin # 50, Level 2 287.535 288.506 42.726 45.0207
288.506	45.0207
287.535	42.726
> Border Bin # 50, Level 2 287.535 288.506 42.726 45.0207
288.506	45.0207
287.535	42.726
> Border Bin # 50, Level 2 282.746 283.817 37.9194 38.9079
283.817	37.9194
282.746	38.3424
282.937	38.9079
> Border Bin # 50, Level 2 282.746 283.817 37.9194 38.9079
283.817	37.9194
282.746	38.3424
282.937	38.9079
> Border Bin # 50, Level 2 281.429 282.938 38.9049 39.6117
281.429	39.528
282.147	39.6117
282.938	38.9049
> Border Bin # 50, Level 2 281.429 282.938 38.9049 39.6092
281.429	39.528
282.154	39.6092
282.938	38.9049
> Border Bin # 50, Level 2 280.0 284.225 39.7215 39.7215
284.225	39.7215
280	39.7215
> Border Bin # 50, Level 2 280.0 284.225 39.7215 39.7215
280	39.7215
284.225	39.7215
> Border Bin # 50, Level 2 284.453 285.273 39.4563 40.6847
284.453	39.4563
285.273	40.1512
284.802	40.6847
> Border Bin # 50, Level 2 284.453 285.273 39.4563 40.6847
284.802	40.6847
285.273	40.1512
284.453	39.4563
> Border Bin # 50, Level 2 288.915 289.259 43.0797 45.3024
288.915	45.3024
289.259	43.0797
> Border Bin # 50, Level 2 288.915 289.259 43.0797 45.3024
288.915	45.3024
289.259	43.0797
> Border Bin # 50, Level 2 290.944 293.152 47.2949 47.9971
290.944	47.2949
291.627	47.9248
293.152	47.9971
> Border Bin # 50, Level 2 290.944 293.152 47.2952 47.9971
290.944	47.2952
291.627	47.9248
293.152	47.9971
> Border Bin # 50, Level 2 284.215 284.959 38.4529 39.8143
284.959	38.4529
284.288	38.4535
284.215	39.7203
284.58	39.8143
> Border Bin # 50, Level 2 284.215 284.959 38.4529 39.8143
284.959	38.4529
284.288	38.4535
284.215	39.7203
284.58	39.8143
> Border Bin # 50, Level 2 280.513 281.425 39.2039 39.7215
280.523	39.7215
280.513	39.2039
281.425	39.5256
> Border Bin # 50, Level 2 280.513 281.425 39.2039 39.7215
280.523	39.7215
280.513	39.2039
281.425	39.5256
> Border Bin # 50, Level 2 286.52 288.198 41.3213 42.0549
286.52	42.0549
288.198	42.0281
288.156	41.3213
> Border Bin # 50, Level 2 286.52 288.198 41.3213 42.0549
286.52	42.0549
288.198	42.0281
288.156	41.3213
> Border Bin # 50, Level 2 286.354 286.745 41.0106 42.7523
286.745	42.7523
286.354	41.0106
> Border Bin # 50, Level 2 286.354 286.745 41.0106 42.7523
286.745	42.7523
286.354	41.0106
> Border Bin # 50, Level 2 285.299 286.108 40.4949 41.3548
285.299	41.3548
286.108	40.9837
285.754	40.4949
286.099	40.4991
> Border Bin # 50, Level 2 285.299 286.108 40.4949 41.3548
285.299	41.3548
286.108	40.9837
285.754	40.4949
286.099	40.4991
> Border Bin # 50, Level 2 288.201 288.872 41.5123 42.0107
288.201	42.0107
288.872	41.5123
> Border Bin # 50, Level 2 288.201 288.872 41.5123 42.0107
288.201	42.0107
288.872	41.5123
> Border Bin # 50, Level 2 283.937 284.772 37.9551 38.0391
284.772	38.0391
283.937	37.9551
> Border Bin # 50, Level 2 283.937 284.772 37.9551 38.0391
284.772	38.0391
283.937	37.9551
> Border Bin # 50, Level 2 292.786 293.06 44.7692 45.1833
292.786	45.1833
293.06	44.7692
> Border Bin # 50, Level 2 293.395 293.915 48.0218 48.0285
293.915	48.0218
293.395	48.0285
> Border Bin # 50, Level 2 293.395 293.915 48.0218 48.0285
293.915	48.0218
293.395	48.0285
> Border Bin # 50, Level 2 282.879 282.961 38.7901 38.943
282.961	38.7901
282.879	38.943
> Border Bin # 50, Level 2 282.879 282.961 38.7901 38.9433
282.961	38.7901
282.879	38.9433
> Border Bin # 50, Level 2 295.727 295.958 45.8288 45.9893
295.958	45.9893
295.727	45.8288
> Border Bin # 50, Level 2 295.727 295.958 45.8288 45.9893
295.958	45.9893
295.727	45.8288
> Border Bin # 50, Level 2 296.132 296.329 46.1682 46.2536
296.132	46.2536
296.329	46.1682
> Border Bin # 50, Level 2 296.132 296.329 46.1682 46.2536
296.132	46.2536
296.329	46.1682
> Border Bin # 50, Level 2 297.319 297.503 45.779 45.7989
297.319	45.7989
297.503	45.779
> Border Bin # 50, Level 2 297.319 297.503 45.779 45.7989
297.319	45.7989
297.503	45.779
> Border Bin # 66, Level 2 257.723 260.0 20.3886 27.6696
260	27.6696
259.177	27.2354
259.435	26.7718
258.781	26.3705
259.808	25.191
259.248	25.1781
259.163	24.5303
257.723	23.2363
258.13	22.492
258.705	22.4858
257.89	20.3886
> Border Bin # 66, Level 2 259.928 260.0 22.8176 23.4173
260	22.8176
259.952	22.8338
259.928	23.355
260	23.4173
> Border Bin # 66, Level 2 259.399 260.0 18.3949 21.2267
260	21.2267
259.399	20.6911
259.943	19.8772
259.413	18.8597
259.684	18.3949
260	18.5707
> Border Bin # 66, Level 2 255.671 258.475 21.0546 22.7648
258.475	21.8547
257.295	21.7556
256.944	21.0546
256.233	21.2255
256.945	22.2863
256.627	22.5057
256.349	22.0836
256.271	22.578
256.132	22.184
255.993	22.7648
256.05	22.368
255.671	22.2661
> Border Bin # 66, Level 2 256.65 259.718 18.976 20.403
259.718	20.2037
259.504	19.9013
258.004	20.403
257.061	20.1491
257.428	19.3993
256.65	18.976
> Border Bin # 66, Level 2 251.529 254.601 22.4669 26.9534
251.529	26.9534
251.964	26.9476
252.215	26.2002
252.637	26.1117
253.461	24.3188
253.998	24.2119
254.601	23.051
254.285	22.4669
> Border Bin # 66, Level 2 252.915 257.188 24.6966 26.8386
257.188	24.6966
256.499	25.2694
256.72	26.2899
256.176	26.7251
255.435	26.3503
253.972	26.8386
253.466	25.7891
252.915	25.6118
> Border Bin # 66, Level 2 255.691 259.943 22.318 25.118
255.691	22.318
256.149	24.0731
256.732	24.4762
257.487	24.4521
257.334	25.118
259.139	24.5971
259.565	23.2164
259.943	23.2412
> Border Bin # 66, Level 2 254.598 256.056 20.6999 23.0687
254.598	23.0687
255.085	22.9247
255.002	22.5484
255.655	22.452
256.056	21.3744
255.714	20.7082
255.23	21.0207
254.734	20.6999
> Border Bin # 66, Level 2 250.77 251.531 26.2631 30.0
251.285	30
251.434	28.2892
250.854	28.1759
251.531	26.9091
250.77	26.2631
> Border Bin # 66, Level 2 258.096 259.414 18.264 18.8597
259.414	18.8597
259.376	18.3534
258.366	18.5924
258.096	18.264
> Border Bin # 66, Level 2 259.88 260.0 19.9425 20.071
259.88	19.9425
260	20.071
> Border Bin # 66, Level 2 258.473 260.0 21.4702 21.8572
258.473	21.8572
260	21.4702
> Border Bin # 66, Level 2 257.257 258.154 21.7256 22.459
258.154	22.0125
257.674	22.459
257.257	21.7256
> Border Bin # 66, Level 2 255.408 256.522 18.9662 19.4804
255.408	19.1493
256.356	19.4804
256.522	18.9662
> Border Bin # 66, Level 2 256.045 256.707 26.6668 28.9938
256.368	26.6668
256.045	27.8705
256.707	28.9938
> Border Bin # 66, Level 2 256.254 256.652 18.687 18.9744
256.652	18.9744
256.254	18.687
> Border Bin # 66, Level 2 257.82 258.1 17.9216 18.2615
258.1	18.2615
257.82	17.9216
> Border Bin # 66, Level 2 245.795 247.276 27.9995 28.0002
245.795	28.0002
247.276	27.9995
> Border Bin # 66, Level 2 257.191 257.333 24.6963 25.0738
257.333	25.0738
257.191	24.6963
> Border Bin # 67, Level 2 260.0 260.193 27.6696 27.7713
260.193	27.7713
260	27.6696
> Border Bin # 67, Level 2 261.445 263.274 16.3197 20.793
261.9	20.4305
262.266	20.793
262.293	20.19
262.861	20.1408
262.56	19.5857
262.999	19.2619
262.654	18.7694
263.274	18.3845
261.652	17.8923
261.996	17.0179
261.445	16.3197
> Border Bin # 67, Level 2 260.0 261.628 21.4015 22.8176
261.485	21.4015
261.628	22.2646
260	22.8176
> Border Bin # 67, Level 2 260.0 261.556 23.4173 27.6675
260	23.4173
260.549	23.8936
260.268	24.5287
261.556	25.4229
261.415	26.0409
260.886	26.0787
260.369	26.6622
260.284	27.6675
> Border Bin # 67, Level 2 268.667 270.849 14.8081 16.0749
269.011	16.0749
268.667	15.5171
268.87	14.8081
270.752	15.3037
270.849	15.0736
> Border Bin # 67, Level 2 272.081 272.751 13.8148 15.9178
272.404	13.8148
272.751	14.8966
272.081	15.1951
272.272	15.9178
> Border Bin # 67, Level 2 260.0 260.21 21.2267 21.4137
260.21	21.4137
260	21.2267
> Border Bin # 67, Level 2 260.0 261.652 17.8929 18.7651
260	18.5707
260.349	18.7651
261.652	17.8929
> Border Bin # 67, Level 2 269.131 269.553 14.2557 16.0752
269.434	14.2557
269.131	15.2564
269.508	15.2708
269.183	15.753
269.553	16.0752
> Border Bin # 67, Level 2 275.882 276.082 10.0 10.1941
275.882	10
276.082	10.1941
> Border Bin # 67, Level 2 272.8 273.315 13.595 15.0095
273.064	15.0095
273.315	14.3912
272.8	13.595
273.236	13.7107
> Border Bin # 67, Level 2 273.711 275.157 12.6386 14.5988
273.711	12.6386
275.157	13.9023
274.981	14.5988
> Border Bin # 67, Level 2 265.863 268.563 17.2569 18.2075
268.563	17.2569
268.176	17.8892
267.238	17.3616
266.736	17.9915
266.383	17.3845
265.863	18.2075
> Border Bin # 67, Level 2 275.998 276.246 10.0 10.77
275.998	10
276.246	10.77
> Border Bin # 67, Level 2 274.943 275.342 10.0 10.3326
275.342	10
275.175	10.3326
274.943	10
> Border Bin # 67, Level 2 269.372 269.872 13.8007 14.5188
269.372	13.931
269.872	14.5188
269.763	13.8007
> Border Bin # 67, Level 2 260.958 261.969 19.6718 21.4006
260.958	21.2712
261.479	21.4006
261.867	21.0793
261.434	20.5016
261.969	20.6426
261.855	19.6718
> Border Bin # 67, Level 2 273.659 275.32 11.8662 12.7951
273.659	12.475
274.922	12.7951
275.32	11.8662
> Border Bin # 67, Level 2 266.148 266.223 29.707 30.0
266.223	30
266.148	29.707
> Border Bin # 67, Level 2 266.148 266.223 29.707 30.0
266.148	29.707
266.223	30
> Border Bin # 67, Level 2 271.044 271.698 14.2185 14.9348
271.698	14.5734
271.364	14.9348
271.044	14.2185
> Border Bin # 67, Level 2 276.057 276.585 10.0 10.1389
276.057	10.1389
276.585	10
> Border Bin # 67, Level 2 271.803 272.402 13.9875 14.4108
272.402	14.0809
272.156	14.4108
271.803	13.9875
> Border Bin # 67, Level 2 263.25 266.411 17.2224 18.6812
266.411	17.3787
265.033	17.2224
264.793	17.7314
264.213	17.5203
264.146	18.1129
263.326	18.6812
263.25	18.4294
> Border Bin # 67, Level 2 274.898 276.282 10.9427 11.8656
274.898	11.6309
275.321	11.8656
276.282	10.9427
> Border Bin # 67, Level 2 261.287 262.372 19.0935 19.6727
261.857	19.6727
262.372	19.3071
261.807	19.0935
261.287	19.5775
261.853	19.6721
> Border Bin # 67, Level 2 268.34 268.889 14.1245 14.7407
268.889	14.4306
268.532	14.7407
268.34	14.1245
> Border Bin # 67, Level 2 272.227 273.63 15.4365 15.7154
273.63	15.5543
272.646	15.4365
272.227	15.7154
> Border Bin # 67, Level 2 260.0 261.341 19.5869 20.2684
260	20.071
260.185	20.2684
261.341	19.5869
> Border Bin # 67, Level 2 274.559 275.215 10.3128 11.0645
275.215	10.3128
274.559	10.9125
274.778	11.0645
> Border Bin # 67, Level 2 271.505 272.015 13.9701 14.7892
272.015	14.7892
271.536	14.4688
271.505	13.9701
> Border Bin # 67, Level 2 260.0 260.96 21.1592 21.6439
260	21.4702
260.207	21.4177
260.8	21.6439
260.96	21.1592
> Border Bin # 67, Level 2 272.752 273.745 14.7642 15.38
273.745	15.38
272.752	14.7642
> Border Bin # 67, Level 2 269.556 270.783 15.8894 16.0856
269.556	16.0856
270.783	15.8894
> Border Bin # 67, Level 2 273.582 275.007 15.0764 15.771
275.007	15.0764
274.304	15.6281
273.745	15.3803
273.582	15.771
> Border Bin # 67, Level 2 268.472 269.11 14.0439 14.4904
269.11	14.4904
268.472	14.0439
> Border Bin # 67, Level 2 270.575 271.15 13.957 14.4041
270.684	14.4041
270.575	14.0433
271.15	13.957
> Border Bin # 67, Level 2 267.983 268.481 14.5313 15.156
267.983	14.5313
268.481	15.156
> Border Bin # 67, Level 2 270.816 271.393 16.4146 17.1055
271.393	17.1055
270.816	16.4146
> Border Bin # 67, Level 2 273.75 274.263 12.9676 13.8282
273.866	12.9676
273.75	13.3509
274.263	13.8282
> Border Bin # 67, Level 2 270.856 271.711 17.1073 17.5019
270.856	17.3405
271.411	17.5019
271.393	17.1073
271.711	17.1226
> Border Bin # 67, Level 2 272.879 273.301 12.4582 13.2065
273.301	13.2065
272.879	12.4582
> Border Bin # 67, Level 2 260.504 261.335 18.6696 19.5393
260.504	18.6696
260.882	19.5393
261.335	18.9946
> Border Bin # 67, Level 2 267.836 268.49 14.4865 14.7126
268.49	14.7126
267.836	14.4865
> Border Bin # 67, Level 2 270.122 270.507 14.4193 15.1603
270.122	15.1603
270.507	14.4193
> Border Bin # 67, Level 2 271.51 271.891 13.1666 13.6838
271.51	13.6838
271.891	13.1666
> Border Bin # 67, Level 2 271.514 271.966 14.9223 15.5048
271.966	14.9223
271.514	15.5048
> Border Bin # 67, Level 2 273.313 274.457 14.0443 14.3906
273.313	14.3906
274.457	14.0443
> Border Bin # 67, Level 2 260.949 261.372 18.3708 19.4771
261.372	19.4771
261.327	18.4327
260.949	18.3708
> Border Bin # 67, Level 2 274.344 275.019 12.0496 12.3771
275.019	12.3771
274.344	12.0496
> Border Bin # 67, Level 2 270.733 270.863 13.4122 14.0479
270.733	14.0479
270.863	13.4122
> Border Bin # 67, Level 2 271.186 271.512 13.2523 13.8642
271.512	13.8642
271.186	13.2523
> Border Bin # 67, Level 2 273.496 274.113 11.7639 12.3133
273.496	11.7639
274.113	12.3133
> Border Bin # 67, Level 2 270.394 270.603 15.1801 15.8607
270.603	15.8607
270.394	15.1801
> Border Bin # 67, Level 2 271.908 272.047 13.1666 13.8959
271.908	13.1666
272.047	13.8959
> Border Bin # 67, Level 2 270.281 270.564 13.5145 13.9084
270.392	13.5145
270.564	13.7632
270.281	13.9084
> Border Bin # 67, Level 2 269.503 270.027 15.1566 15.2634
270.027	15.1566
269.503	15.2634
> Border Bin # 67, Level 2 268.531 268.675 14.7398 15.2625
268.531	14.7398
268.675	15.2625
> Border Bin # 67, Level 2 272.574 272.801 13.3738 13.7388
272.801	13.6591
272.574	13.7388
272.62	13.3738
> Border Bin # 67, Level 2 273.274 273.957 13.4644 13.5038
273.957	13.5038
273.274	13.4644
> Border Bin # 67, Level 2 274.485 274.885 12.7787 13.3405
274.485	13.3405
274.885	12.7787
> Border Bin # 67, Level 2 271.741 271.991 13.5505 13.9051
271.991	13.5505
271.741	13.9051
> Border Bin # 67, Level 2 269.235 269.349 14.4685 14.7773
269.235	14.7773
269.349	14.4685
> Border Bin # 67, Level 2 273.255 273.75 13.2605 13.3509
273.75	13.3509
273.255	13.2605
> Border Bin # 67, Level 2 270.045 270.26 13.6643 14.0415
270.045	13.6643
270.26	14.0415
> Border Bin # 67, Level 2 271.362 271.837 17.4653 17.9512
271.837	17.9512
271.455	17.9011
271.362	17.4653
> Border Bin # 67, Level 2 267.519 269.017 17.8196 18.6552
269.017	17.8196
268.02	18.0177
267.519	18.6552
> Border Bin # 67, Level 2 269.609 269.715 14.5148 14.8902
269.609	14.8902
269.715	14.5148
> Border Bin # 67, Level 2 270.869 271.296 14.5399 14.715
271.296	14.5399
270.869	14.715
> Border Bin # 67, Level 2 273.824 273.975 11.5189 12.1527
273.975	12.1527
273.824	11.5189
> Border Bin # 67, Level 2 269.594 270.582 17.8193 20.8638
270.571	17.8193
270.582	19.6519
269.594	20.8638
> Border Bin # 67, Level 2 271.104 271.168 13.2581 13.6625
271.104	13.6625
271.168	13.2581
> Border Bin # 67, Level 2 267.892 268.414 15.2097 15.438
268.414	15.2097
267.892	15.438
> Border Bin # 67, Level 2 275.003 275.015 14.7416 15.991
275.003	15.991
275.015	14.7416
> Border Bin # 67, Level 2 271.242 271.357 14.9216 15.2952
271.357	14.9216
271.242	15.2952
> Border Bin # 67, Level 2 261.384 262.223 22.2676 22.4169
261.384	22.4169
262.223	22.2676
> Border Bin # 67, Level 2 271.008 271.061 13.6619 13.9429
271.008	13.6619
271.061	13.9429
> Border Bin # 67, Level 2 275.802 275.842 10.0 10.784
275.842	10.784
275.802	10
> Border Bin # 67, Level 2 265.935 266.133 16.0429 17.1501
266.133	17.1501
265.935	16.0429
> Border Bin # 67, Level 2 273.357 273.742 12.9035 13.0613
273.357	13.0613
273.742	12.9035
> Border Bin # 67, Level 2 270.858 270.978 13.7061 14.0668
270.978	13.7061
270.858	14.0668
> Border Bin # 67, Level 2 270.265 270.814 14.7785 14.907
270.265	14.7785
270.814	14.907
> Border Bin # 67, Level 2 273.906 274.244 11.6098 11.7227
273.906	11.6098
274.244	11.7227
> Border Bin # 67, Level 2 271.15 271.471 13.744 13.7516
271.15	13.7516
271.471	13.744
> Border Bin # 67, Level 2 272.305 272.558 13.6796 13.8184
272.558	13.6796
272.305	13.8184
> Border Bin # 67, Level 2 260.171 260.706 20.2721 21.1464
260.171	20.2721
260.706	21.1464
> Border Bin # 67, Level 2 274.057 274.218 12.118 12.5498
274.218	12.118
274.057	12.5498
> Border Bin # 67, Level 2 271.943 272.156 14.4117 14.6293
272.156	14.4117
271.943	14.6293
> Border Bin # 67, Level 2 270.581 272.461 19.6519 21.4952
270.581	19.6519
272.246	20.6624
272.461	21.4952
> Border Bin # 67, Level 2 271.222 271.605 16.5415 16.6999
271.222	16.6999
271.605	16.5415
> Border Bin # 67, Level 2 272.033 272.265 14.8197 15.0163
272.265	15.0163
272.033	14.8197
> Border Bin # 67, Level 2 269.947 270.314 14.4346 14.5774
270.314	14.5774
269.947	14.4346
> Border Bin # 67, Level 2 273.33 273.451 12.0008 12.3062
273.451	12.3062
273.33	12.0008
> Border Bin # 67, Level 2 268.885 268.912 14.5307 14.8258
268.912	14.8258
268.885	14.5307
> Border Bin # 67, Level 2 269.791 270.165 14.6741 14.8759
269.791	14.6741
270.165	14.8759
> Border Bin # 67, Level 2 270.543 270.627 13.7757 14.0323
270.543	13.7757
270.627	14.0323
> Border Bin # 67, Level 2 268.572 268.818 14.8182 14.9107
268.818	14.9107
268.572	14.8182
> Border Bin # 67, Level 2 270.856 270.936 13.4891 13.6378
270.856	13.4891
270.936	13.6378
> Border Bin # 67, Level 2 271.4 271.713 17.9609 18.2359
271.713	17.9609
271.4	18.2359
> Border Bin # 67, Level 2 260.715 261.037 19.0883 19.1417
260.715	19.1417
261.037	19.0883
> Border Bin # 67, Level 2 260.71 260.966 21.1458 21.1577
260.71	21.1458
260.966	21.1577
> Border Bin # 67, Level 2 273.718 273.926 11.8564 11.9492
273.926	11.8564
273.718	11.9492
> Border Bin # 67, Level 2 271.247 271.339 13.9933 14.014
271.247	13.9933
271.339	14.014
> Border Bin # 67, Level 2 274.829 274.835 11.0401 11.1014
274.835	11.0401
274.829	11.1014
> Border Bin # 68, Level 2 286.994 288.675 10.0 11.8531
288.675	11.8531
287.507	11.1212
286.994	10
> Border Bin # 68, Level 2 285.139 285.174 10.0 11.1252
285.174	10
285.139	11.1252
> Border Bin # 68, Level 2 289.612 291.082 10.0 10.6958
290.895	10
290.762	10.1492
291.082	10.6958
289.612	10.5182
> Border Bin # 68, Level 2 292.132 292.56 10.0 10.4633
292.56	10
292.132	10.4633
> Border Bin # 68, Level 2 285.924 286.463 10.0 11.2699
285.939	10
285.924	10.0775
286.353	10.4611
286.463	11.2699
> Border Bin # 68, Level 2 284.435 284.542 10.0 10.1407
284.542	10
284.435	10.1407
> Border Bin # 68, Level 2 291.407 291.955 10.0 10.1312
291.407	10
291.76	10.1312
291.955	10
> Border Bin # 68, Level 2 292.608 294.573 10.0046 10.535
294.573	10.1401
293.075	10.0046
292.608	10.535
> Border Bin # 68, Level 2 296.051 296.055 10.0 10.0797
296.055	10
296.051	10.0797
> Border Bin # 68, Level 2 296.048 297.357 10.0812 10.2304
296.048	10.0812
297.357	10.2304
> Border Bin # 68, Level 2 282.04 283.002 18.0568 18.2414
282.04	18.0568
283.002	18.2414
> Border Bin # 68, Level 2 289.304 289.304 10.0 10.3091
289.304	10.3091
289.304	10
> Border Bin # 68, Level 2 286.372 287.092 10.4273 10.918
287.092	10.4273
286.372	10.918
> Border Bin # 68, Level 2 283.343 283.743 17.9298 17.9957
283.743	17.9957
283.343	17.9298
> Border Bin # 68, Level 2 292.779 293.69 10.4154 10.6247
292.779	10.4154
293.69	10.6247
> Border Bin # 68, Level 2 291.113 291.744 10.0 10.6619
291.63	10
291.744	10.593
291.113	10.6619
> Border Bin # 68, Level 2 288.719 289.613 10.4556 10.9891
289.613	10.5197
289.044	10.4556
288.719	10.9891
> Border Bin # 68, Level 2 282.534 282.604 17.8508 18.4697
282.534	18.4697
282.604	17.8508
> Border Bin # 68, Level 2 282.932 283.127 18.1486 18.4065
283.127	18.1486
282.932	18.4065
> Border Bin # 68, Level 2 295.465 296.051 10.0824 10.2518
296.051	10.0824
295.465	10.2518
> Border Bin # 68, Level 2 284.78 285.085 10.2594 10.809
284.78	10.809
285.085	10.2594
> Border Bin # 68, Level 2 283.153 283.249 17.9826 18.1376
283.249	18.1376
283.153	17.9826
> Border Bin # 68, Level 2 289.199 289.614 10.4611 10.5261
289.614	10.5261
289.199	10.4611
> Border Bin # 68, Level 2 282.0 282.104 18.195 18.4358
282.104	18.195
282	18.4358
> Border Bin # 68, Level 2 282.789 282.868 17.8788 18.1855
282.789	18.1855
282.868	17.8788
> Border Bin # 68, Level 2 283.296 283.372 18.0745 18.2658
283.372	18.0745
283.296	18.2658
> Border Bin # 68, Level 2 281.657 282.078 18.2966 18.2985
282.078	18.2966
281.657	18.2985
> Border Bin # 68, Level 2 282.359 282.434 17.8584 18.2213
282.359	18.2213
282.434	17.8584
> Border Bin # 68, Level 2 289.351 289.392 10.0104 10.3226
289.351	10.3226
289.392	10.0104
> Border Bin # 68, Level 2 291.345 291.741 10.5896 10.7324
291.345	10.7324
291.741	10.5896
> Border Bin # 68, Level 2 284.86 284.915 19.8924 19.9629
284.86	19.9629
284.915	19.8924
> Border Bin # 68, Level 2 284.775 284.841 19.901 19.9623
284.775	19.901
284.841	19.9623
> Border Bin # 85, Level 2 275.457 276.571 9.06554 10.0
276.571	9.35363
276.485	9.06554
275.457	9.58648
275.882	10
> Border Bin # 85, Level 2 279.153 279.976 8.09018 9.02953
279.976	8.39902
279.819	9.02953
279.465	8.92851
279.153	8.61204
279.525	8.09018
> Border Bin # 85, Level 2 275.921 276.513 9.46838 10.0
276.513	9.46838
275.921	9.76074
275.998	10
> Border Bin # 85, Level 2 275.342 275.43 9.82391 10.0
275.43	9.82391
275.342	10
> Border Bin # 85, Level 2 274.759 274.943 9.73846 10.0
274.943	10
274.759	9.73846
> Border Bin # 85, Level 2 276.537 277.071 9.06493 10.0
276.585	10
276.683	9.97406
276.537	9.39422
277.071	9.06493
> Border Bin # 85, Level 2 279.863 280.0 8.94072 9.05364
280	9.05364
279.863	8.94072
> Border Bin # 85, Level 2 277.281 278.524 8.55406 8.91051
278.524	8.55406
277.281	8.91051
> Border Bin # 85, Level 2 278.378 278.779 7.97848 8.78386
278.779	8.78386
278.378	7.97848
> Border Bin # 85, Level 2 279.347 280.0 -6.37598 -5.44244
280	-5.71313
279.46	-5.44244
279.347	-6.37598
> Border Bin # 85, Level 2 279.055 279.368 7.2311 8.13504
279.323	8.13504
279.055	7.76516
279.368	7.2311
> Border Bin # 85, Level 2 279.935 280.0 0.358129 0.389868
280	0.358129
279.935	0.389868
> Border Bin # 85, Level 2 279.198 280.0 -1.73022 -1.09636
280	-1.09636
279.862	-1.19646
279.822	-1.73022
279.198	-1.71313
> Border Bin # 85, Level 2 279.852 280.0 -3.87991 -3.86923
280	-3.86923
279.852	-3.87991
> Border Bin # 85, Level 2 279.287 279.618 7.51949 8.00015
279.287	7.51949
279.618	8.00015
> Border Bin # 85, Level 2 275.8 275.802 9.95697 10.0
275.802	10
275.8	9.95697
> Border Bin # 85, Level 2 279.13 279.255 8.62058 8.87602
279.255	8.62058
279.13	8.87602
> Border Bin # 85, Level 2 278.939 279.5 -4.08469 -4.05356
279.5	-4.05356
278.939	-4.08469
> Border Bin # 86, Level 2 286.618 298.004 6.11872 10.0
286.994	10
286.618	9.17754
287.228	9.11315
287.673	8.10727
287.528	7.49203
287.934	7.06172
289.881	6.97597
290.571	6.11872
292.546	6.19318
292.898	7.13222
293.653	7.64492
294.424	7.91775
295.181	7.66934
297.742	8.59129
298.004	8.88945
297.671	9.14244
297.645	9.99817
> Border Bin # 86, Level 2 292.552 299.42 3.561 6.19165
299.271	5.20592
299.42	4.94652
299.015	4.52049
297.254	4.0325
297.106	3.561
296.657	3.96109
295.404	4.12924
294.378	6.14527
292.999	5.61852
292.552	6.19165
> Border Bin # 86, Level 2 285.1 286.949 3.69314 9.17266
286.949	4.71275
286.857	4.22049
286.302	4.48814
285.553	3.69314
285.468	4.23117
285.1	4.27878
285.426	6.2298
286.114	7.00526
286.142	8.09323
286.26	7.69528
286.751	7.81674
286.662	8.40513
286.416	8.34012
286.685	9.17266
> Border Bin # 86, Level 2 298.602 300.0 -8.82628 -8.82231
298.602	-8.82628
300	-8.82231
> Border Bin # 86, Level 2 297.095 300.0 -1.4229 1.76471
297.095	1.76471
297.508	0.929122
297.493	-0.778668
298.141	-1.38628
298.399	-1.4229
298.781	-0.493324
299.477	-0.835126
300	-0.0221256
> Border Bin # 86, Level 2 285.358 290.571 4.29129 6.11872
285.358	5.7348
286.362	5.46227
286.468	4.90532
287.279	4.29129
288.797	4.8217
290.571	6.11872
> Border Bin # 86, Level 2 284.092 285.618 -10.0 -8.65599
284.092	-8.981
284.398	-9.4052
285.468	-8.65599
285.279	-9.36156
285.581	-9.54437
285.618	-10
> Border Bin # 86, Level 2 282.192 283.144 -8.55589 -2.97169
283.144	-8.55589
282.213	-6.98787
282.851	-6.36439
282.233	-5.71649
282.472	-4.02914
282.192	-2.97169
> Border Bin # 86, Level 2 293.167 298.603 -9.83673 -7.99985
298.603	-8.83116
297.229	-8.00198
296.472	-7.99985
294.92	-9.42412
293.685	-9.39391
293.167	-9.83673
> Border Bin # 86, Level 2 282.46 284.528 -8.98344 -5.36187
282.46	-5.36187
283.371	-6.05341
283.669	-5.90143
283.822	-6.33967
284.528	-6.31556
284.464	-6.8481
283.995	-6.76631
283.86	-7.23293
284.227	-8.10605
284.091	-8.98344
> Border Bin # 86, Level 2 286.644 290.56 -1.07927 1.68353
286.644	1.68353
288.398	0.624857
288.527	0.101778
289.357	0.148775
289.876	-0.847944
290.56	-1.07927
> Border Bin # 86, Level 2 298.549 298.601 -10.0 -8.83207
298.549	-10
298.601	-8.83207
> Border Bin # 86, Level 2 288.157 293.678 7.28542 8.07279
288.157	7.49569
289.363	7.28542
290.586	8.07279
293.678	7.65438
> Border Bin # 86, Level 2 282.87 283.999 5.50225 8.13352
283.999	5.50225
283.716	6.21271
283.285	6.17182
283.033	6.69856
283.078	7.12703
283.46	7.21736
282.87	7.74746
283.163	8.13352
> Border Bin # 86, Level 2 280.626 282.059 -2.13916 0.258335
281.111	-1.4107
280.839	-2.13916
280.626	-0.888838
281.652	-0.624552
282.059	-0.0776684
282.009	0.192416
281.14	0.258335
281.997	0.193637
> Border Bin # 86, Level 2 289.338 289.372 -10.0 -9.94507
289.338	-10
289.372	-9.94507
> Border Bin # 86, Level 2 283.533 285.081 7.23934 9.42016
283.58	8.90623
283.802	8.43015
283.533	7.52041
284.19	7.23934
285.081	8.12772
284.273	9.42016
> Border Bin # 86, Level 2 288.92 292.292 2.67659 4.04685
288.92	2.67659
289.932	3.52712
292.292	4.04685
> Border Bin # 86, Level 2 286.222 293.361 -9.91608 -7.05013
293.361	-9.91608
289.65	-8.1619
286.222	-7.05013
> Border Bin # 86, Level 2 282.863 285.939 -0.168307 1.43328
282.863	0.365759
282.977	1.22484
283.358	1.43328
283.556	1.00816
284.688	0.767376
285.319	-0.0233463
285.939	-0.168307
> Border Bin # 86, Level 2 281.227 282.246 -7.77188 -4.5861
281.295	-7.59152
281.716	-7.77188
282.246	-7.46853
281.227	-5.83612
281.292	-4.5861
> Border Bin # 86, Level 2 282.578 284.218 1.54681 3.25673
283.846	1.54681
283.438	1.96277
283.597	2.39368
284.218	2.45106
283.913	3.21248
282.578	3.25673
> Border Bin # 86, Level 2 286.53 288.92 1.73846 4.89891
288.916	4.89891
288.92	2.67659
287.993	2.80781
286.552	2.38727
286.53	1.73846
> Border Bin # 86, Level 2 289.277 293.126 1.22484 2.14374
293.126	1.22484
292.576	2.14374
292.085	1.74517
291.809	2.0177
291.857	1.7232
289.277	1.91302
> Border Bin # 86, Level 2 282.759 284.259 3.21248 4.97826
282.759	4.25864
283.291	3.99496
283.868	4.97826
284.259	4.71763
283.913	3.21248
> Border Bin # 86, Level 2 285.473 287.599 5.69268 7.0605
287.599	7.0605
287.505	6.4947
287.222	6.57099
286.607	5.76623
286.496	6.14008
286.328	5.69268
285.473	6.27161
> Border Bin # 86, Level 2 285.174 286.206 8.14878 10.0
286.206	8.14878
286.124	8.97673
285.192	9.44823
285.174	10
> Border Bin # 86, Level 2 281.556 282.561 8.34684 9.0869
282.561	8.56657
281.96	9.0869
281.556	8.84367
281.602	8.34684
> Border Bin # 86, Level 2 282.738 283.267 -10.0 -8.56291
282.738	-8.56291
283.267	-9.17845
282.926	-9.76898
282.99	-10
> Border Bin # 86, Level 2 281.338 284.092 -8.98466 -8.01144
284.092	-8.98466
282.738	-8.56291
282.347	-8.01144
281.338	-8.96605
> Border Bin # 86, Level 2 285.586 288.444 -0.561074 0.320287
285.586	-0.561074
285.968	-0.164645
287.66	-0.405127
288.444	0.320287
> Border Bin # 86, Level 2 283.846 285.505 1.06737 3.72854
285.505	3.72854
285.009	2.69215
283.846	1.54681
283.916	1.06737
> Border Bin # 86, Level 2 280.745 281.96 9.08721 9.54162
281.96	9.08721
280.745	9.29473
280.924	9.54162
> Border Bin # 86, Level 2 290.895 291.022 9.85718 10.0
291.022	9.85718
290.895	10
> Border Bin # 86, Level 2 280.0 280.767 9.05364 9.47662
280.767	9.33318
280.513	9.47662
280	9.05364
> Border Bin # 86, Level 2 292.56 293.384 9.23095 10.0
293.384	9.96551
293.271	9.23095
292.56	10
> Border Bin # 86, Level 2 285.939 286.126 8.97612 10.0
286.126	8.97612
285.939	10
> Border Bin # 86, Level 2 281.588 284.41 -1.55322 -0.949264
281.588	-1.01793
282.126	-1.24285
283.396	-0.949264
284.41	-1.55322
> Border Bin # 86, Level 2 289.305 291.015 9.39513 9.84985
289.305	9.7467
289.783	9.84985
290.287	9.39513
291.015	9.78241
> Border Bin # 86, Level 2 281.107 283.339 -2.57282 -1.30053
283.339	-2.57282
281.804	-1.4168
281.107	-1.30053
> Border Bin # 86, Level 2 287.666 290.156 6.0354 6.34119
287.666	6.34119
287.887	6.0827
289.842	6.29938
290.156	6.0354
> Border Bin # 86, Level 2 294.303 295.21 7.87869 9.9527
294.303	9.9527
295.21	8.87816
294.852	8.72862
294.641	7.87869
> Border Bin # 86, Level 2 289.827 291.426 8.11917 9.42962
289.967	9.42962
289.827	8.98985
291.125	8.11917
291.426	8.63523
> Border Bin # 86, Level 2 284.53 285.58 -10.0 -9.59838
284.53	-10
284.6	-9.88312
285.58	-9.59838
> Border Bin # 86, Level 2 284.542 285.456 8.22141 10.0
285.064	8.22141
285.416	8.31907
285.456	8.804
284.542	10
> Border Bin # 86, Level 2 287.606 288.685 7.4081 8.61143
288.051	8.61143
288.685	7.50179
287.606	7.4081
> Border Bin # 86, Level 2 291.022 291.407 8.93034 10.0
291.351	8.93034
291.022	9.85718
291.407	10
> Border Bin # 86, Level 2 291.955 292.211 9.82696 10.0
291.955	10
292.211	9.82696
> Border Bin # 86, Level 2 280.099 280.908 -4.76127 -3.06752
280.099	-3.06752
280.908	-3.6257
280.547	-4.76127
> Border Bin # 86, Level 2 280.537 281.357 -2.80934 -2.32013
281.355	-2.32013
281.147	-2.80934
280.537	-2.33509
281.357	-2.32105
> Border Bin # 86, Level 2 280.0 280.591 -5.98871 -5.53033
280.591	-5.53033
280.549	-5.98871
280	-5.71313
> Border Bin # 86, Level 2 282.059 283.198 1.31304 2.61006
283.198	1.31304
282.633	1.64019
282.705	2.22187
282.059	2.61006
> Border Bin # 86, Level 2 296.055 297.317 8.38071 10.0
297.317	8.38071
296.095	9.20073
296.055	10
> Border Bin # 86, Level 2 284.065 284.602 4.81437 5.72747
284.602	4.81437
284.065	5.06645
284.392	5.72747
> Border Bin # 86, Level 2 285.508 285.95 3.73739 4.82444
285.508	3.73739
285.95	4.82444
285.851	4.01541
> Border Bin # 86, Level 2 291.156 292.456 7.9556 9.36919
291.156	9.36919
291.246	8.78477
292.456	7.9556
> Border Bin # 86, Level 2 299.663 300.0 7.10628 7.15541
299.663	7.15541
300	7.10628
> Border Bin # 86, Level 2 280.0 281.527 0.0862135 0.896773
281.527	0.896773
281.516	0.49546
280.557	0.0862135
280	0.358129
> Border Bin # 86, Level 2 280.292 280.837 -7.18013 -5.98932
280.55	-5.98932
280.837	-6.76081
280.292	-7.18013
> Border Bin # 86, Level 2 286.406 287.94 7.05135 7.70382
286.406	7.70382
287.063	7.49935
287.183	7.05135
287.94	7.06447
> Border Bin # 86, Level 2 285.137 286.062 7.01015 8.19455
285.137	8.19455
285.663	7.01015
286.062	7.22469
> Border Bin # 86, Level 2 283.987 285.468 2.99702 3.83749
285.468	3.83749
285.058	3.28969
283.987	2.99702
> Border Bin # 86, Level 2 291.976 292.465 8.53269 9.95544
292.465	9.95544
292.031	9.54406
291.976	8.53269
> Border Bin # 86, Level 2 285.009 286.648 1.67956 2.69215
285.009	2.69215
286.648	1.67956
> Border Bin # 86, Level 2 297.399 299.743 7.81674 8.44907
297.399	8.44907
298.365	8.28702
298.684	7.81674
299.743	7.92111
> Border Bin # 86, Level 2 288.517 289.465 7.68399 8.95415
289.465	8.95415
288.517	7.68399
> Border Bin # 86, Level 2 284.283 285.256 4.08103 5.28649
284.283	4.08103
284.707	5.14946
285.256	5.28649
> Border Bin # 86, Level 2 280.0 280.313 -1.09636 -0.869306
280.313	-0.869306
280	-1.09636
> Border Bin # 86, Level 2 280.128 280.81 -2.06378 -0.916304
280.81	-2.06378
280.128	-1.6582
280.451	-0.916304
> Border Bin # 86, Level 2 281.439 282.449 0.406348 1.20226
281.439	1.20226
282.071	0.406348
282.449	0.669108
> Border Bin # 86, Level 2 280.836 281.559 -1.19707 -0.667582
280.836	-1.19707
281.528	-1.0631
281.559	-0.667582
> Border Bin # 86, Level 2 287.572 288.654 8.39139 8.96544
288.654	8.96544
287.572	8.39139
> Border Bin # 86, Level 2 280.656 281.295 -7.65988 -7.01137
280.656	-7.01137
280.933	-7.65988
281.295	-7.58724
> Border Bin # 86, Level 2 280.378 280.447 -0.915694 0.0779736
280.378	0.0779736
280.447	-0.915694
> Border Bin # 86, Level 2 288.939 289.304 9.6173 10.0
289.304	10
289.304	9.74578
288.939	9.6173
> Border Bin # 86, Level 2 280.0 280.579 -3.86923 -3.32753
280.491	-3.32753
280.579	-3.82681
280	-3.86923
> Border Bin # 86, Level 2 284.391 285.322 5.4638 5.7763
285.322	5.7763
284.749	5.4638
284.391	5.73022
> Border Bin # 86, Level 2 280.906 281.577 -3.78866 -3.32021
281.577	-3.78866
281.038	-3.32021
280.906	-3.62631
> Border Bin # 86, Level 2 288.945 289.817 9.00786 9.35454
289.817	9.00786
288.945	9.35454
> Border Bin # 86, Level 2 291.628 291.63 9.98993 10.0
291.628	9.98993
291.63	10
> Border Bin # 86, Level 2 283.727 284.184 4.98222 5.46624
283.893	4.98222
283.727	5.38048
284.184	5.46624
> Border Bin # 86, Level 2 288.963 289.439 1.91455 2.68421
288.963	2.68421
289.439	2.20844
289.28	1.91455
> Border Bin # 86, Level 2 281.037 281.443 -3.31899 -2.62562
281.443	-2.62562
281.037	-3.31899
> Border Bin # 86, Level 2 287.664 288.063 6.34058 7.01045
288.063	7.01045
287.664	6.34058
> Border Bin # 86, Level 2 281.353 281.58 -2.31983 -1.57458
281.353	-2.31983
281.58	-1.57458
> Border Bin # 86, Level 2 280.585 280.594 -5.53063 -4.8278
280.585	-4.8278
280.594	-5.53063
> Border Bin # 86, Level 2 289.31 289.657 9.83429 9.89319
289.657	9.83429
289.31	9.89319
> Border Bin # 86, Level 2 282.011 282.307 0.102388 0.558633
282.307	0.558633
282.011	0.102388
> Border Bin # 86, Level 2 280.32 280.597 -3.0837 -2.52522
280.32	-3.0837
280.597	-2.52522
> Border Bin # 86, Level 2 288.71 288.775 9.12169 9.17327
288.775	9.17327
288.71	9.12169
> Border Bin # 86, Level 2 290.374 290.642 9.56817 9.6994
290.374	9.56817
290.642	9.6994
> Border Bin # 86, Level 2 284.26 284.596 4.67582 4.71489
284.596	4.67582
284.26	4.71489
> Border Bin # 86, Level 2 288.786 289.108 9.18944 9.20897
289.108	9.18944
288.786	9.20897
> Border Bin # 86, Level 2 282.023 282.267 -7.12215 -7.0312
282.023	-7.0312
282.267	-7.12215
> Border Bin # 86, Level 2 281.756 281.801 -1.41985 -1.16381
281.756	-1.16381
281.801	-1.41985
> Border Bin # 86, Level 2 288.934 289.042 9.13237 9.29198
289.042	9.29198
288.934	9.13237
> Border Bin # 86, Level 2 289.965 290.05 -4.33616 -4.2211
290.05	-4.2211
289.965	-4.33616
> Border Bin # 86, Level 2 280.449 280.616 -0.914778 -0.910811
280.616	-0.910811
280.449	-0.914778
> Border Bin # 86, Level 2 281.997 282.011 0.103304 0.193637
282.011	0.103304
281.997	0.193637
> Border Bin # 86, Level 2 280.843 280.876 -2.19562 -2.14343
280.843	-2.19562
280.876	-2.14343
> Border Bin # 87, Level 2 316.102 320.0 -10.0 -8.70726
316.102	-10
316.361	-9.34264
317.374	-9.56909
318.844	-8.70726
319.38	-9.4876
320	-9.01396
> Border Bin # 87, Level 2 300.0 309.768 -9.84405 -7.33028
300	-8.82231
301.537	-8.81773
301.942	-7.33028
302.437	-8.76707
303.258	-9.47539
309.768	-9.84405
> Border Bin # 87, Level 2 309.749 311.857 -10.0 -5.35729
309.749	-10
310.802	-8.05844
310.782	-6.9366
311.772	-5.93652
311.857	-5.60998
311.283	-5.35729
> Border Bin # 87, Level 2 300.0 301.155 -0.0221256 0.230564
300	-0.0221256
300.162	0.230564
301.155	0.225376
> Border Bin # 87, Level 2 314.02 317.15 -10.0 -6.25788
314.047	-10
314.02	-8.92546
314.523	-7.68551
316.034	-6.74434
317.005	-6.76539
317.15	-6.25788
> Border Bin # 87, Level 2 305.225 308.09 -1.15435 2.45655
305.225	2.45655
305.265	1.76867
306.561	1.26452
307.481	-0.879683
308.09	-1.15435
> Border Bin # 87, Level 2 301.032 303.628 -2.51514 1.31975
301.032	1.31975
301.261	-0.618753
301.669	-1.34936
303.248	-2.02991
302.958	-2.51514
303.628	-2.3534
> Border Bin # 87, Level 2 312.412 313.541 -10.0 -7.45022
313.541	-10
312.917	-9.03929
313.516	-7.97024
312.98	-8.04318
312.412	-7.45022
> Border Bin # 87, Level 2 311.25 313.912 -5.35332 -1.2108
313.912	-1.2108
312.914	-3.89395
311.25	-5.35332
> Border Bin # 87, Level 2 302.906 304.015 2.52247 5.71191
303.575	5.71191
303.711	4.81437
303.221	4.62272
302.906	3.87625
303.777	3.6379
304.015	2.52247
> Border Bin # 87, Level 2 318.752 319.584 -7.39071 -3.02449
319.466	-7.39071
319.584	-6.80598
318.903	-5.61425
318.752	-3.02449
> Border Bin # 87, Level 2 316.896 318.158 -6.25971 -2.76722
317.15	-6.25971
316.896	-5.90753
317.197	-5.1812
317.014	-4.22507
318.158	-2.76722
> Border Bin # 87, Level 2 301.654 303.692 -7.33028 -2.2237
303.371	-2.2237
303.692	-2.22919
301.654	-6.73487
301.939	-7.33028
> Border Bin # 87, Level 2 318.629 320.0 -8.71183 -7.38552
320	-7.38552
319.338	-7.40352
319.421	-8.10819
318.629	-8.71183
> Border Bin # 87, Level 2 303.818 305.523 3.27047 5.9646
303.818	3.27047
304.389	3.32906
305.068	4.15457
305.523	5.3048
305.275	5.9646
> Border Bin # 87, Level 2 311.281 312.518 -7.44625 -5.16747
312.411	-7.44625
312.518	-5.55138
311.662	-5.16747
311.281	-5.35851
> Border Bin # 87, Level 2 306.505 306.869 2.31647 5.57153
306.704	2.31647
306.869	3.91196
306.505	5.57153
> Border Bin # 87, Level 2 308.164 309.961 -1.14 0.728618
308.164	-1.14
308.803	-0.07187
309.961	0.728618
> Border Bin # 87, Level 2 301.313 301.957 3.99954 6.26581
301.606	6.26581
301.313	5.01518
301.669	3.99985
301.957	3.99954
> Border Bin # 87, Level 2 303.777 305.059 3.63912 5.29931
305.059	5.29931
304.326	5.2282
303.777	3.63912
> Border Bin # 87, Level 2 300.0 301.229 6.98299 7.68063
300	7.10628
300.845	6.98299
301.229	7.68063
> Border Bin # 87, Level 2 301.092 301.602 6.26764 7.04555
301.092	6.7602
301.602	6.26764
301.549	7.04555
> Border Bin # 87, Level 2 301.631 301.746 5.00237 6.52613
301.631	5.00237
301.746	6.52613
> Border Bin # 87, Level 2 304.876 305.266 4.88762 5.88495
305.266	4.88762
304.876	5.88495
> Border Bin # 87, Level 2 318.926 318.991 -5.3817 -4.32639
318.991	-5.3817
318.926	-4.32639
> Border Bin # 87, Level 2 300.846 301.532 6.76143 7.13039
300.846	6.98451
301.096	6.76143
301.532	7.13039
> Border Bin # 87, Level 2 301.868 302.477 5.86542 6.22705
301.868	5.98047
302.27	5.86542
302.477	6.22705
> Border Bin # 87, Level 2 302.019 302.261 5.93469 6.54475
302.019	5.93469
302.261	6.54475
> Border Bin # 87, Level 2 318.613 318.879 -4.17685 -3.57839
318.879	-4.17685
318.613	-3.57839
> Border Bin # 87, Level 2 304.657 304.97 5.3579 5.69146
304.914	5.3579
304.97	5.68261
304.657	5.69146
> Border Bin # 87, Level 2 303.397 304.081 5.78363 5.94018
304.081	5.78363
303.397	5.94018
> Border Bin # 87, Level 2 300.012 301.631 5.00023 5.00237
300.012	5.00237
301.631	5.00023
> Border Bin # 87, Level 2 304.691 304.707 5.32708 5.92798
304.691	5.32708
304.707	5.92798
> Border Bin # 87, Level 2 318.589 318.595 -3.52041 -3.2961
318.589	-3.52041
318.595	-3.2961
> Border Bin # 87, Level 2 301.746 301.827 6.52827 6.81209
301.746	6.52827
301.827	6.81209
> Border Bin # 88, Level 2 320.0 322.766 -10.0 -8.53086
320	-9.01396
320.633	-8.53086
321.514	-8.83726
321.796	-9.41833
322.766	-10
> Border Bin # 88, Level 2 321.292 325.107 -8.28367 -4.80827
325.107	-7.54238
324.509	-7.45052
323.037	-8.28367
322.652	-7.99252
323.008	-7.48959
322.757	-7.27108
321.926	-7.82284
321.292	-7.61196
321.413	-6.26856
322.746	-4.80827
> Border Bin # 88, Level 2 321.474 325.032 -6.98421 -6.0238
321.474	-6.38178
321.878	-6.5243
322.789	-6.0238
322.506	-6.71809
323.276	-6.98421
323.691	-6.29175
325.032	-6.50446
> Border Bin # 88, Level 2 321.763 324.851 -9.38445 -8.85283
321.763	-9.32769
322.246	-8.85283
323.074	-9.38445
323.995	-8.88579
324.851	-8.91264
> Border Bin # 88, Level 2 320.0 321.307 -7.85763 -7.37545
321.307	-7.62112
320.93	-7.85763
320.356	-7.37545
320	-7.38552
> Border Bin # 88, Level 2 321.998 322.094 -10.0 -9.52911
322.094	-10
321.998	-9.52911
> Border Bin # 104, Level 2 283.513 287.919 -14.8197 -11.0599
283.513	-11.0599
284.43	-12.6215
284.936	-11.9712
285.399	-11.9977
287.919	-14.1056
287.514	-14.6738
286.47	-14.8197
286.251	-13.7641
> Border Bin # 104, Level 2 294.83 298.285 -30.0 -25.5715
297.861	-30
298.285	-25.6646
295.804	-25.5715
294.83	-27.9095
294.962	-29.2883
295.118	-29.5572
297.742	-29.7693
297.844	-30
> Border Bin # 104, Level 2 297.36 300.0 -22.2393 -19.3022
297.36	-22.2393
298.257	-19.6449
300	-19.3022
> Border Bin # 104, Level 2 290.928 297.801 -20.4701 -17.4037
297.801	-20.4701
296.331	-20.4448
296.257	-19.0349
295.979	-19.2091
295.624	-18.6076
294.765	-18.618
293.98	-17.8663
293.375	-17.9915
292.884	-17.4037
292.228	-17.8627
291.574	-17.6481
290.928	-18.0351
> Border Bin # 104, Level 2 292.75 295.819 -24.4363 -22.0931
292.75	-23.734
293.474	-24.1634
293.662	-23.3672
294.468	-24.4363
295.698	-24.4057
295.819	-23.5076
295.12	-23.4932
294.655	-22.5948
294.809	-22.0931
> Border Bin # 104, Level 2 283.247 285.681 -11.0614 -10.0
285.618	-10
285.681	-10.7559
283.51	-11.0614
283.247	-10.4425
> Border Bin # 104, Level 2 292.37 294.604 -14.6955 -10.394
292.37	-14.6955
293.128	-11.8058
294.604	-10.394
> Border Bin # 104, Level 2 293.038 298.553 -16.4125 -13.5456
293.038	-15.8201
294.203	-16.4125
294.715	-15.8015
296.749	-15.7176
296.297	-14.8774
296.42	-14.2911
298.553	-13.5456
> Border Bin # 104, Level 2 288.506 291.037 -17.3225 -13.0066
291.037	-13.0268
290.374	-13.3521
289.662	-13.0066
289.145	-13.809
288.871	-14.6668
289.136	-16.2464
288.506	-17.3225
> Border Bin # 104, Level 2 299.253 300.0 -13.6847 -12.6981
299.253	-13.6847
300	-12.6981
> Border Bin # 104, Level 2 298.526 300.0 -11.3608 -10.0
300	-11.3608
298.906	-11.0016
298.526	-10.5252
298.549	-10
> Border Bin # 104, Level 2 285.604 289.338 -11.4337 -10.0
285.604	-10.8518
286.225	-10.7376
286.567	-11.3269
287.432	-11.4337
287.98	-11.2619
287.514	-11.0724
288.994	-10.5441
289.338	-10
> Border Bin # 104, Level 2 297.658 300.0 -25.7433 -24.1204
297.658	-24.1204
300	-25.7433
> Border Bin # 104, Level 2 284.873 285.718 -15.0877 -12.1485
285.271	-15.0877
284.873	-14.3885
285.347	-13.8907
285.113	-13.2422
285.718	-13.0484
285.614	-12.1485
> Border Bin # 104, Level 2 290.345 292.017 -30.0 -28.4015
292.017	-30
291.671	-29.6869
290.981	-29.6219
291.083	-28.9227
290.345	-28.4015
> Border Bin # 104, Level 2 293.805 295.515 -28.0526 -26.2234
294.831	-27.9089
294.43	-28.0526
293.805	-27.3251
294.15	-26.744
293.845	-26.2335
295.515	-26.2234
> Border Bin # 104, Level 2 290.878 294.82 -30.0 -27.7401
294.82	-30
293.442	-28.4411
292.182	-28.3847
291.557	-27.7401
290.878	-27.7746
> Border Bin # 104, Level 2 298.975 300.0 -23.7862 -23.2415
298.975	-23.7862
300	-23.2415
> Border Bin # 104, Level 2 282.108 283.07 -10.7456 -10.0
282.99	-10
283.07	-10.2856
282.513	-10.7456
282.295	-10.3635
282.108	-10.6052
> Border Bin # 104, Level 2 295.182 295.747 -18.6644 -15.8662
295.345	-15.8662
295.182	-16.7597
295.747	-17.3906
295.29	-17.9222
295.656	-18.6644
> Border Bin # 104, Level 2 287.616 289.657 -13.0164 -11.2619
287.98	-11.2619
287.616	-11.7954
288.209	-12.8055
289.657	-13.0164
> Border Bin # 104, Level 2 294.458 295.265 -21.5337 -19.1093
294.765	-21.5337
294.631	-20.2031
295.265	-19.7148
294.458	-19.1093
> Border Bin # 104, Level 2 294.828 297.738 -22.0931 -20.9447
294.828	-22.0931
294.838	-20.9447
297.738	-21.0005
> Border Bin # 104, Level 2 288.819 289.988 -17.7983 -15.9733
289.154	-15.9733
289.988	-16.6941
288.819	-17.7983
> Border Bin # 104, Level 2 283.066 284.53 -10.4135 -10.0
283.066	-10.2869
284.281	-10.4135
284.53	-10
> Border Bin # 104, Level 2 291.424 293.867 -19.8463 -17.9893
293.375	-17.9893
293.311	-18.4974
293.867	-19.1765
292.287	-19.8463
291.424	-19.5753
> Border Bin # 104, Level 2 285.274 287.154 -15.6147 -14.7309
287.154	-14.7309
286.714	-15.3986
285.935	-15.6147
285.274	-15.0877
> Border Bin # 104, Level 2 283.745 284.93 -14.1401 -12.9807
284.93	-14.1401
284.199	-13.3951
284.366	-12.9807
283.745	-13.3222
> Border Bin # 104, Level 2 287.515 288.969 -15.3349 -14.6699
288.969	-15.3349
287.515	-14.6699
> Border Bin # 104, Level 2 291.51 293.848 -26.3833 -25.1638
293.848	-26.2295
293.589	-26.3833
293.203	-25.877
293.437	-25.2691
291.51	-25.1638
> Border Bin # 104, Level 2 289.342 291.463 -26.0873 -25.2715
291.463	-25.2715
289.342	-26.0873
> Border Bin # 104, Level 2 299.987 300.0 -19.323 -19.3022
300	-19.323
299.987	-19.3022
> Border Bin # 104, Level 2 294.371 295.266 -19.7139 -18.5686
294.371	-18.5686
295.266	-19.7139
> Border Bin # 104, Level 2 292.927 293.01 -17.5499 -15.9196
293.01	-17.5499
292.927	-15.9196
> Border Bin # 104, Level 2 288.505 290.083 -29.7156 -29.064
290.083	-29.7156
289.263	-29.064
288.505	-29.1843
> Border Bin # 104, Level 2 289.947 291.442 -21.4257 -20.8962
291.442	-20.8962
291.047	-20.9038
291.226	-21.3045
289.947	-21.4257
> Border Bin # 104, Level 2 291.325 293.167 -12.4991 -11.904
291.325	-12.4991
292.029	-11.904
293.167	-12.4295
> Border Bin # 104, Level 2 286.043 286.564 -12.2766 -11.3233
286.043	-12.2766
286.368	-12.1851
286.564	-11.3233
> Border Bin # 104, Level 2 286.197 286.778 -13.7702 -13.2065
286.246	-13.7702
286.197	-13.2065
286.778	-13.4199
> Border Bin # 104, Level 2 292.406 292.928 -15.9174 -14.6571
292.406	-14.6571
292.928	-15.9174
> Border Bin # 104, Level 2 296.603 297.666 -25.6573 -22.4703
296.603	-25.6573
297.666	-24.403
297.659	-22.4703
> Border Bin # 104, Level 2 294.857 295.118 -30.0 -29.5572
295.118	-29.5572
294.857	-30
> Border Bin # 104, Level 2 298.29 300.0 -28.0005 -28.0002
300	-28.0002
298.29	-28.0005
> Border Bin # 104, Level 2 289.883 290.347 -17.2871 -16.9758
289.883	-16.9758
290.347	-17.2871
> Border Bin # 104, Level 2 294.372 294.658 -18.5652 -18.4227
294.372	-18.5652
294.658	-18.4227
> Border Bin # 104, Level 2 284.922 285.273 -15.4423 -15.0919
285.273	-15.0919
284.922	-15.4423
> Border Bin # 104, Level 2 284.366 284.532 -12.9813 -12.6819
284.366	-12.9813
284.532	-12.6819
> Border Bin # 105, Level 2 313.437 316.102 -14.8664 -10.0
313.978	-14.8664
313.654	-12.3435
313.92	-11.6098
313.437	-11.2894
314.24	-10.3308
314.936	-10.896
315.865	-10.6015
316.102	-10
> Border Bin # 105, Level 2 305.757 316.865 -24.0529 -19.781
316.865	-22.1019
313.663	-22.8716
313.295	-22.3067
313.493	-21.4586
313	-21.4061
312.538	-19.966
311.174	-20.1537
311.097	-20.4387
310.745	-19.976
309.523	-19.781
308.425	-20.5919
307.947	-21.7189
306.432	-22.8808
305.757	-24.0529
> Border Bin # 105, Level 2 311.08 313.977 -18.4883 -14.7098
313.977	-15.2122
313.977	-14.8664
313.487	-14.7098
313.105	-15.0596
313.172	-15.8528
312.771	-16.0334
311.752	-16.041
311.803	-15.4902
312.696	-15.5949
312.546	-16.4955
312.852	-16.9676
312.465	-17.4571
312.723	-18.0589
312.056	-18.4883
311.08	-18.3043
> Border Bin # 105, Level 2 300.0 302.92 -25.2941 -19.297
300	-19.3022
300.027	-19.297
301.848	-19.828
302.186	-20.9722
302.057	-22.7202
302.92	-24.3655
302.33	-25.2941
> Border Bin # 105, Level 2 300.415 301.396 -30.0 -27.3162
301.396	-27.3162
300.416	-29.4183
300.415	-30
> Border Bin # 105, Level 2 309.285 309.749 -11.7502 -10.0
309.285	-11.7502
309.393	-10.6558
309.749	-10
> Border Bin # 105, Level 2 306.839 311.92 -25.3176 -22.5231
306.839	-22.7086
307.916	-22.5231
310.022	-22.9024
310.704	-24.6667
311.418	-24.6804
311.92	-25.3176
> Border Bin # 105, Level 2 306.164 310.301 -29.3234 -27.1716
306.164	-27.1716
308.54	-27.5622
309.393	-28.3853
310.246	-28.4729
309.832	-29.2902
310.301	-29.3234
> Border Bin # 105, Level 2 319.396 320.0 -17.9774 -16.132
319.793	-17.9774
319.396	-17.313
320	-16.132
> Border Bin # 105, Level 2 316.117 320.0 -15.9904 -14.5747
320	-15.9904
318.672	-15.7511
318.209	-15.109
316.117	-14.5747
> Border Bin # 105, Level 2 314.047 314.055 -10.3165 -10.0
314.055	-10.3165
314.047	-10
> Border Bin # 105, Level 2 300.0 300.146 -12.6981 -11.3608
300	-12.6981
300.146	-12.5052
300.107	-11.3959
300	-11.3608
> Border Bin # 105, Level 2 306.35 311.416 -26.7086 -25.9802
311.416	-25.9802
310.49	-26.231
309.409	-26.0052
308.596	-26.7086
306.35	-26.2631
> Border Bin # 105, Level 2 307.685 309.523 -16.005 -11.7566
307.685	-16.005
308.902	-14.8911
309.523	-12.8763
309.292	-11.7566
> Border Bin # 105, Level 2 313.541 314.242 -10.3308 -10.0
314.242	-10.3308
313.657	-10.1785
313.541	-10
> Border Bin # 105, Level 2 300.0 301.646 -26.8841 -25.7433
300	-25.7433
301.646	-26.8841
> Border Bin # 105, Level 2 318.189 320.0 -20.4756 -17.9506
318.189	-20.4756
319.043	-19.4664
318.759	-18.8496
319.08	-18.791
319.08	-17.9506
320	-18.2267
> Border Bin # 105, Level 2 302.192 304.706 -26.7755 -25.7742
304.706	-26.1032
303.5	-26.7755
302.96	-26.3458
302.292	-26.4083
302.547	-26.116
302.192	-25.7742
> Border Bin # 105, Level 2 300.0 302.217 -23.3678 -23.0108
300	-23.2415
300.332	-23.0654
301.882	-23.3678
302.217	-23.0108
> Border Bin # 105, Level 2 304.561 305.333 -26.2408 -23.9977
304.682	-23.9977
304.994	-24.4408
304.666	-24.9587
305.051	-25.3484
304.69	-25.2407
304.561	-25.9857
305.333	-26.2408
> Border Bin # 105, Level 2 308.993 311.084 -20.0786 -18.3046
311.084	-18.3046
309.668	-18.6934
308.993	-20.0786
> Border Bin # 105, Level 2 306.798 307.687 -18.618 -16.0044
307.083	-18.618
306.798	-17.2847
307.687	-16.0044
> Border Bin # 105, Level 2 302.798 304.19 -24.9633 -23.7584
304.19	-23.7584
304.172	-24.7521
302.798	-24.9633
> Border Bin # 105, Level 2 313.959 316.211 -15.2192 -14.2441
313.959	-15.2192
315.679	-14.2441
316.211	-14.3418
> Border Bin # 105, Level 2 316.86 318.135 -22.0992 -20.779
316.86	-22.0992
317.718	-21.7223
318.135	-20.779
> Border Bin # 105, Level 2 307.086 309.074 -19.4527 -18.6155
307.086	-18.6155
309.074	-19.4527
> Border Bin # 105, Level 2 300.0 302.162 -21.1943 -19.323
302.162	-21.1943
301.162	-21.1632
300	-19.323
> Border Bin # 105, Level 2 315.167 315.839 -23.3553 -22.4062
315.275	-23.3553
315.203	-22.9854
315.839	-22.6864
315.167	-22.4062
> Border Bin # 105, Level 2 302.552 303.491 -25.653 -25.0094
303.491	-25.0094
303.231	-25.653
302.552	-25.1223
> Border Bin # 105, Level 2 318.19 319.039 -21.2743 -20.4723
318.19	-20.4723
318.282	-21.1122
319.039	-21.2743
> Border Bin # 105, Level 2 302.557 303.713 -23.4725 -22.6799
303.713	-22.6799
303.624	-23.3999
302.557	-23.4725
> Border Bin # 105, Level 2 303.346 304.091 -26.1907 -25.5648
304.091	-25.8254
303.918	-25.5648
303.346	-25.6912
303.366	-26.1907
> Border Bin # 105, Level 2 303.708 304.497 -23.8241 -23.3315
303.708	-23.3315
303.989	-23.8241
304.497	-23.3803
> Border Bin # 105, Level 2 303.457 304.548 -26.116 -25.5129
303.457	-26.116
304.548	-25.5129
> Border Bin # 105, Level 2 302.492 302.846 -25.9838 -25.4357
302.492	-25.9838
302.846	-25.4357
> Border Bin # 105, Level 2 300.0 301.105 -28.0002 -27.9998
301.105	-27.9998
300	-28.0002
> Border Bin # 105, Level 2 302.415 302.988 -27.3959 -26.4999
302.415	-26.4999
302.988	-27.2924
302.672	-27.3959
> Border Bin # 105, Level 2 303.23 303.316 -22.8801 -22.2481
303.23	-22.2481
303.316	-22.8801
> Border Bin # 105, Level 2 303.15 303.456 -26.5194 -26.1181
303.456	-26.1181
303.15	-26.5194
> Border Bin # 105, Level 2 303.308 303.723 -22.8786 -22.6815
303.723	-22.6815
303.308	-22.8786
> Border Bin # 105, Level 2 303.318 303.38 -27.3721 -26.7376
303.318	-27.3721
303.38	-26.7376
> Border Bin # 105, Level 2 304.004 304.373 -28.1402 -27.3443
304.373	-28.1402
304.004	-27.3443
> Border Bin # 105, Level 2 311.576 311.769 -25.0173 -24.9529
311.576	-24.9529
311.769	-25.0173
> Border Bin # 105, Level 2 316.119 316.212 -14.5734 -14.3461
316.119	-14.5734
316.212	-14.3461
> Border Bin # 105, Level 2 303.248 303.339 -25.6948 -25.6503
303.339	-25.6948
303.248	-25.6503
> Border Bin # 106, Level 2 322.766 323.594 -10.4968 -10.0
322.766	-10
323.594	-10.4968
> Border Bin # 106, Level 2 320.0 320.067 -16.132 -15.9904
320	-16.132
320.067	-16.0023
320	-15.9904
> Border Bin # 106, Level 2 320.0 320.332 -18.3262 -18.2267
320	-18.2267
320.332	-18.3262
> Border Bin # 106, Level 2 321.761 322.512 -11.5207 -10.0
322.512	-11.5207
322.01	-11.4136
321.761	-10.8994
322.222	-10.6268
322.094	-10
> Border Bin # 122, Level 2 297.148 298.268 -34.3796 -30.0
297.148	-34.3796
298.268	-32.8315
297.754	-31.7215
298.153	-30.7285
297.806	-30.5615
297.861	-30
> Border Bin # 122, Level 2 297.844 297.912 -30.1556 -30.0
297.844	-30
297.912	-30.1556
> Border Bin # 122, Level 2 299.233 300.0 -33.4556 -31.0669
300	-31.0669
299.351	-31.7353
299.233	-32.5345
299.945	-33.436
300	-33.4556
> Border Bin # 122, Level 2 292.649 295.084 -36.002 -31.8473
294.912	-36.002
295.084	-32.3072
294.364	-31.8915
292.649	-31.8473
293.381	-35.9998
> Border Bin # 122, Level 2 289.577 295.024 -38.8072 -36.136
289.577	-36.136
290.292	-37.1113
292.209	-37.6286
292.428	-38.2576
293.449	-38.7092
295.024	-38.8072
> Border Bin # 122, Level 2 288.143 294.909 -41.0552 -35.9989
288.143	-41.0112
288.851	-41.0552
291.747	-38.9787
291.711	-35.9989
294.909	-36.0008
> Border Bin # 122, Level 2 292.017 293.269 -31.8775 -30.0
293.269	-31.8775
292.808	-30.7138
292.017	-30
> Border Bin # 122, Level 2 294.82 294.872 -30.0595 -30.0
294.872	-30.0595
294.82	-30
> Border Bin # 122, Level 2 296.612 299.737 -40.707 -33.2691
296.612	-40.707
296.618	-34.3803
298.289	-34.3769
299.737	-33.2691
> Border Bin # 122, Level 2 285.341 288.303 -44.8727 -43.6812
285.341	-44.5122
286.371	-44.8727
287.596	-43.6812
288.303	-43.8692
> Border Bin # 122, Level 2 289.758 292.639 -32.3926 -31.9547
289.758	-32.3093
290.826	-31.9547
292.639	-32.3926
> Border Bin # 122, Level 2 286.959 288.876 -38.2982 -37.5789
288.876	-37.8376
288.37	-38.2982
286.959	-37.5789
> Border Bin # 122, Level 2 286.495 288.61 -38.9076 -38.3214
288.61	-38.9076
287.947	-38.4062
286.495	-38.3214
> Border Bin # 122, Level 2 288.003 289.752 -34.7041 -34.1212
289.752	-34.7041
288.003	-34.1212
> Border Bin # 122, Level 2 286.129 288.055 -41.1449 -40.7314
288.055	-40.7451
287.401	-41.1449
286.348	-41.0536
286.129	-40.7314
> Border Bin # 122, Level 2 288.313 289.9 -33.4562 -32.9255
288.313	-33.4562
289.11	-32.9255
289.9	-33.0518
> Border Bin # 122, Level 2 287.767 289.451 -36.1369 -35.1246
289.451	-36.1369
287.767	-35.1246
> Border Bin # 122, Level 2 287.8 289.593 -35.5384 -34.9946
289.593	-35.5384
288.713	-34.9946
287.8	-35.0285
> Border Bin # 122, Level 2 287.006 288.865 -37.3945 -37.2163
288.865	-37.2163
287.006	-37.3945
> Border Bin # 122, Level 2 286.067 287.879 -42.6171 -41.6905
287.879	-42.6171
286.067	-41.6905
> Border Bin # 122, Level 2 288.476 289.953 -34.2878 -33.8648
289.953	-34.2878
289.57	-33.8648
288.476	-34.1419
> Border Bin # 122, Level 2 287.934 289.639 -34.997 -34.6879
289.639	-34.997
287.934	-34.6879
> Border Bin # 122, Level 2 286.728 286.797 -38.4306 -37.1601
286.728	-38.4306
286.797	-37.1601
> Border Bin # 122, Level 2 286.283 288.159 -40.6032 -40.2101
288.159	-40.6032
286.283	-40.2101
> Border Bin # 122, Level 2 287.217 288.154 -36.2773 -35.4929
287.217	-35.9608
287.912	-36.2773
288.154	-35.4929
> Border Bin # 122, Level 2 286.755 288.318 -39.5671 -39.3858
288.318	-39.5671
286.755	-39.3858
> Border Bin # 122, Level 2 287.13 287.809 -37.1873 -36.3716
287.809	-37.1873
287.13	-36.3716
> Border Bin # 122, Level 2 284.251 286.834 -49.2532 -48.7207
284.251	-48.8199
285.875	-48.7207
286.834	-49.2532
> Border Bin # 122, Level 2 295.027 296.613 -39.3257 -38.8084
295.027	-38.8084
296.613	-39.3257
> Border Bin # 122, Level 2 288.461 289.68 -32.2644 -32.1888
289.68	-32.2644
288.461	-32.1888
> Border Bin # 122, Level 2 287.911 288.983 -36.4759 -36.1183
288.983	-36.4759
287.911	-36.1183
> Border Bin # 122, Level 2 288.241 294.932 -41.9997 -41.9994
288.241	-41.9997
294.932	-41.9994
> Border Bin # 122, Level 2 288.555 289.248 -32.9252 -32.6239
289.248	-32.9252
288.555	-32.6239
> Border Bin # 122, Level 2 294.232 294.857 -31.8839 -30.0
294.857	-30
294.232	-31.0617
294.24	-31.8839
> Border Bin # 122, Level 2 288.356 292.415 -46.0003 -45.9994
288.356	-45.9994
292.415	-46.0003
> Border Bin # 122, Level 2 296.613 297.223 -41.0481 -40.7085
296.613	-40.7085
297.223	-41.0481
> Border Bin # 122, Level 2 294.913 296.615 -35.0022 -35.0013
296.615	-35.0022
294.913	-35.0013
> Border Bin # 123, Level 2 301.611 304.555 -33.4238 -32.4332
303.187	-32.9166
304.555	-32.4332
303.844	-32.7567
304.01	-32.952
302.13	-33.0448
301.611	-33.4238
> Border Bin # 123, Level 2 300.0 300.415 -31.0669 -30.0
300.415	-30
300.414	-30.64
300	-31.0669
> Border Bin # 123, Level 2 300.0 301.552 -34.0098 -33.4556
300	-33.4556
301.552	-34.0098
> Border Bin # 123, Level 2 301.588 303.542 -34.4532 -33.1937
301.588	-33.8767
303.542	-33.9011
303.124	-33.1937
302.653	-33.3631
303.059	-34.1425
302.825	-34.4532
> Border Bin # 123, Level 2 301.965 303.99 -31.8686 -30.7901
302.201	-30.7901
303.99	-31.0837
303.526	-31.8686
301.965	-31.507
> Border Bin # 123, Level 2 303.467 304.889 -34.4291 -33.1174
303.601	-34.4291
304.394	-34.1987
304.889	-33.1174
303.467	-33.4955
> Border Bin # 123, Level 2 304.527 306.386 -34.622 -33.1424
304.527	-34.622
306.386	-33.1424
> Border Bin # 123, Level 2 300.346 302.195 -30.7495 -30.1825
300.346	-30.3397
301.552	-30.1825
302.195	-30.7495
> Border Bin # 123, Level 2 304.889 306.698 -33.1189 -32.7115
304.889	-33.1189
305.672	-32.7115
306.698	-32.7796
> Border Bin # 123, Level 2 303.844 305.341 -32.1207 -31.3034
303.844	-31.3034
305.341	-32.1207
> Border Bin # 123, Level 2 301.799 303.442 -32.4967 -32.493
303.442	-32.493
301.799	-32.4967
> Border Bin # 123, Level 2 304.556 305.537 -32.4414 -31.6727
305.537	-31.6727
305.147	-32.3307
304.556	-32.4414
> Border Bin # 123, Level 2 303.538 303.633 -34.7959 -33.9026
303.538	-33.9026
303.633	-34.7959
> Border Bin # 123, Level 2 304.876 305.87 -33.4638 -33.3811
304.876	-33.3811
305.87	-33.4638
> Border Bin # 123, Level 2 303.405 303.678 -32.6496 -31.7514
303.678	-31.7514
303.405	-32.6496
> Border Bin # 123, Level 2 305.469 305.517 -34.806 -33.9261
305.517	-33.9261
305.469	-34.806
> Border Bin # 123, Level 2 304.68 304.992 -33.0246 -32.4942
304.992	-33.0246
304.68	-32.4942
> Border Bin # 123, Level 2 304.38 304.627 -34.8081 -34.2072
304.38	-34.2072
304.627	-34.8081
> Border Bin # 123, Level 2 303.638 303.973 -34.8917 -34.7327
303.638	-34.7327
303.973	-34.8917
> Border Bin # 140, Level 2 291.358 292.798 -54.9186 -54.8872
291.358	-54.8872
292.798	-54.9186
> Border Bin # 140, Level 2 292.784 293.628 -55.1893 -54.9174
292.784	-54.9174
293.628	-55.1893
