1 50654050.6945 1004   1.26950  77.71625 0 8032 0-E
1 50654050.6945 27  64.23958  68.99378 8032 216 0-W
1 29220969.727 221 -34.83044  37.34956 8248 1768 1
1 20154740.09 667   7.20564  71.99419 10016 5336 2
1 17534164.0668 311 -53.90044  12.46450 15352 2488 3
1 7592691.58283 170 -39.00000 -10.68872 17840 1360 6
1 2113828.04979 292  59.99500  83.53036 19200 2336 7
1 780024.884334 75 -10.70461  -0.33858 21536 600 8
1 732586.663421 60  -4.16750   7.03453 22136 480 9
1 590729.73878 35 -25.48708 -11.95458 22616 280 10
1 480654.953367 152  61.95372  73.72403 22896 1216 11
1 428899.509439 36  -5.94544   5.58294 24112 288 12
1 227988.712158 48  33.43622  41.43122 24400 384 13
1 220793.730044 41  68.46114  73.37647 24784 328 14
1 219517.490988 60  50.06167  58.64333 25112 480 15
1 202198.299452 93  76.13153  83.12947 25592 744 16
1 169736.314247 40  -5.62506   1.68786 26336 320 17
1 150244.45605 28 -46.67881 -40.52878 26656 224 18
1 126666.123023 19  -8.75253  -5.87461 26880 152 19
1 113964.822629 35 -41.60958 -34.41378 27032 280 20
1 109673.156647 48  46.62572  51.63122 27312 384 21
1 105514.39931 23  19.84203  23.20622 27696 184 22
1 105182.439259 33  12.53792  18.54794 27880 264 23
1 102428.252886 34  63.39036  66.54042 28144 272 24
1 94149.3434096 30   5.55958   9.82789 28416 240 25
1 83894.0449558 28  51.44458  55.38122 28656 224 26
1 77813.0939313 20  41.55581  45.51872 28880 160 27
1 74612.8258043 18  45.96875  54.42875 29040 144 28
1 74316.1583067 20  17.60125  19.95250 29184 160 29
1 70632.8996222 13  71.07903  74.55656 29344 104 30
1 65798.5950476 12   5.99711   9.83208 29448 96 31
1 64377.4551973 15 -43.64044 -40.66836 29544 120 32
1 55886.2879943 28  74.45514  76.98364 29664 224 33
1 47305.4059001 19 -55.00250 -52.55528 29888 152 35
1 46541.533815 24  73.24539  76.95539 30040 192 37
1 43443.5935047 16  63.10675  65.91336 30232 128 38
1 42548.8703874 26  74.42433  76.82611 30360 208 39
1 42512.175889 26  78.14656  81.37969 30568 208 40
1 38600.3651768 25  76.59622  80.05872 30776 200 41
1 38265.1639262 9  -1.80459  -0.09625 30976 72 42
1 36927.036589 16  30.99911  33.84607 31048 128 43
1 35818.2463263 7  21.99958  25.30044 31176 56 44
1 35454.6800486 15  -6.29292  -4.13461 31232 120 45
1 34577.4151714 10  71.21529  73.85725 31352 80 46
1 33979.3736057 9  18.16039  20.01831 31432 72 47
1 33518.755493 17  71.35186  73.84039 31504 136 48
1 33227.5146414 15  70.71250  73.25650 31640 120 49
1 32050.7980998 12  48.45242  50.78547 31760 96 50
1 28619.1264677 7 -10.36003  -8.40086 31856 56 51
1 25543.9671615 6  36.70122  38.27125 31912 48 52
1 24835.4419506 8  71.98042  73.99314 31960 64 53
1 23987.6915804 7  38.99500  41.25958 32024 56 54
1 23656.144277 11  74.84503  76.20206 32080 88 55
1 18349.0393262 13  32.76122  34.38375 32168 104 56
1 18154.4895338 14  -0.91375   2.22708 32272 112 57
1 17414.9366342 10  -3.86336  -2.78794 32384 80 58
1 16425.4736176 5 -22.34378 -20.07994 32464 40 59
1 16216.5453472 14  74.98644  76.68472 32504 112 60
1 15937.6487627 10  75.87636  77.43983 32616 80 61
1 14541.5457406 9  -9.09508  -8.08128 32696 72 62
1 14529.6456399 9  78.90917  80.16625 32768 72 63
1 14436.1834756 14  79.18125  80.50542 32840 112 64
1 14121.4155469 9  -8.91378  -8.06878 32952 72 65
1 13260.5467039 6  68.45167  69.90406 33024 48 66
1 12725.4816087 9   9.04039  11.00453 33072 72 67
1 12484.1823661 7  11.01914  12.58542 33144 56 68
1 11695.0631945 7  -8.39381  -7.53378 33200 56 69
1 11565.9797281 10  -3.00217  -1.60003 33256 80 70
1 11518.1043685 10   8.34247  11.41878 33336 80 71
1 11483.7120782 7  10.43953  11.90208 33416 56 72
1 11377.8617561 9  77.90333  79.33672 33472 72 74
1 11364.8528299 7  77.99292  79.41450 33544 56 75
1 11146.9521005 7  72.73856  73.75431 33600 56 76
1 10990.9680613 7  17.84375  18.41294 33656 56 77
1 10774.8001018 7 -10.31794  -9.27461 33712 56 78
1 10733.860196 10  45.54789  47.03928 33768 80 79
1 10724.0646516 6 -18.27711 -17.31044 33848 48 80
1 10499.4473164 5  18.99817  20.27278 33896 40 81
1 9855.06687673 7  12.24831  13.50792 33936 56 82
1 9601.41967245 6  67.24569  68.25444 33992 48 83
1 9578.07781476 15  56.74494  57.99914 34040 120 84
1 9316.54618951 7  34.56786  35.69708 34160 56 85
1 9304.68113455 11  52.16208  54.18333 34216 88 86
1 9136.13420735 7  79.99917  81.28050 34304 56 87
1 8806.9474961 8 -43.38169 -41.79881 34360 64 88
1 8754.87008235 6  41.47453  43.01956 34424 48 89
1 8733.4597292 6  17.92958  18.38872 34472 48 90
1 8724.33338921 6  -6.84297  -5.40878 34520 48 91
1 8594.54502273 8  69.26122  70.22003 34568 64 92
1 8465.86934666 6  -3.84292  -3.06125 34632 48 93
1 8330.62373705 8  34.99914  35.62664 34680 64 94
1 7978.65435398 6  49.07542  49.88167 34744 48 96
1 7837.86803143 5  70.81831  71.39869 34792 40 97-E
1 7837.86803143 5  70.93730  71.57789 34832 40 97-W
1 7771.5479212 9  54.55706  56.13039 34872 72 98
1 7395.25852739 7  -6.94131  -5.42461 34944 56 99
1 7116.29349326 5  74.67517  75.61994 35000 40 101
1 7070.85017274 6  -4.85381  -2.55753 35040 48 102
1 7058.65520665 8  10.00456  11.56539 35088 64 103
1 6821.802162 11  54.69122  56.35950 35152 88 104
1 6790.53078288 12 -49.71875 -48.66208 35240 96 105
1 6638.97425288 11 -52.36042 -51.23506 35336 88 106
1 6314.06511462 9 -50.00083 -48.67039 35424 72 107
1 6191.18872506 6  74.74039  75.58628 35496 48 109
1 5852.42257938 7  45.99706  47.05831 35544 56 110
1 5788.54418842 7 -11.93711 -11.16506 35600 56 111
1 5774.16731339 7 -16.81506 -16.14792 35656 56 112-E
1 5774.16731339 4 -16.15228 -16.14792 35712 32 112-W
1 5751.17269749 6  62.13636  62.91411 35744 48 113
1 5403.9744584 6  -8.84628  -8.13721 35792 48 114
1 5393.43229938 9  57.38872  58.22247 35840 72 115
1 5388.15982515 6  -9.86169  -9.24961 35912 48 116
1 5299.49258176 6  77.88092  78.81736 35960 48 118
1 5249.98471923 6  73.20372  73.90869 36008 48 119
1 5081.9436991 6  77.40808  77.92539 36056 48 120
1 5049.91691737 8  77.23711  78.25375 36104 64 121
1 5044.90751244 6  68.72872  69.50542 36168 48 122
1 4977.70465247 7 -53.47824 -52.72961 36216 56 124
1 4929.31926664 6  62.99000  63.78414 36272 48 125
1 4848.41276984 7  10.04992  10.84125 36320 56 126
1 4717.42206304 8  -1.00169   0.16586 36376 64 127
1 4661.51422183 5  -8.89956  -8.24792 36440 40 128
1 4559.99437889 6  -3.25419  -2.55711 36480 48 129
1 4546.86027033 9 -52.07336 -51.34131 36528 72 130
1 4524.1356012 6  72.99275  73.70819 36600 48 131
1 4523.71685819 7  -5.70797  -4.36625 36648 56 132
1 4490.03783706 5  -7.25628  -6.97853 36704 40 133
1 4461.89055407 6   9.41789  11.28706 36744 48 134
1 4417.12754842 5 -36.02042 -35.75247 36792 40 135
1 4372.5547174 6  57.01539  58.41042 36832 48 136
1 4306.08995714 10 -55.67500 -54.93300 36880 80 137
1 4245.36780655 6  59.74861  60.44306 36960 48 138
1 4226.84396296 5  56.16039  57.56208 37008 40 139
1 4141.81843125 6  54.54164  55.03665 37048 48 140
1 4058.20989614 7   0.60300   1.54206 37096 56 141
1 4055.57876031 6 -15.66128 -14.63625 37152 48 142
1 3956.68502306 6  -1.48408  -0.53333 37200 48 143
1 3882.80328209 5  -9.63003  -8.33461 37248 40 144
1 3856.09628481 4  70.47930  71.09083 37288 32 145
1 3831.81762969 5  -1.79208  -1.00339 37320 40 146
1 3817.48846448 8 -54.09044 -53.38042 37360 64 147
1 3806.75501445 5  -8.57167  -7.51669 37424 40 148
1 3770.25690471 7   9.60372  10.15125 37464 56 149
1 3691.21807875 6  37.99872  39.03869 37520 48 150
1 3648.24061279 6  39.31744  39.96375 37568 48 151
1 3640.07673375 5  12.32461  12.55581 37616 40 152
1 3618.38719858 5 -54.80292 -54.01000 37656 40 153
1 3610.74015379 6  24.32039  25.20539 37696 48 154
1 3497.27129343 6  72.14583  72.83914 37744 48 155
1 3309.38725501 5  69.71786  70.42792 37792 40 157
1 3299.61519592 5 -10.83503 -10.19750 37832 40 159
1 3290.83202114 4  -8.00167  -7.13964 37872 32 160
1 3249.77373181 6  11.79792  12.60378 37904 48 161
1 3223.53385186 5  44.47247  45.52125 37952 40 162
1 3177.52389217 5  61.72792  62.42017 37992 40 163
1 3123.20741703 5  -0.34500  -0.16506 38032 40 164
1 3121.26435536 5  40.69739  41.16092 38072 40 165
1 3113.35460825 5  -7.37500  -6.59711 38112 40 166
1 3030.19155224 4  56.99667  57.92289 38152 32 167
1 3029.62654954 6  55.06750  55.62331 38184 48 168
1 3003.60874932 5  52.68536  53.19536 38232 40 169
1 2979.10187112 7  55.27917  55.83602 38272 56 170
1 2962.21867718 7  -5.43714  -4.64214 38328 56 171
1 2928.38410832 4  -2.00256  -1.62544 38384 32 172
1 2833.3688193 6  56.43581  57.00000 38416 48 173
1 2818.58965099 5  78.27756  78.76156 38464 40 174
1 2807.15434944 7  53.31025  53.98447 38504 56 175
1 2795.41990889 5  80.17372  80.95039 38560 40 176
1 2694.29575618 5  57.94358  58.49786 38600 40 177
1 2672.34846343 6  52.43083  53.30953 38640 48 178
1 2635.42240027 5  -8.00211  -7.65294 38688 40 179
1 2574.62749508 5  -1.15961  -0.63500 38728 40 180
1 2536.67557539 6  -1.68628  -1.32708 38768 48 181
1 2523.65842366 5 -21.33419 -20.91214 38816 40 182
1 2516.54151283 4 -55.15422 -55.00000 38856 32 183
1 2442.74769486 5  73.09206  73.42961 38888 40 185
1 2356.34366124 5  -1.52042  -1.18544 38928 40 186
1 2328.08862903 6 -14.30500 -13.65042 38968 48 187
1 2312.62866071 5  -1.81875  -1.60000 39016 40 188
1 2281.49348857 5  77.44228  77.74542 39056 40 189
1 2263.73794477 5   1.99917   2.64125 39096 40 190
1 2255.7048129 6  68.30456  68.95375 39136 48 191
1 2233.80864826 6  21.46542  21.93828 39184 48 192
1 2215.38037369 5  60.38945  60.85195 39232 40 193
1 2214.16867722 6  57.72708  58.51544 39272 48 194
1 2185.08419296 5  -0.06044   0.35122 39320 40 196
1 2119.81504885 6  -8.42333  -8.12211 39360 48 197
1 2107.87286635 4  -4.00172  -3.21458 39408 32 198
1 2098.73533817 5 -44.82544 -44.36375 39440 40 200
1 2097.56757753 5  80.39544  80.85872 39480 40 201
1 2095.31752 5  -2.00917  -1.67128 39520 40 202
1 2082.34315096 5  -8.63544  -8.00000 39560 40 203
1 2065.33520526 6 -16.55378 -16.00083 39600 48 204
1 2047.85575929 5  27.99875  28.58039 39648 40 205
1 2047.3652957 5  50.05000  50.76789 39688 40 206
1 2038.18233398 5  69.56539  69.98122 39728 40 207
1 1996.01135338 5  56.00208  56.93789 39768 40 208
1 1978.96644529 6  73.01294  73.43039 39808 48 209
1 1957.44624943 4  58.44958  59.03747 39856 32 210
1 1948.09903164 5   3.20872   3.74581 39888 40 211
1 1918.78437854 5  -2.20208  -2.02250 39928 40 212
1 1913.76291103 5  20.58575  20.98133 39968 40 213
1 1907.83411234 5  74.07792  74.39167 40008 40 214
1 1883.87118453 5  57.99844  58.41208 40048 40 215
1 1877.31606186 5  54.76161  55.19622 40088 40 216
1 1872.95110947 5 -20.51542 -20.00000 40128 40 217
1 1868.12944808 6  -0.83544  -0.31961 40168 48 218
1 1854.40848455 8  55.84989  56.63061 40216 64 219
1 1843.97137399 4  33.29083  33.45667 40280 32 221
1 1812.52481656 4  52.86083  53.52142 40312 32 222
1 1769.14714629 4  72.71914  73.00956 40344 32 223
1 1757.11455312 4  80.68539  81.17297 40376 32 224
1 1748.36177566 5   2.36914   2.78789 40408 40 225
1 1734.23977415 5  67.75825  68.00186 40448 40 226
1 1723.11274377 4 -13.67008 -13.51836 40488 32 227
1 1707.48409662 5 -11.78006 -11.31714 40520 40 228
1 1706.86960152 5 -47.28172 -46.68375 40560 40 229
1 1675.5796841 6  79.68456  80.06294 40600 48 230
1 1670.30321415 5  57.01956  57.60750 40648 40 231
1 1669.92210116 5 -25.73560 -24.69708 40688 40 232
1 1659.0015545 5  28.06417  28.75458 40728 40 233
1 1654.23501421 6  38.99961  39.37789 40768 48 234
1 1654.13089529 6   3.63789   4.24042 40816 48 235
1 1651.74264499 5  -1.29000  -0.91708 40864 40 236
1 1640.01859162 6   0.68703   1.14292 40904 48 237
1 1613.21344702 5  69.05625  69.60039 40952 40 239
1 1572.24711592 6  21.31056  21.71469 40992 48 241
1 1571.7147777 6  -6.47961  -5.72544 41040 48 242
1 1557.52283867 5  75.60861  76.12803 41088 40 243
1 1552.46781807 5  20.99747  21.33869 41128 40 244
1 1547.26748501 5  27.90919  28.16794 41168 40 245
1 1545.31546433 5 -54.24169 -53.56800 41208 40 246
1 1531.3374799 5  74.18747  74.44326 41248 40 247
1 1521.39400251 5   1.85149   2.04789 41288 40 248
1 1519.85658652 6  43.65711  44.50875 41328 48 249
1 1504.74344798 5  12.31450  12.91033 41376 40 250
1 1490.90790214 4  53.20875  53.91292 41416 32 251
1 1473.36013166 5  82.06806  82.64453 41448 40 252
1 1463.83368085 6  15.99833  16.51869 41488 48 253
1 1460.81428614 5  26.56747  26.96303 41536 40 254
1 1453.39242993 4  21.99722  22.14914 41576 32 255
1 1438.45497258 5  45.57828  46.23042 41608 40 257
1 1413.52391664 5  35.99747  36.46042 41648 40 258
1 1386.80965522 5  77.19767  77.57067 41688 40 259
1 1372.83963269 5  56.19461  57.36206 41728 40 260
1 1365.66396419 5  63.11208  63.43056 41768 40 261
1 1352.42647538 5 -53.37583 -52.74667 41808 40 262
1 1346.81532454 5 -40.21086 -39.71958 41848 40 263
1 1341.12506947 4  -9.67083  -9.37583 41888 32 264
1 1316.08858143 5  77.11514  77.76553 41920 40 265
1 1315.12849497 5  78.20456  78.61289 41960 40 266
1 1284.04155392 5  11.47289  12.23953 42000 40 267
1 1281.55044109 7  23.80122  24.30039 42040 56 268
1 1268.1865439 5 -54.30419 -53.94333 42096 40 269
1 1268.18545766 4  -8.53167  -8.24753 42136 32 270
1 1250.87973767 5  74.99786  75.43206 42168 40 271
1 1249.63669983 5   6.40958   6.74372 42208 40 272
1 1245.65684918 4 -54.22208 -53.84208 42248 32 273
1 1244.24412619 4 -10.85625 -10.43214 42280 32 275
1 1229.8265275 4  -2.64836  -2.51125 42312 32 276
1 1228.58250384 5  54.69539  55.28831 42344 40 277
1 1224.73818193 5  -1.85669  -1.79375 42384 40 278
1 1219.28122094 5  28.76486  29.20605 42424 40 279
1 1214.21454617 6   0.80706   1.23206 42464 48 280
1 1201.3855131 5  26.08044  26.87547 42512 40 281
1 1172.21832119 7  25.85581  26.92289 42552 56 282
1 1161.0485665 5  67.72442  68.30247 42608 40 283
1 1159.09709358 4  75.05172  75.44472 42648 32 284
1 1152.73187448 4 -21.00503 -20.72667 42680 32 285
1 1145.55504186 5 -14.02253 -13.86672 42712 40 286
1 1136.51549434 4  14.54900  14.86011 42752 32 287
1 1135.58483743 5   0.99542   1.42206 42784 40 288
1 1134.3090412 4  76.06711  76.29822 42824 32 289
1 1111.13093222 4  68.99758  69.37867 42856 32 290
1 1110.69262473 5 -50.44042 -50.03503 42888 40 291
1 1109.63601515 4 -40.00172 -39.58047 42928 32 292
1 1064.89623863 4  52.02875  52.36081 42960 32 293
1 1062.5192252 4  76.31364  76.66975 42992 32 294
1 1061.71964959 5 -48.65169 -48.13711 43024 40 295
1 1042.37769291 4 -17.86750 -17.57333 43064 32 296
1 1034.76033 5  61.40039  61.65583 43096 40 297
1 1031.11311672 5  58.70122  58.99914 43136 40 298
1 1030.15612424 5 -11.89667 -11.36708 43176 40 299
1 1025.86230733 4 -16.63503 -16.52250 43216 32 300
1 1003.92507869 5  65.70714  66.14267 43248 40 301
1 1002.614503 5  14.99411  15.33622 43288 40 302
1 995.435019228 4  -0.62753  -0.57419 43328 32 303
1 972.636661082 4  54.27208  54.56828 43360 32 304
1 972.05604512 5  10.97333  11.00000 43392 40 305
1 969.606164635 4  11.99911  12.32997 43432 32 307
1 968.461886889 5  80.09125  80.44247 43464 40 308
1 963.35828195 5   6.76122   7.17911 43504 40 309
1 960.929604611 4  73.90786  73.99736 43544 32 310
1 960.201851415 4  26.51667  26.72544 43576 32 311
1 950.895044847 4  29.00158  29.50308 43608 32 312
1 949.255095432 4  80.76083  80.93958 43640 32 313
1 941.941799153 5  69.57292  69.80819 43672 40 314
1 929.164960526 4  79.72675  80.14858 43712 32 315
1 921.036459985 4  60.29658  60.58628 43744 32 316
1 915.977911631 4  13.20289  13.57208 43776 32 317
1 913.567444994 4  73.98081  74.23706 43808 32 318
1 910.854576566 5 -44.00086 -43.72875 43840 40 319
1 906.159370109 4  52.82919  53.00000 43880 32 320
1 905.072296314 5 -10.19375  -9.71417 43912 40 321
1 903.986580803 4  55.99747  56.33956 43952 32 322
1 902.910202359 5  56.26875  56.58294 43984 40 323
1 901.816279901 4 -17.71833 -17.69414 44024 32 324
1 898.078953995 4 -45.23375 -44.98131 44056 32 326
1 896.611138225 4  -5.49958  -5.15958 44088 32 327
1 894.388679938 5 -18.95669 -18.62961 44120 40 328
1 891.421118941 5  68.58289  69.02122 44160 40 329
1 890.632938772 5  -3.34875  -2.79833 44200 40 330
1 879.216103312 5  -0.30169   0.00000 44240 40 331
1 877.861000694 5  -5.83381  -5.50333 44280 40 332
1 870.98806317 5 -51.08417 -50.71208 44320 40 333
1 870.383457731 4  -9.14631  -9.04086 44360 32 334
1 864.721730121 4  37.99639  38.33206 44392 32 335
1 856.548126146 5   0.02125   0.29747 44424 40 336
1 855.123346672 4  38.15456  38.60375 44464 32 337
1 837.36229378 4  70.58708  70.79667 44496 32 338
1 836.861758551 5  59.77206  60.37961 44528 40 339
1 833.900185556 4  -2.56836  -2.50586 44568 32 340
1 833.106532064 4  -0.11003  -0.10336 44600 32 341
1 831.382701873 4  72.71369  73.00000 44632 32 342
1 827.190305234 5  -3.00250  -2.73503 44664 40 343
1 820.616475335 5  28.85667  29.23789 44704 40 344
1 819.484761985 4 -11.62253 -11.36917 44744 32 345
1 805.973758135 4  63.41231  63.67947 44776 32 346
1 795.767362535 5  38.10667  38.47622 44808 40 347
1 791.214117334 4  65.54022  65.99906 44848 32 348
1 788.908091352 4  16.99833  17.11331 44880 32 349
1 787.640162338 4   9.99828  10.47206 44912 32 350
1 786.74131236 4  -3.60878  -3.52753 44944 32 351
1 782.451501172 4  10.51122  10.78414 44976 32 353
1 768.874169602 4  -0.49086  -0.47006 45008 32 354
1 767.452626651 4 -48.46794 -48.12875 45040 32 355
1 767.346331716 4  77.71928  78.07847 45072 32 356
1 767.328972829 4  37.77161  37.85997 45104 32 357
1 761.746017584 4  15.24289  15.53828 45136 32 358
1 742.474053576 5  -8.53961  -8.19003 45168 40 359
1 735.099601122 4  51.60119  51.99961 45208 32 360
1 730.648474493 5  28.10878  28.53000 45240 40 361
1 717.150897275 4  65.61997  65.72917 45280 32 362
1 715.322081405 4  28.45286  28.77706 45312 32 363
1 714.9117779 4 -50.84753 -50.48833 45344 32 364
1 713.41406074 4  -9.52250  -9.31086 45376 32 365
1 704.238049027 4  -8.35253  -8.34167 45408 32 366
1 696.436431722 5  21.07828  21.16194 45440 40 367
1 694.902961211 5  18.69778  18.92331 45480 40 368
1 694.437867577 4  69.11697  69.42244 45520 32 369
1 689.820906903 4 -16.31003 -16.19128 45552 32 371
1 688.333216629 4  53.27997  53.31167 45584 32 372
1 687.926291634 4  12.12875  12.67789 45616 32 373
1 686.660458428 4  -8.09792  -7.84878 45648 32 374
1 686.566840425 5  54.66917  55.19344 45680 40 375
1 684.557793255 4  66.64961  66.84625 45720 32 376
1 674.237847219 4  69.91919  69.99914 45752 32 377
1 667.701978648 4  20.26331  20.69119 45784 32 378
1 664.063025643 4 -21.65547 -21.37958 45816 32 379
1 663.244033075 4 -55.10250 -55.00958 45848 32 380
1 663.122611152 5   8.60250   8.75206 45880 40 381
1 659.2320083 5  15.56244  15.88792 45920 40 382
1 657.722931749 5  -6.50042  -5.77044 45960 40 383
1 656.658585962 4  14.66625  15.04122 46000 32 384
1 653.743093728 4  -0.45253  -0.31169 46032 32 385
1 649.665554395 4  -7.95294  -7.65919 46064 32 386
1 646.94837467 4  77.77908  77.85378 46096 32 387
1 646.544290201 4 -44.72381 -44.62503 46128 32 388
1 645.53281891 4  80.07456  80.34703 46160 32 389
1 643.577500149 4  74.73581  75.03878 46192 32 390
1 641.737691754 4  69.54706  69.92792 46224 32 391
1 641.488805067 4  68.32528  68.67817 46256 32 392
1 638.738218225 4  63.48747  63.63961 46288 32 393
1 638.616562323 4  15.99872  16.20622 46320 32 394
1 635.916290037 5  78.20703  78.90372 46352 40 395
1 634.095455116 4  81.96372  82.29264 46392 32 396
1 633.899048659 4  59.99417  60.15747 46424 32 397
1 628.632340495 5   5.05367   5.28078 46456 40 398
1 626.183816107 4 -26.00128 -25.48714 46496 32 399
1 625.101884587 4  21.98997  22.31039 46528 32 400
1 624.905444592 4  55.69164  55.93747 46560 32 401
1 622.386231797 4  -2.40003  -2.15253 46592 32 402
1 620.123540167 4   0.33617   0.58583 46624 32 403
1 618.378734874 4  -8.00669  -7.82336 46656 32 404
1 617.659178113 4  13.74772  14.10658 46688 32 405
1 610.690905938 4  -5.46294  -5.12669 46720 32 406
1 608.482539502 4 -55.00253 -54.95342 46752 32 407
1 602.568942592 4  34.18789  34.60875 46784 32 408
1 600.021233869 4  54.99864  55.30039 46816 32 409
1 596.353169176 4  58.73369  59.00000 46848 32 410
1 593.719189867 4  76.47478  76.84200 46880 32 411
1 592.667342058 4  70.33875  70.62125 46912 32 412
1 589.000980142 4  10.47833  10.71497 46944 32 413
1 580.617797002 4  54.05994  54.41619 46976 32 414
1 577.925489707 4  75.99917  76.72622 47008 32 415
1 577.819670266 4  -0.31667  -0.26000 47040 32 416
1 576.649119578 4  25.99244  26.22958 47072 32 417
1 575.894900988 5  -2.48958  -1.97292 47104 40 418
1 570.141101592 4  10.04539  10.45128 47144 32 419
1 569.281384713 4 -48.60422 -48.48250 47176 32 420
1 565.552082266 4  -0.91331  -0.71083 47208 32 421
1 564.991720131 4 -19.64881 -19.44497 47240 32 422
1 563.961578085 4 -50.67003 -50.50836 47272 32 423
1 559.862666921 4  60.05747  60.30331 47304 32 424
1 559.022047721 4  -6.00333  -5.27628 47336 32 425
1 557.966634425 4   3.39206   3.67917 47368 32 426
1 556.601530753 5  13.24453  13.59578 47400 40 427
1 556.001665687 4  56.18833  56.49044 47440 32 428
1 555.023888395 4 -45.73342 -45.44294 47472 32 429
1 553.721757724 4  56.58339  56.80339 47504 32 430
1 549.028969983 4  76.76261  76.89714 47536 32 431
1 547.829892918 4   1.33661   1.37539 47568 32 432
1 545.467525194 4  53.94914  53.99994 47600 32 433
1 544.933910286 4 -49.90422 -49.66333 47632 32 434
1 541.962351598 4  68.17161  68.36708 47664 32 435
1 541.42322289 4 -49.02836 -49.00000 47696 32 436
1 539.767700134 4  -0.57250  -0.40042 47728 32 437
1 538.657303178 4  49.58978  49.84158 47760 32 438
1 537.61679716 4  -8.77208  -8.53792 47792 32 439
1 536.507730105 4 -54.83500 -54.72256 47824 32 440
1 535.861774572 4 -50.85958 -50.51958 47856 32 441
1 530.86235203 4   7.75706   8.00000 47888 32 442
1 528.26499328 4  64.41789  64.90419 47920 32 443
1 523.28710144 4 -10.80253 -10.79164 47952 32 444
1 523.15486994 4  -8.40581  -8.26753 47984 32 445
1 521.758649378 4  51.71958  51.90956 48016 32 446
1 520.09840585 4  81.20000  81.38456 48048 32 447
1 515.724211429 4   7.32728   7.56386 48080 32 448
1 514.973630726 4  71.16125  71.37878 48112 32 449
1 513.724541872 4  33.71997  33.84586 48144 32 450
1 513.484341216 4 -16.00211 -15.46292 48176 32 451
1 509.533614549 4  30.37247  30.37664 48208 32 452
1 505.609230905 4  70.81775  71.01831 48240 32 453
1 505.150204957 4  20.44272  20.59914 48272 32 454
1 503.823830043 4  68.99833  69.32456 48304 32 455
1 500.792861181 4  80.14956  80.39044 48336 32 456
1 496.547255337 4  75.39792  75.85708 48368 32 457
1 492.278596517 4  -9.79211  -9.34417 48400 32 458
1 489.634661162 4  75.76200  75.93733 48432 32 459
1 486.792871178 4  39.83497  39.99914 48464 32 460
1 486.430884291 4  37.70706  37.73167 48496 32 461
1 483.493520697 5 -17.00506 -16.89066 48528 40 462-E
1 483.493520697 4 -16.89533 -16.69128 48568 32 462-W
1 483.079981842 4  56.27661  56.43125 48600 32 463
1 482.700949689 4  22.99958  23.67708 48632 32 464
1 480.935424887 4  29.99875  30.01997 48664 32 465
1 477.945480382 5   1.70464   1.99972 48696 40 466
1 477.259047924 4 -49.30211 -49.05086 48736 32 467
1 476.76280546 4 -52.04708 -51.62542 48768 32 468
1 470.313418219 5  22.16622  22.72958 48800 40 469
1 470.25657318 4  68.70189  69.00000 48840 32 470
1 466.896953985 4  60.35836  60.40403 48872 32 471
1 464.738142517 4  -0.43000  -0.27586 48904 32 472
1 464.02919613 6  24.60872  25.55786 48936 48 473
1 462.843926889 4  34.36167  34.70792 48984 32 474
1 461.750953815 4  69.46406  69.71339 49016 32 475
1 461.726423217 4  18.67744  18.87083 49048 32 476
1 460.019074274 4  -0.52833  -0.24628 49080 32 477
1 459.042688526 4  12.33661  12.44581 49112 32 478
1 458.360788197 4  52.09664  52.10125 49144 32 479
1 456.229872861 4  38.41247  38.49497 49176 32 480
1 455.481294607 5  30.34542  30.84042 49208 40 481
1 455.201602217 4 -16.84253 -16.68669 49248 32 482
1 454.629064087 4  -0.93581  -0.78669 49280 32 483
1 452.955090926 4  63.19331  63.44828 49312 32 484
1 452.656202215 4 -19.10794 -18.99919 49344 32 485
1 451.959145218 4  55.12914  55.32164 49376 32 486
1 450.656854672 4  -7.00167  -6.93169 49408 32 487
1 449.768283223 4  52.47206  52.82764 49440 32 488
1 447.428179953 4  -7.94669  -7.64172 49472 32 489
1 447.253911614 4 -45.65417 -45.46294 49504 32 490
1 446.754723846 5  12.04833  12.39786 49536 40 491
1 446.480804261 4  56.99656  57.34375 49576 32 492
1 445.782176008 4   7.18164   7.35003 49608 32 493
1 444.033459039 4  70.97042  71.09750 49640 32 494
1 441.402626135 4  13.10081  13.32731 49672 32 495
1 440.241155486 4  68.06125  68.26375 49704 32 496
1 440.221076461 4  62.46417  62.48831 49736 32 497
1 438.616368478 4  49.35667  49.61208 49768 32 498
1 437.507427037 4  75.94506  75.94756 49800 32 499
1 437.429045958 5 -12.37917 -12.06628 49832 40 500
1 437.318035439 4  55.45244  55.62500 49872 32 501
1 435.195292583 4  80.97706  81.09661 49904 32 502
1 431.05304273 4 -27.76417 -27.38208 49936 32 503
1 430.209495595 5  12.69542  13.11664 49968 40 504
1 430.143134808 4   9.78206  10.06206 50008 32 505
1 425.633960261 4  11.51542  11.77664 50040 32 506
1 425.412979117 4  -0.36003  -0.33750 50072 32 507
1 425.336544482 4 -15.46753 -15.29167 50104 32 508
1 421.860516905 4  -0.45419  -0.15042 50136 32 509
1 421.798816067 4   0.99958   1.18203 50168 32 510
1 420.260222743 4  -5.94794  -5.59917 50200 32 511
1 417.316823777 4  -5.40667  -5.31708 50232 32 512
1 416.664835718 4  52.52289  52.74997 50264 32 513
1 416.124612854 4  37.70000  37.86331 50296 32 514
1 413.784990814 4  71.11372  71.31208 50328 32 515
1 412.593902641 4  44.60458  44.99958 50360 32 516
1 411.127920176 4  75.38181  75.53461 50392 32 517
1 409.902154335 4  38.69667  38.74914 50424 32 518
1 408.278316264 4  66.55706  66.61831 50456 32 519
1 406.392154155 5  -8.72169  -8.41292 50488 40 520
1 405.426562074 4  -4.75794  -4.52544 50528 32 521
1 404.137231744 4  43.31497  43.32000 50560 32 522
1 403.40378353 4  69.99553  70.10214 50592 32 523
1 403.074582674 4  -5.49250  -5.33417 50624 32 524
1 402.597600064 4  11.65872  11.89794 50656 32 525
1 398.29493272 4  16.68956  16.89917 50688 32 526
1 397.366475796 4  71.51589  71.52503 50720 32 527
1 397.268245261 4  34.70125  35.00000 50752 32 528
1 393.133166552 4  68.46597  68.50525 50784 32 529
1 392.982070958 4  51.78667  51.99750 50816 32 530
1 391.976801953 4   3.48331   3.54500 50848 32 531
1 389.961124343 4  72.99831  73.03328 50880 32 532
1 389.92072244 4 -10.57336 -10.45339 50912 32 533
1 389.657614437 4  37.76711  37.96250 50944 32 534
1 389.493318914 4 -53.11500 -53.00000 50976 32 535
1 388.834757382 4  50.66164  50.68664 51008 32 536
1 386.399259606 4  50.70667  50.87081 51040 32 537
1 380.540946701 4 -51.65042 -51.37169 51072 32 538
1 377.100481443 4  70.83120  71.14188 51104 32 539
1 376.924441789 4   7.44333   7.72628 51136 32 540
1 374.913764512 4  54.91542  55.11208 51168 32 541
1 374.018751902 4 -12.98625 -12.72000 51200 32 542
1 373.607550528 4 -43.42250 -43.06458 51232 32 543
1 373.19985218 4   6.33667   6.43164 51264 32 544
1 370.974659141 4  51.70333  51.90750 51296 32 545
1 370.225178478 4  24.13542  24.67664 51328 32 546
1 365.279880244 4 -51.98669 -51.71000 51360 32 547
1 364.188531903 4  -8.25964  -8.11419 51392 32 548
1 361.826721839 4  -9.13667  -9.00000 51424 32 549
1 360.809832826 4  -8.92086  -8.83586 51456 32 550
1 360.352380853 4  39.91914  40.00000 51488 32 551
1 356.940304327 4  16.22542  16.48081 51520 32 552
1 355.819965343 4  22.42914  22.54081 51552 32 553
1 355.324475977 4  16.56581  16.62831 51584 32 554
1 354.808063902 4   6.84497   6.93003 51616 32 555
1 346.537862732 4  75.88411  76.12136 51648 32 556
1 346.026213443 4  56.09864  56.33708 51680 32 557
1 345.443550288 4  22.09828  22.46453 51712 32 558
1 344.641817913 4  -1.52336  -1.41836 51744 32 559
1 344.624846526 4  -0.39542  -0.00167 51776 32 560
1 343.088645203 4 -14.32667 -14.18919 51808 32 561
1 342.983889027 4 -44.70750 -44.59086 51840 32 562
1 342.30652331 4 -23.88750 -23.77506 51872 32 563
1 341.685704985 4  76.99789  77.19039 51904 32 564
1 340.674437802 4  32.61333  32.79789 51936 32 565
1 338.983006347 4  -8.70336  -8.42339 51968 32 566
1 338.213889408 4  -8.36417  -8.17167 52000 32 567
1 336.61543172 4  10.52747  10.56619 52032 32 568
1 332.111424976 4  12.33956  12.63328 52064 32 569
1 328.198635301 4 -11.35794 -11.00164 52096 32 570
1 326.01008167 4  79.90689  79.96833 52128 32 571
1 325.773678891 4   7.80875   8.08456 52160 32 572
1 325.114746815 4   9.14744   9.19414 52192 32 573
1 322.857889199 4  75.17872  75.51456 52224 32 574
1 322.747952835 4  56.18917  56.53833 52256 32 575
1 321.962673256 4  11.99897  12.22619 52288 32 576
1 321.826003748 4  54.85533  55.06542 52320 32 577
1 321.654734191 4  60.31083  60.48294 52352 32 578
1 319.452776489 4   0.08083   0.13500 52384 32 579
1 317.348167329 4  57.60164  57.64247 52416 32 580
1 316.16259568 4 -52.42211 -52.16378 52448 32 581
1 315.981383581 4  69.35131  69.56239 52480 32 582
1 313.039666986 4  11.14922  11.24689 52512 32 583
1 312.565472678 4  35.59747  35.83119 52544 32 584
1 312.147369442 5  51.37331  51.64161 52576 40 585
1 312.144960944 4  24.16333  24.17831 52616 32 586
1 310.408346925 4  54.99833  55.28981 52648 32 587
1 309.16070914 4  38.56081  38.84872 52680 32 588
1 307.222253055 4  29.56822  29.60992 52712 32 589
1 306.945985507 4 -36.34753 -36.20208 52744 32 590
1 306.890548045 4  49.49208  49.74750 52776 32 591
1 301.879972083 4  37.59697  37.79075 52808 32 592
1 296.580421269 4  62.05706  62.33792 52840 32 593
1 296.140206112 4  36.75331  36.87914 52872 32 594
1 295.349733544 4  60.28831  60.42000 52904 32 595
1 294.906225759 5  44.30292  44.70542 52936 40 596
1 294.022931546 4  54.72122  54.99919 52976 32 597
1 293.839614897 4 -46.93750 -46.90086 53008 32 598
1 293.433823925 4  60.22497  60.51456 53040 32 599
1 291.973107945 4  75.75161  75.98994 53072 32 600
1 291.941044169 4   5.26289   5.47836 53104 32 601
1 291.267766888 4  22.33750  22.41872 53136 32 602
1 290.683764443 4  24.30167  24.35497 53168 32 603
1 290.562582106 4  40.12331  40.15167 53200 32 604
1 288.215162047 4 -13.40836 -13.25417 53232 32 605
1 286.864082228 4  51.87833  51.99914 53264 32 606
1 284.615180959 4 -12.00378 -11.76042 53296 32 607
1 282.199290603 4  63.27042  63.60414 53328 32 608
1 281.959314658 4  -8.80131  -8.50047 53360 32 609
1 281.731824848 4  36.14539  36.38628 53392 32 610
1 277.401134733 4  12.03289  12.26583 53424 32 611
1 275.203517582 4 -46.21544 -46.00333 53456 32 612
1 274.667393104 4 -27.70922 -27.38961 53488 32 613
1 271.356981266 4 -21.15086 -21.09256 53520 32 614
1 270.716050669 4  53.86089  53.99875 53552 32 615
1 267.100688567 4  54.53497  54.86331 53584 32 616
1 266.783635234 4 -54.92131 -54.87419 53616 32 617
1 266.572247642 4  80.07625  80.21997 53648 32 618
1 261.803577753 4  64.69164  64.76164 53680 32 619
1 259.927758035 4  37.51292  37.68914 53712 32 620
1 259.689706238 4  72.17789  72.38583 53744 32 621
1 258.907107756 4  -0.54631  -0.30042 53776 32 622
1 258.489948203 4  22.27831  22.39750 53808 32 623
1 258.443547414 4  11.44500  11.80458 53840 32 624
1 257.440642793 4  33.98978  34.05994 53872 32 625
1 257.258939343 4 -44.48667 -44.46917 53904 32 626
1 257.184384449 4  43.80250  43.83914 53936 32 627
1 255.06725088 4  38.65958  38.75581 53968 32 628
1 254.836987618 4  55.12956  55.37997 54000 32 629
1 254.753588934 4  34.10411  34.29786 54032 32 630
1 253.861763797 4  70.26622  70.33417 54064 32 631
1 251.482923471 4  35.81992  35.97239 54096 32 632
1 250.257408386 4 -48.35958 -48.12672 54128 32 633
1 243.616665213 4  12.09075  12.30036 54160 32 634
1 243.391770569 4  77.66622  77.91708 54192 32 635
1 241.659804593 4  68.59208  68.70831 54224 32 637
1 240.366007046 4 -20.86172 -20.67375 54256 32 638
1 237.104329263 4  24.30164  24.53181 54288 32 639
1 234.652610575 4 -49.00294 -48.78797 54320 32 640
1 234.472662219 4  22.71994  22.83250 54352 32 641
1 233.99778947 4  42.76917  42.85078 54384 32 642
1 232.52854673 4  62.66678  62.70703 54416 32 643
1 231.267576317 4  70.47328  70.70311 54448 32 644
1 229.707483547 4  54.76794  54.99839 54480 32 645
1 229.045184769 4  24.42497  24.60167 54512 32 646
1 227.894741125 4  60.21725  60.46042 54544 32 647
1 227.694596034 4  52.40247  52.51000 54576 32 648
1 227.373067967 4  -0.58128  -0.36878 54608 32 649
1 227.050465491 4  19.78789  20.00000 54640 32 650
1 226.152123271 4  -7.21753  -7.15086 54672 32 651
1 225.965673706 4  60.14494  60.34958 54704 32 652
1 225.82780419 4  16.58958  16.81081 54736 32 653
1 221.346026225 4  60.48456  60.70206 54768 32 654
1 220.754175929 4  17.67914  17.75581 54800 32 655
1 218.282685097 4 -11.44919 -11.01714 54832 32 656
1 218.11050705 4   2.04167   2.22417 54864 32 657
1 217.012559391 4 -10.67503 -10.62586 54896 32 658
1 216.513558054 4  11.99789  12.15497 54928 32 659
1 214.921778606 4  -8.75169  -8.61586 54960 32 660
1 214.659760729 4 -12.38750 -12.27922 54992 32 661
1 209.306289206 4  -3.00169  -2.72961 55024 32 662
1 209.173150383 4  19.32497  19.37661 55056 32 663
1 202.226014365 4  78.83875  78.90747 55088 32 664
1 201.356703091 4  33.30914  33.47911 55120 32 665
1 200.776146257 4  -8.43500  -8.37336 55152 32 666
1 200.590971726 4  -0.52086  -0.44839 55184 32 667
1 200.50463562 4  49.58083  49.66917 55216 32 668
1 200.2497156 4  13.68750  13.85247 55248 32 669
1 197.447419 4  60.78081  60.93664 55280 32 670
1 196.93445358 4  23.57331  23.73417 55312 32 671
1 196.884494562 4  10.69294  10.89256 55344 32 672
1 195.542072174 4  21.78881  22.00000 55376 32 673
1 195.287548701 4  14.00833  14.18000 55408 32 674
1 194.290933276 4  28.06250  28.39586 55440 32 675
1 192.712877435 4  77.39583  77.44833 55472 32 676
1 192.389342879 4  48.71450  48.94164 55504 32 677
1 192.37696347 4 -47.79336 -47.73836 55536 32 678
1 188.556856325 4  63.67247  63.77333 55568 32 679
1 187.048735936 4 -23.17839 -23.16833 55600 32 680
1 186.119844866 4  19.99597  20.06428 55632 32 681
1 185.868777437 4  47.26678  47.62828 55664 32 682
1 185.855540659 4  56.44333  56.49458 55696 32 683
1 184.372777739 4  -3.34667  -3.20503 55728 32 684
1 181.198476042 4  23.43914  23.60792 55760 32 685
1 178.876811338 4  45.80292  46.00000 55792 32 686
1 177.347920524 4  29.21800  29.33117 55824 32 687
1 176.41294673 4  -1.25750  -1.24256 55856 32 688
1 176.238490973 4 -40.94503 -40.69125 55888 32 689
1 176.17223241 4 -27.36542 -27.06086 55920 32 690
1 175.606257989 4 -17.00256 -16.70292 55952 32 691
1 174.682482249 4  33.18164  33.41042 55984 32 692
1 173.005264086 4  17.22494  17.37083 56016 32 693
1 171.109517418 4  16.27153  16.39167 56048 32 694
1 170.022338486 4  68.08625  68.11081 56080 32 695
1 168.678551896 4  27.21244  27.84208 56112 32 696
1 165.752197204 4  82.98467  83.18281 56144 32 697
1 164.594182873 4 -52.94003 -52.92919 56176 32 698
1 158.693210936 4  -4.80169  -4.64000 56208 32 699
1 158.360434942 4  54.83019  54.93425 56240 32 700
1 158.210015138 4  -0.00128   0.02131 56272 32 701
1 157.614657533 4  50.54917  50.57003 56304 32 702
1 153.165648753 4  17.90636  18.19506 56336 32 703
1 152.544932543 4  19.73206  19.95831 56368 32 704
1 151.39028437 4  -4.31253  -4.10003 56400 32 705
1 150.52696509 4  -1.20583  -1.17669 56432 32 706
1 149.464792912 4  -0.21172   0.00000 56464 32 707
1 146.977632964 4  66.01828  66.22878 56496 32 708
1 145.922735454 4  24.14089  24.38036 56528 32 709
1 141.793836957 4 -14.32747 -14.25086 56560 32 710
1 141.267055368 4   7.99869   8.23703 56592 32 711
1 140.729732911 4 -20.70586 -20.38797 56624 32 712
1 140.528137003 4 -54.86833 -54.86169 56656 32 713
1 139.167527642 4  18.10164  18.13494 56688 32 714
1 135.963018886 4  12.19997  12.23414 56720 32 715
1 135.959720843 4   4.63081   4.65917 56752 32 716
1 134.775145405 4  47.40092  47.58706 56784 32 717
1 134.055825304 4   0.01872   0.24083 56816 32 718
1 130.945342234 4  36.78664  36.88375 56848 32 719
1 129.738895012 4   9.53122   9.76164 56880 32 720
1 128.2439663 4  25.41581  25.54578 56912 32 721
1 128.007200859 4  -8.80253  -8.70833 56944 32 722
1 127.614427958 4  29.16361  29.33281 56976 32 723
1 121.887275387 4  27.90622  28.11375 57008 32 724
1 118.409566019 4  -9.40667  -9.40006 57040 32 725
1 117.477028256 4 -52.23336 -52.13833 57072 32 726
1 116.904593593 4 -51.33672 -51.26508 57104 32 727
1 116.752518987 4  -2.98836  -2.96228 57136 32 728
1 116.475231119 4  55.76533  55.99075 57168 32 729
1 113.607781663 4  35.18914  35.77925 57200 32 730
1 110.300525596 4  21.49772  21.59919 57232 32 731
1 105.336374463 4   4.64542   4.91167 57264 32 732
1 104.958041536 4 -16.80208 -16.54669 57296 32 733
1 99.0093688009 4  60.30125  60.50167 57328 32 734
1 98.2075868317 4   9.15497   9.27500 57360 32 735
1 97.6050006722 4 -11.69417 -11.55667 57392 32 736
1 94.2856132107 4  54.84497  54.97000 57424 32 737
1 91.4033000635 4  53.36244  53.44750 57456 32 738
1 91.3921572229 4  -1.50253  -1.48006 57488 32 739
1 88.6636851023 4  46.16331  46.24414 57520 32 740
1 87.026669561 4  -1.36169  -1.11792 57552 32 741
1 83.790817342 4  10.23575  10.30325 57584 32 742
1 82.4027366064 4  59.79775  59.99908 57616 32 743
1 82.2714444768 4  37.99956  38.32625 57648 32 744
1 81.8820187773 4  17.25414  17.53539 57680 32 745
1 81.8718352976 4  -0.38461  -0.20756 57712 32 746
1 80.8020863155 4  44.47875  44.69581 57744 32 747
1 64.0610797009 4  46.00958  46.06500 57776 32 748
1 62.4275524716 4  48.86119  49.00000 57808 32 749
1 60.8527373735 5  30.32825  30.38958 57840 40 750
1 53.8844627518 4 -25.27292 -25.00042 57880 32 751
1 43.4958521245 4 -24.98422 -24.75542 57912 32 752
1 37.5206261291 4  46.17981  46.36828 57944 32 753
1 36.8880085926 4  24.52336  24.97375 57976 32 754
1 31.577928233 4  34.61583  34.88211 58008 32 755
1 31.1067805512 4  40.58167  40.64333 58040 32 756
1 29.2086788954 4 -16.30961 -16.07922 58072 32 757
1 29.1263619408 4  25.56081  25.63747 58104 32 758
1 21.3965180704 4  40.62190  40.76981 58136 32 759
1 21.2126520354 4   1.71550   1.96036 58168 32 760
1 16.2972055386 4   7.08581   7.16331 58200 32 761
1 13.7841900812 4 -18.21922 -18.06961 58232 32 762
1 11.9493136545 4  70.09081  70.26789 58264 32 763
2 397052.350619 46  36.58417  47.11472 58296 368 764
2 208200.247285 49  41.63722  48.99750 58664 392 765
2 69057.4991428 23  -3.01389   0.49194 59056 184 766
2 67543.0642392 19  43.39056  46.74583 59240 152 767
2 32732.9896601 11  -8.75167  -3.34583 59392 88 768
2 32265.8317924 14  51.46472  55.72528 59480 112 769
2 31034.290809 20  64.81028  67.04694 59592 160 770
2 29587.0965564 19  60.88194  62.92056 59752 152 771
2 28943.1729521 11 -14.40528  -9.48472 59904 88 772
2 27039.4355486 13  41.49694  43.04944 59992 104 773
2 25368.824599 15  50.39750  54.41444 60096 120 774
2 19716.0771535 11  43.25417  44.50250 60216 88 775
2 17867.9020717 5  59.89917  61.72917 60304 40 776
2 17616.0977086 11  44.95917  46.84389 60344 88 777
2 11976.912084 9  12.48833  13.99167 60432 72 778
2 11188.6234846 18  61.14389  63.59222 60504 144 779
2 10174.1862777 13  60.85333  62.86056 60648 104 780
2 8246.02622992 24   6.11833   9.11278 60752 192 781
2 8152.86131338 5  11.07194  12.11306 60944 40 782
2 8144.42791839 7  58.47000  59.60417 60984 56 783
2 8116.96724987 9 -16.59944 -15.30778 61040 72 784
2 7732.58815737 5   2.39722   4.65306 61112 40 785
2 6920.45377258 9  56.28222  58.15472 61152 72 786
2 6282.54051822 6  42.15944  42.71500 61224 48 787
2 5887.75692858 8  58.37361  59.36694 61272 64 788
2 5746.86667733 21  53.26278  55.86250 61336 168 789
2 5669.3097737 18  53.42556  55.05583 61504 144 790
2 5509.45642781 8  51.57306  53.14889 61648 64 791
2 5418.15135611 5   1.00944   2.40028 61712 40 792
2 5325.18373426 12  46.64556  49.82750 61752 96 793
2 5038.38435349 6  -9.52333  -8.60167 61848 48 794
2 4850.4391692 6  50.21167  51.78000 61896 48 795
2 4729.77501778 6  49.36111  50.29278 61944 48 796
2 4724.47803876 10  58.00944  59.21194 61992 80 797
2 4681.46943546 14  73.83806  75.15417 62072 112 798
2 4647.61727686 9  48.88667  49.96833 62184 72 799
2 4607.34807508 6 -17.97694 -16.61194 62256 48 800
2 4541.29845015 8  53.04750  54.25444 62304 64 801
2 4450.39265797 5  36.54361  37.16639 62368 40 802
2 4409.5972313 6  37.11361  38.24361 62408 48 803
2 4194.10249961 13  47.72792  49.74194 62456 104 804
2 4192.42850889 5  50.67972  51.79806 62560 40 805
2 4178.06561774 16  60.92889  63.10139 62600 128 806
2 4081.44873099 19  53.10222  56.23278 62728 152 807
2 4069.16344949 4  44.54028  45.23833 62880 32 808
2 3857.09048512 7 -33.59639 -32.17361 62912 56 809
2 3847.11173245 5  62.69806  63.56111 62968 40 810
2 3597.46224887 5  57.84806  58.94306 63008 40 811
2 3514.16139306 5  38.31000  38.94389 63048 40 812
2 3383.4445609 8  21.50694  23.98583 63088 64 813
2 3328.54230486 5  49.99000  50.68500 63152 40 814
2 3152.63531085 5  11.63222  12.30500 63192 40 815
2 3140.59527059 5  64.57111  65.42917 63232 40 816
2 3066.80233211 12  47.52778  49.50611 63272 96 817
2 2895.46861385 5  40.68750  41.66000 63368 40 818
2 2879.3178208 5  50.04694  51.34972 63408 40 819
2 2850.47329072 5  45.75250  46.40111 63448 40 820
2 2768.51466354 5  50.45278  51.50806 63488 40 821
2 2710.97768356 4  59.35028  59.78361 63528 32 822
2 2662.84223816 5  -2.47111  -1.58722 63560 40 823
2 2604.47924414 8  55.51833  56.81056 63600 64 824
2 2589.2708111 10  48.51917  51.87583 63664 80 825
2 2519.22714976 6  30.92333  31.53611 63744 48 826
2 2484.62701794 6  57.75528  58.53083 63792 48 827
2 2476.76171555 5  56.75722  57.66611 63840 40 828
2 2459.97281568 9  59.60667  60.87083 63880 72 829
2 2367.41812421 8   6.93194   8.09833 63952 64 830
2 2356.95278337 4  48.54500  49.27306 64016 32 831
2 2351.7667436 9  32.89861  33.65917 64048 72 832
2 2209.71608299 4  -0.65278  -0.14389 64120 32 833
2 2124.17227222 5 -11.41278 -10.86889 64152 40 834
2 2095.82543323 5 -30.94444 -30.60111 64192 40 835
2 2048.88497061 6  54.59139  54.95056 64232 48 836
2 2038.35995161 14  57.67611  59.91722 64280 112 837
2 1972.72342104 6  -2.68722  -1.57639 64392 48 838
2 1947.8763736 4  57.78361  58.82583 64440 32 839
2 1946.98624359 4  -8.12000  -7.56917 64472 32 840
2 1918.00172493 4  30.52139  30.88944 64504 32 841
2 1915.60835149 5  63.90972  64.42306 64536 40 842
2 1905.01046789 6 -47.01667 -46.45028 64576 48 843
2 1902.03236777 6  44.43417  46.68750 64624 48 844
2 1883.01883066 4 -15.64806 -15.58889 64672 32 845
2 1866.00209547 4  64.09056  64.24917 64704 32 846
2 1847.19842073 5   4.48944   4.95806 64736 40 847
2 1844.70947429 5  64.36028  64.74833 64776 40 848
2 1817.77165524 7  48.25611  48.80583 64816 56 849
2 1813.38440191 5 -16.76556 -16.12333 64872 40 850
2 1767.07033488 5  63.13000  63.58167 64912 40 851
2 1743.83428769 6   1.21583   1.65222 64952 48 852
2 1723.16328642 8  56.53083  57.11194 65000 64 853
2 1661.63808865 7  55.15750  56.71167 65064 56 854
2 1648.78935766 8  53.73194  55.49667 65120 64 855
2 1612.28177076 10  47.53111  48.18750 65184 80 856
2 1611.57242922 5  68.85333  69.43472 65264 40 857
2 1601.7972638 5  26.68250  27.18556 65304 40 858
2 1584.44550345 4  31.71639  31.81583 65344 32 859
2 1570.18205572 7   9.84111  11.36889 65376 56 860
2 1565.37049294 5  38.47861  39.14583 65432 40 861
2 1563.26648503 5 -19.14667 -18.02778 65472 40 862
2 1562.55164957 6  59.34102  59.79418 65512 48 863
2 1562.05812846 5  47.75444  48.36194 65560 40 864
2 1561.78129523 6 -32.95194 -32.41250 65600 48 865
2 1557.1167642 5  57.20861  57.72222 65648 40 866
2 1553.48497906 4  33.68694  34.34250 65688 32 867
2 1549.50431846 12 -21.55833 -20.57389 65720 96 868
2 1504.41981201 6  50.17083  50.70722 65816 48 869
2 1489.62150142 5  62.46500  62.97500 65864 40 870
2 1484.2377513 4  58.33083  58.84833 65904 32 871
2 1467.63515079 4  64.82306  65.93444 65936 32 872
2 1461.12664287 5  59.92472  60.65250 65968 40 873
2 1454.55111217 6 -50.64917 -49.99472 66008 48 874
2 1451.87034436 4  54.93139  55.29750 66056 32 875
2 1438.49086556 5  -8.95000  -8.48194 66088 40 876
2 1424.37123964 5  50.24806  50.63333 66128 40 877
2 1414.38320482 4  32.50167  33.11472 66168 32 878
2 1395.78173299 6  62.88500  63.86000 66200 48 879
2 1387.17539203 4  40.18389  40.62111 66248 32 880
2 1376.71538784 5  65.72583  66.04861 66280 40 881
2 1345.89098 5  55.95917  56.32194 66320 40 882
2 1344.49652773 5  48.95278  49.32389 66360 40 883
2 1317.85281519 4  43.74583  45.07028 66400 32 884
2 1291.85516175 4  55.04667  55.29222 66432 32 885
2 1288.20697112 6  60.30694  61.03611 66464 48 886
2 1232.64440899 5   6.80500   7.74306 66512 40 887
2 1222.02633162 5  64.12028  64.56111 66552 40 888
2 1203.09406394 4  63.72667  64.14611 66592 32 889
2 1183.96409568 4  55.30611  55.58278 66624 32 890
2 1179.79268538 5  48.32222  48.94111 66656 40 891
2 1176.79595056 5  54.38417  54.81667 66696 40 892
2 1165.12150873 4  57.60694  58.07556 66736 32 893
2 1160.69782476 4  62.89250  63.59611 66768 32 894
2 1146.0422216 4  60.07278  60.31000 66800 32 895
2 1137.16461717 5   2.33222   2.88333 66832 40 896
2 1124.72685388 8 -19.04778 -18.20000 66872 64 897
2 1121.29938132 6  56.79611  57.87306 66936 48 898
2 1120.61633157 5  53.73667  53.97972 66984 40 899
2 1108.77285832 4  47.89722  48.20806 67024 32 900
2 1101.59845551 4   6.00833   6.59278 67056 32 901
2 1082.83225615 4  53.92639  54.75833 67088 32 902
2 1079.74206483 4 -49.78944 -49.49694 67120 32 903
2 1078.91396754 4  -3.79750  -3.34333 67152 32 904
2 1078.31753893 7  65.99806  66.53167 67184 56 905
2 1073.00213739 6  62.14917  62.75444 67240 48 906
2 1068.51804707 4  65.36806  65.89889 67288 32 907
2 1056.52976448 6  61.23667  62.21694 67320 48 908
2 1055.95211576 7 -49.15389 -48.39667 67368 56 909
2 1053.44090397 5  48.46583  48.76500 67424 40 910
2 1051.75650892 5  68.19583  68.42000 67464 40 911
2 1040.14927037 5  12.17389  12.49028 67504 40 912
2 1027.7054911 5  20.15917  20.32528 67544 40 913
2 1026.67382191 7  47.35222  47.82778 67584 56 914
2 1021.14482749 5  62.08556  62.66944 67640 40 915
2 1016.62692566 4  48.44583  48.92250 67680 32 916
2 1007.18025637 5  41.83278  42.03833 67712 40 917
2 980.16066332 6  49.33139  49.89500 67752 48 918
2 970.340421448 5  64.95278  65.67167 67800 40 919
2 964.614092918 4  64.76639  65.30000 67840 32 920
2 962.839055976 4  31.09472  31.76556 67872 32 921
2 954.652664422 4  47.57222  48.20722 67904 32 922
2 946.172887313 5  61.41639  62.28694 67936 40 923
2 935.238723304 5  49.70472  50.72583 67976 40 924
2 933.225122034 7 -27.90333 -27.38194 68016 56 925
2 921.92596561 4 -41.31861 -40.95278 68072 32 926
2 921.58977071 4  43.86556  43.86833 68104 32 927
2 921.502794282 5  46.20361  46.37333 68136 40 928
2 916.39898831 5  14.17722  14.50250 68176 40 929
2 895.319803671 8  53.35611  53.86278 68216 64 930
2 890.271694677 5  47.03000  47.70000 68280 40 931
2 890.037590103 5  58.14611  58.46944 68320 40 932
2 883.918337694 4  65.71778  66.44861 68360 32 933
2 883.432672768 5  15.85417  16.38639 68392 40 934
2 877.152311231 4  29.89222  30.23056 68432 32 935
2 875.714722322 5  69.43583  70.06000 68464 40 936
2 874.276784924 5  70.45750  70.68167 68504 40 937
2 871.045877074 5  63.17472  63.48694 68544 40 938
2 863.679552431 7  32.77139  33.22500 68584 56 939
2 860.093695568 5  67.81472  68.15778 68640 40 940
2 848.262264437 4  61.07806  61.80944 68680 32 941
2 847.312634968 5  36.93167  37.88278 68712 40 942
2 843.425485251 4  33.10778  33.52528 68752 32 943
2 820.287724523 5  64.34250  64.63944 68784 40 944
2 810.762649025 5  56.12583  56.53250 68824 40 945
2 809.350005879 4  30.78722  31.37139 68864 32 946
2 806.280305883 6  18.23917  18.84861 68896 48 947
2 800.290463596 4  47.03861  47.36444 68944 32 948
2 798.648220206 4  31.17167  31.97861 68976 32 949
2 796.157865363 4 -45.66778 -45.25694 69008 32 950
2 793.163666024 5  31.48667  31.71972 69040 40 951
2 788.601023662 8  35.82389  36.57056 69080 64 952
2 785.138294771 4  60.68944  61.25361 69144 32 953
2 777.867114775 5  28.75333  29.01694 69176 40 954
2 775.274908862 5  65.88722  66.27194 69216 40 955
2 763.347393794 4 -33.51389 -32.80472 69256 32 956
2 756.090390114 6  57.10028  57.51611 69288 48 957
2 754.663099684 4  46.57806  46.62056 69336 32 958
2 752.314341981 4  50.70639  51.03500 69368 32 959
2 746.519897997 5  61.25222  61.92417 69400 40 960
2 740.802860073 4  54.55639  54.93333 69440 32 961
2 739.050989776 4  -1.00611  -0.65583 69472 32 962
2 738.335666795 4  69.31500  69.56500 69504 32 963
2 732.993697878 4  15.37417  15.78083 69536 32 964
2 730.086221243 5  61.34500  61.57278 69568 40 965
2 722.167520663 5  67.40361  68.34222 69608 40 966
2 714.608318576 4  59.80250  60.23000 69648 32 967
2 691.837172963 4 -15.50111 -15.15250 69680 32 968
2 686.764967668 4  53.75611  53.76333 69712 32 969
2 684.978266158 4  61.55000  61.93056 69744 32 970
2 676.859526074 4  60.37556  60.92528 69776 32 971
2 675.775437589 5  54.61639  54.91278 69808 40 972
2 675.762714092 4  52.57583  53.04861 69848 32 973
2 672.865635237 4  -8.42694  -8.17694 69880 32 974
2 672.426547578 4  37.58278  37.97056 69912 32 975
2 671.33789347 4  46.08583  46.56389 69944 32 976
2 670.020903341 4  66.42528  66.88306 69976 32 977
2 667.451364192 5  59.86667  60.32222 70008 40 978
2 661.787966017 4  34.96917  35.45500 70048 32 979
2 654.828330598 4  62.09306  62.47556 70080 32 980
2 653.525126072 4  53.12083  53.38028 70112 32 981
2 652.859617703 4  62.82250  63.19500 70144 32 982
2 652.007202675 4  60.40833  60.75694 70176 32 983
2 651.772272965 4  28.77028  29.18056 70208 32 984
2 651.573126496 4  40.16944  40.83639 70240 32 985
2 646.442165148 4  50.89083  51.08028 70272 32 986
2 642.355312769 4  50.59528  51.21583 70304 32 987
2 639.810476095 4  66.35861  66.79444 70336 32 988
2 638.494156552 4  62.03917  62.38278 70368 32 989
2 632.107715345 4  48.66667  49.33778 70400 32 990
2 626.427797196 4  38.25167  38.35000 70432 32 991
2 624.04595095 8  59.40500  60.55028 70464 64 992
2 622.462948149 6  64.86194  65.20389 70528 48 993
2 621.23489798 4  60.19194  60.33583 70576 32 994
2 620.477179909 5  34.79861  35.06556 70608 40 995
2 617.786401156 4  69.39806  69.45806 70648 32 996
2 616.315563674 4 -38.94139 -38.70806 70680 32 997
2 614.391088829 4  -4.30028  -4.20556 70712 32 998
2 613.284255904 4  62.89833  63.45167 70744 32 999
2 612.645884717 5 -41.14778 -40.72361 70776 40 1000
2 611.569465775 4 -23.53222 -23.23583 70816 32 1001
2 610.847932709 4  37.56500  37.60000 70848 32 1002
2 605.955048148 4  56.56528  57.24944 70880 32 1003
2 601.409412342 4  47.65056  47.95750 70912 32 1004
2 599.641126481 4  -1.78083  -1.30972 70944 32 1005
2 598.798684093 4  60.44778  60.64833 70976 32 1006
2 598.500377611 6  61.01694  61.73472 71008 48 1007
2 596.188317715 4  58.91611  59.28611 71056 32 1008
2 592.979193762 4  54.48500  55.28917 71088 32 1009
2 589.066022063 4  41.20111  41.22111 71120 32 1010
2 588.801170756 4 -54.52861 -54.49639 71152 32 1011
2 588.27420967 4  62.80778  63.19556 71184 32 1012
2 585.982145971 4  58.53556  58.73528 71216 32 1013
2 583.161080159 4  56.45944  56.66528 71248 32 1014
2 581.736030775 5  29.39889  29.81250 71280 40 1015
2 578.796997498 4  63.40056  63.69806 71320 32 1016
2 576.478564416 4  -2.57972  -2.10722 71352 32 1017
2 576.179281234 6  50.65222  51.25917 71384 48 1018
2 573.300713178 4  54.60361  54.88278 71432 32 1019
2 572.793728128 6  53.42667  54.05444 71464 48 1020
2 572.753939261 5  63.75972  63.99444 71512 40 1021
2 571.893136765 4   1.65972   1.91694 71552 32 1022
2 564.879309228 6  55.18917  55.90778 71584 48 1023
2 559.587097852 4  72.26194  72.34694 71632 32 1024
2 557.631699533 4  46.72556  47.01028 71664 32 1025
2 556.174896308 4  -2.93083  -2.64944 71696 32 1026
2 552.041606539 4  63.76250  64.14333 71728 32 1027
2 549.321253291 4  68.78722  68.83417 71760 32 1028
2 547.58837834 4  62.62528  63.19194 71792 32 1029
2 547.401034982 5  59.28278  59.59806 71824 40 1030
2 547.074554982 5  40.76694  41.05500 71864 40 1031
2 542.039700713 4  16.60694  16.86694 71904 32 1032
2 539.95915726 5  53.19333  53.70306 71936 40 1033
2 538.757478748 5  66.21194  66.62500 71976 40 1034
2 538.145319559 4  46.22389  46.42167 72016 32 1035
2 533.245188318 5  52.47111  52.90861 72048 40 1036
2 530.632146154 4  81.67167  81.94917 72088 32 1037
2 524.173366322 4  63.70278  64.07306 72120 32 1038
2 520.655989607 4  52.07972  52.86583 72152 32 1039
2 520.230702885 4  31.43500  31.50694 72184 32 1040
2 519.41616609 4  51.11083  51.44556 72216 32 1041
2 516.737209473 4  51.02028  51.27889 72248 32 1042
2 516.675550349 5  55.65528  56.12556 72280 40 1043
2 509.245378693 4  63.61750  63.89500 72320 32 1044
2 507.709259822 4  62.78306  63.31278 72352 32 1045
2 507.190755392 4  59.31667  59.32500 72384 32 1046
2 507.030562179 4  54.99861  55.47583 72416 32 1047
2 506.623023828 4  67.00639  67.79556 72448 32 1048
2 505.88084899 4  68.22778  68.64667 72480 32 1049
2 504.402239203 4  56.22833  56.49056 72512 32 1050
2 503.777441634 4  54.42667  54.70306 72544 32 1051
2 503.739851081 4  43.79972  44.20111 72576 32 1052
2 502.4363868 4  -8.71278  -8.50472 72608 32 1053
2 501.32558572 4  63.87194  64.12639 72640 32 1054
2 499.42594414 4  62.51333  62.97444 72672 32 1055
2 498.272457973 4  54.94056  55.21861 72704 32 1056
2 497.603247105 4  18.09278  18.35083 72736 32 1057
2 497.181018148 4  23.96361  24.20611 72768 32 1058
2 496.459873219 4  68.54778  68.74639 72800 32 1059
2 496.141070567 4  52.51556  53.00694 72832 32 1060
2 495.530940785 5  49.71167  50.33111 72864 40 1061
2 493.993668952 4  46.11667  46.35583 72904 32 1062
2 493.699856454 4  38.93694  39.22611 72936 32 1063
2 492.893364617 4  61.23556  61.64556 72968 32 1064
2 489.309420858 4  55.82250  56.10000 73000 32 1065
2 485.86896556 4  35.92917  36.97139 73032 32 1066
2 483.367790917 4  66.65889  66.81444 73064 32 1067
2 476.377056924 4  67.79278  68.47806 73096 32 1068
2 474.936675537 4  49.16667  50.15250 73128 32 1069
2 474.50182714 4  37.84306  38.25556 73160 32 1070
2 472.543224824 4  31.08194  31.17889 73192 32 1071
2 471.304235623 4  26.56000  27.05472 73224 32 1072
2 466.0693882 4  48.66056  48.81111 73256 32 1073
2 463.403359252 5  62.95194  63.24778 73288 40 1074
2 462.434348846 4 -17.95444 -17.61306 73328 32 1075
2 462.095660264 4  52.51278  52.93778 73360 32 1076
2 461.438739355 4  59.72472  59.89333 73392 32 1077
2 460.885088851 5  61.56389  61.85222 73424 40 1078
2 458.831874525 4  63.73750  64.64639 73464 32 1079
2 458.734727902 5  50.12250  50.57694 73496 40 1080
2 458.672832066 4  47.72583  48.09028 73536 32 1081
2 453.960034206 4  54.20472  54.25167 73568 32 1082
2 452.771357653 4  47.49306  47.81583 73600 32 1083
2 452.194355749 4  50.60194  50.94917 73632 32 1084
2 451.163473197 4  54.76389  55.01833 73664 32 1085
2 449.392897994 4  54.77111  54.93833 73696 32 1086
2 449.014919697 4  55.40278  55.54667 73728 32 1087
2 448.910121096 5  30.05611  30.37278 73760 40 1088
2 448.494294864 4  61.34194  61.88000 73800 32 1089
2 447.9898791 4  61.84222  62.31389 73832 32 1090
2 447.390144318 4  54.05056  54.46472 73864 32 1091
2 444.701162257 4 -49.02278 -48.77056 73896 32 1092
2 443.998719415 4  -3.76806  -3.40167 73928 32 1093
2 443.372648599 4  53.02806  53.08917 73960 32 1094
2 439.949614179 4  56.01861  56.41333 73992 32 1095
2 437.856982533 4  70.46833  70.72583 74024 32 1096
2 437.48884865 4 -40.30944 -40.15417 74056 32 1097
2 436.508729243 4  22.50278  23.03778 74088 32 1098
2 436.3236281 4  60.27861  60.41278 74120 32 1099
2 436.309302393 4  49.49167  50.32750 74152 32 1100
2 435.907522126 4  54.41889  54.69444 74184 32 1101
2 435.781502137 5  15.22083  15.66667 74216 40 1102
2 435.592891374 5  64.11333  64.36750 74256 40 1103
2 435.560713681 4  39.86722  40.18333 74296 32 1104
2 433.931454368 4  66.14333  66.29611 74328 32 1105
2 433.79627923 4  60.38417  60.72500 74360 32 1106
2 433.26850782 4  59.46278  59.85861 74392 32 1107
2 430.106227597 4  40.25778  40.41278 74424 32 1108
2 420.089411576 6 -27.19444 -26.90722 74456 48 1109
2 419.614842888 4  -7.17417  -6.81722 74504 32 1110
2 419.366365325 4  57.98139  58.42222 74536 32 1111
2 416.553424491 4  67.06250  67.32667 74568 32 1112
2 416.548788536 4 -45.57778 -45.23444 74600 32 1113
2 415.5826731 4   7.84222   8.08833 74632 32 1114
2 415.215467836 4  54.21333  54.23750 74664 32 1115
2 411.686546116 4  56.06778  56.27000 74696 32 1116
2 408.41065612 4  59.64056  59.77722 74728 32 1117
2 406.06856131 4  57.42028  57.78250 74760 32 1118
2 405.91829733 4  52.86722  52.98889 74792 32 1119
2 405.863991413 4  47.04778  47.29694 74824 32 1120
2 405.541661538 4  58.46528  58.72806 74856 32 1121
2 404.459170644 4  46.75944  47.17833 74888 32 1122
2 404.446511728 4  50.69444  51.23139 74920 32 1123
2 403.078679834 4  53.26222  53.35861 74952 32 1124
2 402.249264635 4  30.56500  30.74833 74984 32 1125
2 399.283218284 4  41.77000  42.10528 75016 32 1126
2 398.546056265 4  34.83972  34.90556 75048 32 1127
2 398.42417848 5  61.00250  61.62694 75080 40 1128
2 397.861146986 5  33.82250  34.08750 75120 40 1129
2 397.531050036 4  60.39778  61.08389 75160 32 1130
2 397.261892154 4  29.59111  30.37583 75192 32 1131
2 392.801414839 4  63.85361  64.07889 75224 32 1132
2 392.133637289 4  33.55528  33.75222 75256 32 1133
2 390.435623389 4  62.95056  63.37833 75288 32 1134
2 389.884387244 5  51.51444  51.87750 75320 40 1135
2 389.50905139 4  69.05083  69.43000 75360 32 1136
2 385.768892744 4  15.09444  15.30139 75392 32 1137
2 385.683524629 4  54.51806  54.70778 75424 32 1138
2 384.794651297 4  67.28361  67.57417 75456 32 1139
2 383.577647021 4   6.32111   6.52500 75488 32 1140
2 383.228014084 4  33.21250  33.44111 75520 32 1141
2 383.209335044 4  31.62694  31.84139 75552 32 1142
2 382.262477018 4 -45.33194 -44.79889 75584 32 1143
2 382.069271378 4  38.87306  39.10333 75616 32 1144
2 381.045365751 4  42.06194  42.31056 75648 32 1145
2 380.177459363 4  -1.12889  -0.78889 75680 32 1146
2 378.346315287 4 -46.64139 -46.25194 75712 32 1147
2 375.712397757 4  53.06750  53.21611 75744 32 1148
2 375.253700315 4  55.80556  56.15056 75776 32 1149
2 375.201454824 4  -2.06278  -1.78611 75808 32 1150
2 374.875701072 4  43.05667  43.95722 75840 32 1151
2 373.033006248 4  55.05361  55.69833 75872 32 1152
2 372.310815243 4  33.30444  33.52417 75904 32 1153
2 372.308936818 4  59.60139  60.43694 75936 32 1154
2 371.483454468 4  28.90444  29.35139 75968 32 1155
2 370.806285894 4  49.66556  49.96861 76000 32 1156
2 370.721821653 4  56.89500  57.11389 76032 32 1157
2 370.273670772 4  53.97778  53.99000 76064 32 1158
2 369.222076007 4  56.37583  56.51083 76096 32 1159
2 363.792410666 4  59.96306  60.24111 76128 32 1160
2 360.969900144 4  64.35417  64.71944 76160 32 1161
2 360.73400449 4  40.90250  41.17000 76192 32 1162
2 360.361516783 4  52.74778  52.80833 76224 32 1163
2 359.647582625 4  54.46722  54.63167 76256 32 1164
2 358.788326091 4  62.68278  63.04444 76288 32 1165
2 358.659803194 4 -13.89028 -13.57944 76320 32 1166
2 358.618602803 4  51.99139  51.99972 76352 32 1167
2 358.0181449 4  -3.65333  -3.38750 76384 32 1168
2 355.295587462 4  61.17667  61.42111 76416 32 1169
2 352.458658695 4  63.05361  63.19333 76448 32 1170
2 352.283843469 4  53.13250  53.27139 76480 32 1171
2 352.275090599 4  52.59750  52.60056 76512 32 1172
2 352.022744103 4  64.82083  65.08444 76544 32 1173
2 351.715530802 4  48.03389  48.31250 76576 32 1174
2 350.904633629 4  23.72694  24.08389 76608 32 1175
2 350.324676465 4  37.03917  37.13250 76640 32 1176
2 348.702700666 4  61.22361  61.42139 76672 32 1177
2 344.34880921 4  60.09028  60.14889 76704 32 1178
2 344.316363743 4  51.50278  51.77833 76736 32 1179
2 343.863351073 4  35.20722  35.26194 76768 32 1180
2 342.466200714 4  55.33444  55.57111 76800 32 1181
2 342.194218492 4  52.13333  52.72944 76832 32 1182
2 342.173157118 4  60.84806  61.01250 76864 32 1183
2 340.823565504 4  45.47694  45.85000 76896 32 1184
2 339.902488104 4  46.81583  47.56833 76928 32 1185
2 338.881088692 4   5.70417   5.96361 76960 32 1186
2 338.771466371 4  62.16361  62.47056 76992 32 1187
2 337.477989062 5  55.80889  56.10028 77024 40 1188
2 336.382568379 4  34.47167  34.72778 77064 32 1189
2 336.374550192 4  70.81111  71.15556 77096 32 1190
2 334.770635917 4  67.36111  67.59056 77128 32 1191
2 333.603455031 4  10.16722  10.19611 77160 32 1192
2 332.099067082 4 -44.45611 -43.53306 77192 32 1193
2 332.001860974 4  46.73444  47.00972 77224 32 1194
2 330.923377221 4  43.43722  43.49889 77256 32 1195
2 329.220827983 4  51.90778  52.20750 77288 32 1196
2 328.939056205 4  38.43639  38.60583 77320 32 1197
2 328.844128915 4  60.03056  60.43278 77352 32 1198
2 327.266936035 4  55.04917  55.29000 77384 32 1199
2 326.704847869 4 -13.04750 -12.76194 77416 32 1200
2 326.305612541 4  33.98167  34.12167 77448 32 1201
2 324.924576825 4  44.29889  44.54417 77480 32 1202
2 323.004209312 5  55.72639  56.01694 77512 40 1203
2 322.356476964 4  65.75611  66.04833 77552 32 1204
2 321.991001544 4  60.72083  60.95361 77584 32 1205
2 321.668835915 4  45.68667  45.88028 77616 32 1206
2 321.047086436 4  58.88667  59.26806 77648 32 1207
2 319.972071363 4 -22.75889 -22.51861 77680 32 1208
2 316.565962091 5  51.68694  52.20139 77712 40 1209
2 316.370232128 4  24.66917  25.02306 77752 32 1210
2 315.224499244 4 -13.17250 -12.93139 77784 32 1211
2 314.584258362 4  67.71944  68.42083 77816 32 1212
2 311.729127003 4 -28.50556 -28.36611 77848 32 1213
2 310.890788054 5  54.37028  54.72972 77880 40 1214
2 310.218722767 4  61.45639  61.59972 77920 32 1215
2 309.659146318 4  63.99028  64.07750 77952 32 1216
2 308.452068921 4 -13.86111 -13.64000 77984 32 1217
2 307.95050892 4  61.08972  61.69111 78016 32 1218
2 306.476175673 4  63.94250  64.03389 78048 32 1219
2 306.451823485 4  49.71611  49.97361 78080 32 1220
2 301.888851613 4  53.47778  53.64639 78112 32 1221
2 300.906925445 4  67.52194  67.87778 78144 32 1222
2 300.734601657 4  66.74361  67.03194 78176 32 1223
2 300.469592351 4  29.23611  29.38778 78208 32 1224
2 300.050395068 4  62.16028  62.28778 78240 32 1225
2 299.3640668 4  62.31028  62.35333 78272 32 1226
2 297.890357811 4 -43.03111 -42.77028 78304 32 1227
2 297.755391919 4   0.03806   0.04111 78336 32 1228
2 297.658300049 4  48.82639  48.93417 78368 32 1229
2 297.249544952 5  33.64222  33.93444 78400 40 1230
2 297.060917 4  42.24222  42.62028 78440 32 1231
2 296.96872701 4  57.52028  57.97889 78472 32 1232
2 294.170227076 4  60.04083  60.29806 78504 32 1233
2 294.1140824 4  35.59472  35.63056 78536 32 1234
2 293.236894897 4  53.97083  54.15583 78568 32 1235
2 292.61034765 4  -6.32611  -6.23056 78600 32 1236
2 290.957372668 4  52.11056  52.36417 78632 32 1237
2 290.874183748 4  31.44028  31.65306 78664 32 1238
2 290.428193267 4  60.95361  61.06750 78696 32 1239
2 289.879398876 4  36.59583  37.05139 78728 32 1240
2 289.140865987 4 -11.04083 -10.79472 78760 32 1241
2 288.406057567 4  52.34889  52.59889 78792 32 1242
2 288.362081991 4  56.05056  56.20889 78824 32 1243
2 288.265568277 4  50.10000  50.74528 78856 32 1244
2 287.52215603 4  34.56806  34.84750 78888 32 1245
2 287.312314281 4  28.77556  29.02444 78920 32 1246
2 287.277908932 4  15.80000  15.91056 78952 32 1247
2 287.077641356 4  52.14139  52.30278 78984 32 1248
2 286.721243734 4  56.45833  56.63250 79016 32 1249
2 285.410722052 4  48.19167  48.34278 79048 32 1250
2 285.128850264 4 -20.60861 -20.25944 79080 32 1251
2 284.469779426 4  63.11556  63.37361 79112 32 1252
2 283.518822951 4  68.45333  68.68750 79144 32 1253
2 282.581900027 4  55.22944  55.36056 79176 32 1254
2 282.04020421 4  18.45806  18.53583 79208 32 1255
2 281.326331678 5  47.31639  47.62750 79240 40 1256
2 280.980327627 4  49.88667  49.96083 79280 32 1257
2 279.553024423 4  67.31639  67.56528 79312 32 1258
2 279.409112602 4  58.09500  58.38667 79344 32 1259
2 278.17645456 4 -38.32444 -38.06667 79376 32 1260
2 277.8735166 4  35.76028  35.82306 79408 32 1261
2 277.809457849 4  40.76167  41.00278 79440 32 1262
2 277.644807041 4  58.90194  59.47528 79472 32 1263
2 277.064384746 4  51.70083  51.97917 79504 32 1264
2 276.529225117 4  58.07306  58.18111 79536 32 1265
2 276.197876393 4  62.98806  63.21611 79568 32 1266
2 276.106260825 4  60.95917  61.35361 79600 32 1267
2 275.840017389 4  34.53833  34.61222 79632 32 1268
2 275.363812811 4  36.42750  36.77583 79664 32 1269
2 275.118374746 4  54.96778  55.20556 79696 32 1270
2 274.658354734 4  62.80528  63.05361 79728 32 1271
2 274.342659277 4  30.61417  30.85389 79760 32 1272
2 274.252282301 4  56.82306  57.18278 79792 32 1273
2 273.507820646 4  63.18167  63.51194 79824 32 1274
2 272.382923149 4  54.56222  54.73667 79856 32 1275
2 269.611075091 4  50.76806  51.41306 79888 32 1276
2 269.037043287 4  64.03750  64.29056 79920 32 1277
2 268.553127877 4  29.93333  30.14444 79952 32 1278
2 268.010839846 4  58.59917  58.89278 79984 32 1279
2 267.835002353 4  61.75806  61.93028 80016 32 1280
2 267.138837932 4 -14.75750 -14.50556 80048 32 1281
2 267.093065589 4  62.87444  63.36222 80080 32 1282
2 265.124623808 4  64.04361  64.40250 80112 32 1283
2 264.324012399 4  54.10444  54.37222 80144 32 1284
2 263.957339695 4  63.59556  63.91806 80176 32 1285
2 263.905273914 4  61.11778  61.40639 80208 32 1286
2 263.734176972 5 -44.70500 -44.30361 80240 40 1287
2 263.293984203 4  34.99917  35.04222 80280 32 1288
2 261.924481549 4  64.86667  65.19806 80312 32 1289
2 261.309078188 4  22.03833  22.72750 80344 32 1290
2 260.468036046 4  70.04194  70.09861 80376 32 1291
2 260.230196527 4  54.93639  54.93722 80408 32 1292
2 259.851446441 4  51.89972  52.24917 80440 32 1293
2 259.427340275 4  29.47750  29.64694 80472 32 1294
2 258.851502943 4  34.16111  34.44444 80504 32 1295
2 258.68058745 4  54.74139  54.83861 80536 32 1296
2 255.872839334 4  49.29917  49.74139 80568 32 1297
2 254.051908788 4  25.60667  25.94556 80600 32 1298
2 253.223327941 4  49.58417  49.69389 80632 32 1299
2 253.005556913 4  66.40028  67.13194 80664 32 1300
2 252.796013151 4  11.37694  11.80139 80696 32 1301
2 252.446730273 4  29.82417  30.07278 80728 32 1302
2 251.252945549 4  66.50222  66.63833 80760 32 1303
2 250.355033915 4  63.51889  63.78528 80792 32 1304
2 250.294612848 4  51.50167  51.74583 80824 32 1305
2 250.265351918 4  49.65694  49.75500 80856 32 1306
2 250.247382971 4  55.65972  55.76889 80888 32 1307
2 249.361453176 4  59.94361  59.96917 80920 32 1308
2 247.377743357 4  60.15667  60.50722 80952 32 1309
2 245.550875691 4  58.25778  58.47333 80984 32 1310
2 245.246117701 4 -47.27556 -47.23889 81016 32 1311
2 244.754870253 4  31.27944  31.50694 81048 32 1312
2 243.64056776 4  44.43056  44.49639 81080 32 1313
2 242.133713105 4  54.54139  54.59667 81112 32 1314
2 241.262811309 4  54.60639  54.65694 81144 32 1315
2 239.996292887 4  60.78028  61.14667 81176 32 1316
2 239.091830693 4  66.66167  66.93389 81208 32 1317
2 238.992705291 4  64.19417  64.42139 81240 32 1318
2 237.109789795 4  53.77083  53.83389 81272 32 1319
2 236.436599217 4  80.83500  81.26944 81304 32 1320
2 234.606550622 4  58.01667  58.24417 81336 32 1321
2 234.416586819 4  65.65194  65.90583 81368 32 1322
2 233.878965642 4  51.41667  51.75861 81400 32 1323
2 233.227999668 4  59.43500  59.54083 81432 32 1324
2 232.953356073 4  53.07611  53.46389 81464 32 1325
2 232.773750407 4  54.78750  54.92694 81496 32 1326
2 232.577372324 4  56.02611  56.56306 81528 32 1327
2 231.74234371 4  56.76167  57.03389 81560 32 1328
2 229.960033364 4  54.73389  54.91722 81592 32 1329
2 229.606036166 4  52.84333  53.06278 81624 32 1330
2 228.693082383 4  54.13417  54.29361 81656 32 1331
2 228.518740422 4  62.41694  62.75306 81688 32 1332
2 228.503663775 4  69.21250  69.35806 81720 32 1333
2 227.981728419 4  63.83750  64.19417 81752 32 1334
2 227.773420029 4  55.95833  56.36639 81784 32 1335
2 227.71693928 4  65.08222  65.43000 81816 32 1336
2 227.336590323 4  33.40194  33.56694 81848 32 1337
2 227.261727425 4  48.86722  48.91861 81880 32 1338
2 227.186169146 4  59.05861  59.34750 81912 32 1339
2 226.599456424 4  59.40861  59.67500 81944 32 1340
2 226.151778828 4  60.93194  61.36972 81976 32 1341
2 226.059094224 4 -44.18806 -43.73278 82008 32 1342
2 225.410349919 4  57.10806  57.33528 82040 32 1343
2 225.092142085 4 -32.89806 -32.52333 82072 32 1344
2 224.965515973 4  59.65389  59.88306 82104 32 1345
2 224.510924619 4  64.45528  64.55611 82136 32 1346
2 222.569464861 5  34.34722  34.60222 82168 40 1347
2 222.457670647 4  61.41139  61.78361 82208 32 1348
2 222.030362228 4  45.25556  45.67139 82240 32 1349
2 221.499127901 4  35.75806  35.76000 82272 32 1350
2 221.442639974 4  65.17167  65.19722 82304 32 1351
2 221.323157412 4  67.62833  67.68028 82336 32 1352
2 221.198841074 4  54.72639  54.80444 82368 32 1353
2 220.331359304 4  16.40306  16.86611 82400 32 1354
2 218.858036395 4  49.33056  49.72972 82432 32 1355
2 218.807138913 4  -0.28611  -0.23889 82464 32 1356
2 217.652720656 4  67.69778  68.06194 82496 32 1357
2 217.353606636 4 -41.16472 -41.09972 82528 32 1358
2 217.250786467 4  46.80528  47.15778 82560 32 1359
2 216.088782431 4  55.40750  55.60778 82592 32 1360
2 215.263224978 4  59.34889  59.70917 82624 32 1361
2 215.063676807 4  64.08472  64.32917 82656 32 1362
2 214.475978284 4  45.21111  45.31472 82688 32 1363
2 213.060651572 4   8.50917   8.59778 82720 32 1364
2 212.068201192 4  63.63417  63.64944 82752 32 1365
2 212.040700833 4  47.18972  47.46917 82784 32 1366
2 211.906232351 4  24.38889  24.64250 82816 32 1367
2 211.514220634 4  51.26056  51.43194 82848 32 1368
2 211.460597982 4  47.42083  47.81306 82880 32 1369
2 211.369020445 4  29.19972  29.50083 82912 32 1370
2 210.985218218 4  -3.38167  -3.19167 82944 32 1371
2 209.44362442 4  69.05583  69.07778 82976 32 1372
2 208.598577626 4  63.60611  63.72806 83008 32 1373
2 208.519509756 4  31.25472  31.59861 83040 32 1374
2 208.449612619 4  -0.94278  -0.78444 83072 32 1375
2 207.92027742 4 -20.54139 -20.37944 83104 32 1376
2 207.584810988 4  46.70222  47.12222 83136 32 1377
2 207.061030696 4  63.21083  63.41722 83168 32 1378
2 206.184779004 4  -2.33444  -2.25306 83200 32 1379
2 205.979363366 4  35.19833  35.20889 83232 32 1380
2 204.603302126 4  46.78667  46.99556 83264 32 1381
2 204.025030356 4  51.06861  51.55056 83296 32 1382
2 203.407250147 4  56.34167  56.55889 83328 32 1383
2 203.303406271 4 -17.64194 -17.31222 83360 32 1384
2 202.493935245 4  56.09194  56.33083 83392 32 1385
2 202.385099509 4  42.80778  43.05861 83424 32 1386
2 202.208156742 4  53.83833  54.20222 83456 32 1387
2 202.177026813 4  45.73528  46.17611 83488 32 1388
2 201.762440279 4 -27.44972 -27.24083 83520 32 1389
2 201.566214513 4  54.12194  54.15444 83552 32 1390
2 201.198521473 4  48.97083  49.11083 83584 32 1391
2 199.658140778 4  61.91778  62.41222 83616 32 1392
2 198.757070954 4  24.35750  24.62583 83648 32 1393
2 198.408538035 4  43.48417  43.72750 83680 32 1394
2 197.401632438 4  48.55028  48.81306 83712 32 1395
2 195.920919338 4  61.84972  62.11444 83744 32 1396
2 194.764711655 4  60.27667  60.51750 83776 32 1397
2 194.737745182 4  50.37750  50.55083 83808 32 1398
2 194.33821145 4  63.40444  63.72417 83840 32 1399
2 193.841987397 4  50.04333  50.39139 83872 32 1400
2 192.534757419 4  65.88167  65.97500 83904 32 1401
2 191.642806166 4 -43.74750 -43.40167 83936 32 1402
2 191.005580601 4  63.66417  63.88833 83968 32 1403
2 190.732282586 4  49.23000  49.29972 84000 32 1404
2 190.688644406 4  49.91139  50.25806 84032 32 1405
2 190.460940118 4  60.26139  60.50444 84064 32 1406
2 189.374342992 4  -3.06278  -3.00861 84096 32 1407
2 188.700868424 4  59.63361  59.78306 84128 32 1408
2 188.562747851 4  55.10111  55.15611 84160 32 1409
2 187.837725311 4  37.65722  37.85556 84192 32 1410
2 186.50777121 4  39.81278  39.85139 84224 32 1411
2 185.814274877 4  63.15000  63.29806 84256 32 1412
2 184.974485616 4  50.16250  50.43750 84288 32 1413
2 184.934952549 4  53.90111  54.14333 84320 32 1414
2 184.100442483 4  56.05528  56.62667 84352 32 1415
2 183.659263301 4 -36.24028 -35.96861 84384 32 1416
2 183.113535981 4  -0.79333  -0.51806 84416 32 1417
2 183.055688269 4  50.63861  50.92639 84448 32 1418
2 183.03853843 4  53.63667  53.90278 84480 32 1419
2 182.055119777 4  65.53528  65.56750 84512 32 1420
2 181.09195106 4  61.37111  61.69389 84544 32 1421
2 180.870809303 4  62.15750  62.24722 84576 32 1422
2 180.792706939 4  62.63472  62.74556 84608 32 1423
2 178.967361323 4  53.71389  54.00694 84640 32 1424
2 178.748967286 4  65.38556  65.62139 84672 32 1425
2 178.68818269 4  53.41528  53.76750 84704 32 1426
2 178.470540934 4   5.54611   5.90806 84736 32 1427
2 178.398185812 4  55.22917  55.36750 84768 32 1428
2 177.958759721 4  64.05667  64.25167 84800 32 1429
2 177.763023437 4  16.57472  16.75083 84832 32 1430
2 177.318840372 4  57.88528  58.11667 84864 32 1431
2 176.833051449 4  47.86417  48.33111 84896 32 1432
2 176.200787307 4  45.59556  45.76889 84928 32 1433
2 175.463168254 4  45.86472  46.08028 84960 32 1434
2 175.224496921 4  49.32083  49.76889 84992 32 1435
2 175.142076473 4  52.32222  52.60250 85024 32 1436
2 174.302016535 4  43.50667  43.73500 85056 32 1437
2 172.666551688 4  61.04500  61.22278 85088 32 1438
2 172.555469406 4  64.47611  64.93000 85120 32 1439
2 172.27848468 4  50.69389  51.26611 85152 32 1440
2 171.982551518 4  46.52389  46.89528 85184 32 1441
2 171.691348995 4  62.84917  62.86083 85216 32 1442
2 171.065392487 4  46.16111  46.24028 85248 32 1443
2 171.021023924 4   1.63417   1.69972 85280 32 1444
2 170.877315023 4  30.08444  30.11250 85312 32 1445
2 170.057635709 4  66.51167  66.72778 85344 32 1446
2 169.697898442 4  61.18944  61.61056 85376 32 1447
2 169.528083965 4  36.48361  36.60306 85408 32 1448
2 169.465955196 4  59.73639  60.00528 85440 32 1449
2 169.184978575 4  69.40833  69.69944 85472 32 1450
2 168.847993504 4  54.24806  54.31389 85504 32 1451
2 168.454765842 4  43.75389  43.97694 85536 32 1452
2 167.459532663 4  51.91694  52.23111 85568 32 1453
2 167.408338507 4  58.69806  58.80667 85600 32 1454
2 167.195912928 4  -2.52556  -2.42361 85632 32 1455
2 166.542868789 4  48.43167  48.73750 85664 32 1456
2 166.377748491 4  27.82000  28.13250 85696 32 1457
2 166.117909186 4  49.56750  50.04028 85728 32 1458
2 166.101262411 4  45.83083  46.16944 85760 32 1459
2 166.068794054 4  56.07111  56.35944 85792 32 1460
2 165.62091238 4 -30.62500 -30.59250 85824 32 1461
2 165.233439692 4  54.34389  54.37528 85856 32 1462
2 165.080271943 4  49.84444  49.95806 85888 32 1463
2 164.766098961 4  43.85222  44.21861 85920 32 1464
2 163.66842472 4  44.59861  44.88167 85952 32 1465
2 163.035230201 4  57.92694  58.26500 85984 32 1466
2 162.452623127 4  59.12056  59.17694 86016 32 1467
2 162.292003464 4  46.38694  46.66806 86048 32 1468
2 162.140470404 4  60.98806  60.99222 86080 32 1469
2 160.403030774 4  53.60250  53.79417 86112 32 1470
2 160.042755261 4 -11.80972 -11.52611 86144 32 1471
2 159.762641275 4  56.53583  56.75028 86176 32 1472
2 159.15119081 4  42.47167  42.92778 86208 32 1473
2 159.06714031 4  26.05778  26.28861 86240 32 1474
2 158.995172326 4  47.11250  47.38944 86272 32 1475
2 158.961235802 4  -2.97639  -2.78417 86304 32 1476
2 158.961107587 4  56.76194  57.00528 86336 32 1477
2 158.444627666 4  42.39056  42.86000 86368 32 1478
2 158.391853431 4  61.76056  62.00556 86400 32 1479
2 158.342242807 4  60.07556  60.57667 86432 32 1480
2 158.338868761 4  38.92667  39.12556 86464 32 1481
2 157.444179137 4  11.90389  11.96083 86496 32 1482
2 157.38421237 4  63.79556  64.17333 86528 32 1483
2 157.008153162 4  38.59972  38.83972 86560 32 1484
2 156.618516499 4  49.82222  49.88722 86592 32 1485
2 156.585925029 4  50.68472  50.81944 86624 32 1486
2 155.58557615 4  55.38167  55.53333 86656 32 1487
2 155.492933171 4  29.71889  29.94139 86688 32 1488
2 154.923703424 4  48.29500  48.49028 86720 32 1489
2 154.883808082 4  40.92361  41.30361 86752 32 1490
2 154.570059844 4  58.12667  58.53250 86784 32 1491
2 154.332194591 4  54.38833  54.43944 86816 32 1492
2 154.175809271 4  47.71167  47.93028 86848 32 1493
2 153.493576069 4  66.59417  66.76083 86880 32 1494
2 152.401722557 4  50.76778  50.79583 86912 32 1495
2 152.38146402 4  46.35361  46.64667 86944 32 1496
2 152.164439647 4  60.38028  60.61528 86976 32 1497
2 151.954571152 4  55.57889  55.72361 87008 32 1498
2 151.941499298 4  70.04944  70.08750 87040 32 1499
2 151.562577594 4  32.60278  32.70111 87072 32 1500
2 151.13477038 4  30.10083  30.35750 87104 32 1501
2 150.831408617 4  46.85972  47.26500 87136 32 1502
2 150.786846722 4  65.29361  65.59667 87168 32 1503
2 149.945088719 4  54.82806  55.14694 87200 32 1504
2 149.943334461 4 -43.97111 -43.89611 87232 32 1505
2 149.67628816 4  55.33528  55.36167 87264 32 1506
2 147.912334616 4  62.21472  62.50194 87296 32 1507
2 147.89819572 4  50.33528  50.55083 87328 32 1508
2 147.769834936 4  -7.13222  -7.09389 87360 32 1509
2 147.750693922 4  16.11556  16.32917 87392 32 1510
2 147.66122174 4 -54.15028 -53.96111 87424 32 1511
2 147.376979675 4  32.77306  33.00556 87456 32 1512
2 147.349798315 4  67.02056  67.24972 87488 32 1513
2 147.170816724 4  62.73167  62.94944 87520 32 1514
2 146.26942342 4  48.84528  48.85667 87552 32 1515
2 146.1872349 4  63.93472  64.12833 87584 32 1516
2 146.132605104 4  65.97306  66.20639 87616 32 1517
2 146.000273845 4  55.45556  55.69611 87648 32 1518
2 145.9151939 4  68.96500  69.33750 87680 32 1519
2 145.632372245 4  58.78528  58.85833 87712 32 1520
2 145.200862007 4  72.53861  72.67861 87744 32 1521
2 144.210903379 4  32.25472  32.53556 87776 32 1522
2 143.446564282 4  39.04083  39.26722 87808 32 1523
2 142.709727207 4  51.43861  51.77167 87840 32 1524
2 142.581726559 4  30.27667  30.31611 87872 32 1525
2 142.452722116 4  53.77833  53.77944 87904 32 1526
2 141.658971602 4  56.16889  56.31583 87936 32 1527
2 141.06244355 4  23.59944  23.63556 87968 32 1528
2 140.72683634 4  51.93583  52.00194 88000 32 1529
2 140.011847786 4  63.97222  64.23139 88032 32 1530
2 138.035288364 4  51.65194  51.85611 88064 32 1531
2 137.99125524 4  39.15972  39.42111 88096 32 1532
2 137.107187182 4  58.54250  58.69028 88128 32 1533
2 136.979423338 4  54.77111  54.85861 88160 32 1534
2 136.917002116 4   8.67389   8.73806 88192 32 1535
2 136.759865774 4  66.73083  66.89833 88224 32 1536
2 136.724131598 4  62.38722  62.80500 88256 32 1537
2 136.573803783 4  64.66056  64.89306 88288 32 1538
2 136.464877241 4  45.83667  46.17361 88320 32 1539
2 136.134947532 4  52.81667  53.06528 88352 32 1540
2 135.848454215 4  77.06500  77.10667 88384 32 1541
2 135.395178227 4  68.34778  68.63194 88416 32 1542
2 135.268791655 4  58.83250  58.83889 88448 32 1543
2 135.153606345 4  64.10083  64.34278 88480 32 1544
2 134.276332681 4  64.69917  64.92944 88512 32 1545
2 134.07424519 4  48.94611  49.07028 88544 32 1546
2 134.01281524 4  -1.97861  -1.72778 88576 32 1547
2 133.976238799 4  13.93194  14.17500 88608 32 1548
2 133.811887049 4  55.29306  55.30583 88640 32 1549
2 133.601631915 4  69.69306  69.85917 88672 32 1550
2 133.596842172 4  58.97306  59.04500 88704 32 1551
2 133.301735152 4  35.96028  36.19194 88736 32 1552
2 133.284748439 4  60.24861  60.79333 88768 32 1553
2 132.136940306 4  67.21806  67.51611 88800 32 1554
2 131.714457136 4  42.28556  42.51972 88832 32 1555
2 131.109717965 4  55.31806  55.50083 88864 32 1556
2 130.77632363 4  64.81972  65.08306 88896 32 1557
2 130.610057048 4 -39.84639 -39.62056 88928 32 1558
2 130.380737076 4 -43.41861 -43.19333 88960 32 1559
2 129.748174822 4  63.12333  63.17639 88992 32 1560
2 129.747634642 4  60.77861  61.07111 89024 32 1561
2 128.851894749 4  64.03472  64.25194 89056 32 1562
2 128.251041238 4  41.93139  42.16194 89088 32 1563
2 127.140297626 4  40.73333  40.89111 89120 32 1564
2 127.107679726 4  50.17111  50.27361 89152 32 1565
2 127.042583286 4  66.45000  66.74111 89184 32 1566
2 126.671611065 4  45.28194  45.38889 89216 32 1567
2 126.661633181 4  45.02500  45.08556 89248 32 1568
2 126.638599576 4 -30.23806 -29.97639 89280 32 1569
2 126.618223626 4  51.48556  51.62389 89312 32 1570
2 126.51938771 4  60.83694  61.06917 89344 32 1571
2 126.055670259 4  13.49500  13.72333 89376 32 1572
2 125.80479503 4  69.19417  69.26417 89408 32 1573
2 124.82661654 4 -44.61778 -44.36306 89440 32 1574
2 124.788551212 4  48.16694  48.30083 89472 32 1575
2 124.734887771 4  49.73472  50.06500 89504 32 1576
2 124.545397548 4  22.61750  22.98083 89536 32 1577
2 124.169577172 4  48.22583  48.67139 89568 32 1578
2 123.780126103 4 -37.48722 -37.20639 89600 32 1579
2 122.386956957 4  53.82500  54.07583 89632 32 1580
2 122.101476717 4  54.01861  54.28167 89664 32 1581
2 121.453530213 4  -2.95528  -2.71444 89696 32 1582
2 121.396031981 4  53.46944  53.49417 89728 32 1583
2 121.020338704 4  -2.61111  -2.58500 89760 32 1584
2 120.953320037 4  54.21056  54.54889 89792 32 1585
2 120.856972416 4 -21.52583 -21.26972 89824 32 1586
2 120.576295352 4  44.91361  45.25361 89856 32 1587
2 120.376495003 4  44.76417  44.98917 89888 32 1588
2 119.484876411 4  27.21056  27.42917 89920 32 1589
2 119.4257529 4  61.20833  61.45028 89952 32 1590
2 118.845767535 4  53.79611  54.05222 89984 32 1591
2 118.092094461 4  58.27528  58.51278 90016 32 1592
2 117.91206666 4  24.84639  25.04556 90048 32 1593
2 117.663079237 4  59.35056  59.66667 90080 32 1594
2 117.48765971 4  63.71611  63.89611 90112 32 1595
2 116.902832721 4  61.45139  61.62972 90144 32 1596
2 116.137724856 4  61.90556  62.24972 90176 32 1597
2 116.112040304 4  70.24556  70.48750 90208 32 1598
2 115.775539991 4  50.52028  50.57611 90240 32 1599
2 115.769223088 4  56.84806  57.08361 90272 32 1600
2 115.644225574 4  21.71361  21.93639 90304 32 1601
2 115.292036023 6  41.30306  41.42056 90336 48 1602
2 114.951427798 4  58.60472  58.81833 90384 32 1603
2 113.782358141 4  64.87972  65.20333 90416 32 1604
2 113.622825425 4  45.91722  46.24111 90448 32 1605
2 113.361519911 4  -3.73306  -3.56083 90480 32 1606
2 111.974924118 4  43.43972  43.82111 90512 32 1607
2 111.607432381 4  16.95639  16.99000 90544 32 1608
2 111.220672759 4  60.53306  60.79806 90576 32 1609
2 111.153675106 4 -29.60111 -29.37417 90608 32 1610
2 110.869327716 4  59.11111  59.36917 90640 32 1611
2 109.59788756 4  69.62778  69.87111 90672 32 1612
2 109.520383246 4  44.41889  44.60222 90704 32 1613
2 108.606794273 4  41.55194  41.81111 90736 32 1614
2 108.269555335 4  66.92167  67.13167 90768 32 1615
2 107.836627938 4  44.10611  44.27306 90800 32 1616
2 106.953309208 4  59.60028  59.74028 90832 32 1617
2 106.503650618 4  16.74861  16.91806 90864 32 1618
2 105.760156968 4  47.41722  47.68139 90896 32 1619
2 104.717822642 4  -5.94361  -5.86472 90928 32 1620
2 103.007328585 4  65.47139  65.65056 90960 32 1621
2 102.8560851 4  35.12250  35.27972 90992 32 1622
2 102.418957525 4  46.90167  47.05167 91024 32 1623
2 101.803266123 4  66.69306  66.98833 91056 32 1624
2 101.512954057 4  64.52250  64.76139 91088 32 1625
2 101.293366263 4  35.48306  35.71139 91120 32 1626
2 101.21887875 4  51.32139  51.32639 91152 32 1627
2 100.049114334 4  43.08694  43.31306 91184 32 1628
2 99.9268154629 4  59.27944  59.45389 91216 32 1629
2 99.1121561978 4  58.22917  58.56056 91248 32 1630
2 98.602256066 4  65.97667  66.12806 91280 32 1631
2 97.0591378784 4  59.63778  59.95111 91312 32 1632
2 96.9186286237 4  52.34861  52.60694 91344 32 1633
2 96.053122536 4  62.66972  62.98444 91376 32 1634
2 95.5767411701 4  68.36472  68.62667 91408 32 1635
2 94.578964909 4  61.34944  61.36167 91440 32 1636
2 94.5718267708 4  59.61583  59.68639 91472 32 1637
2 91.9005479205 4  66.29833  66.46500 91504 32 1638
2 91.7145666001 4  33.65083  33.77139 91536 32 1639
2 90.2404437593 4  -2.51417  -2.33139 91568 32 1640
2 90.0313408238 4  11.10528  11.34667 91600 32 1641
2 89.6834391936 4 -40.67139 -40.51000 91632 32 1642
2 89.6676927254 4 -39.80778 -39.74056 91664 32 1643
2 89.3978669437 4  52.49333  52.79889 91696 32 1644
2 89.258319744 4  35.34250  35.58083 91728 32 1645
2 88.902438588 4 -39.89972 -39.76944 91760 32 1646
2 87.9641918933 4  59.76028  59.97250 91792 32 1647
2 86.7611419085 4 -46.07167 -45.84750 91824 32 1648
2 85.6539170801 4  60.02000  60.07556 91856 32 1649
2 85.6490997629 4  67.69139  67.84167 91888 32 1650
2 85.2808838873 4  27.53333  27.58000 91920 32 1651
2 84.3642437591 4  62.09944  62.21194 91952 32 1652
2 83.5433265705 4  65.87139  66.13500 91984 32 1653
2 83.2972001764 4  81.72750  81.96583 92016 32 1654
2 82.8329136959 4  37.67528  37.76806 92048 32 1655
2 82.5303882689 4  65.57333  65.80583 92080 32 1656
2 82.3749204408 4  34.30194  34.51611 92112 32 1657
2 82.25286739 4  41.50444  41.58889 92144 32 1658
2 82.0490383683 4  59.40000  59.65639 92176 32 1659
2 81.496106474 4  -2.85556  -2.59750 92208 32 1660
2 80.6975253506 4  63.31722  63.54222 92240 32 1661
2 80.4923863463 4  57.95083  58.17417 92272 32 1662
2 79.8822036914 4  64.16306  64.38861 92304 32 1663
2 78.1854968379 4  59.01194  59.31611 92336 32 1664
2 77.8806038886 4  66.84417  66.86139 92368 32 1665
2 77.7808483006 4  63.97722  64.03000 92400 32 1666
2 76.7846983135 4  43.07861  43.36194 92432 32 1667
2 76.0463472336 4 -44.86861 -44.83528 92464 32 1668
2 75.9027718409 4  54.32250  54.37472 92496 32 1669
2 75.8378275865 4  46.13250  46.31417 92528 32 1670
2 75.4180076161 4  63.26167  63.28056 92560 32 1671
2 74.516021344 4  18.93556  19.04028 92592 32 1672
2 73.8472654703 4  67.86389  68.07528 92624 32 1673
2 73.6678457789 4  51.01778  51.22333 92656 32 1674
2 72.9685386259 4  46.54417  46.77083 92688 32 1675
2 72.8506353634 4  30.42639  30.50306 92720 32 1676
2 71.0706644565 4  56.04944  56.36833 92752 32 1677
2 68.8495559887 4  70.09056  70.21889 92784 32 1678
2 68.2499774073 4  54.52500  54.59222 92816 32 1679
2 67.7011309637 4  46.69028  46.75361 92848 32 1680
2 67.6434154614 4  70.59972  70.79722 92880 32 1681
2 67.1277624776 4  48.74639  49.01806 92912 32 1682
2 66.6376905878 4  65.07861  65.36056 92944 32 1683
2 66.6079599675 4  38.85889  39.02250 92976 32 1684
2 66.5044468364 4  67.02528  67.13000 93008 32 1685
2 66.1009400946 4  68.78639  68.82861 93040 32 1686
2 65.1952884922 4  59.52722  59.81750 93072 32 1687
2 64.6421668533 4  66.43167  66.62139 93104 32 1688
2 63.9105083523 4  42.41333  42.63778 93136 32 1689
2 63.5365597189 4  52.68389  52.72722 93168 32 1690
2 61.6770341221 4  45.59556  45.82389 93200 32 1691
2 61.2226851117 4  67.41000  67.52000 93232 32 1692
2 60.7871915972 4  59.22528  59.34250 93264 32 1693
2 60.354447558 4  61.40750  61.65083 93296 32 1694
2 57.0310054986 4  77.18528  77.46611 93328 32 1695
2 52.7353772677 4  59.86944  60.11806 93360 32 1696
2 52.0136732561 4  54.11694  54.39139 93392 32 1697
2 50.4722150028 4  40.49944  40.69556 93424 32 1698
2 47.5116796437 4  57.13861  57.37944 93456 32 1699
2 45.9804489159 4  61.87361  61.88250 93488 32 1700
2 42.934145268 4  61.39583  61.67750 93520 32 1701
2 41.3689948525 4  43.11028  43.39000 93552 32 1702
2 40.802217449 4  59.73111  59.97222 93584 32 1703
2 40.4097379451 4  58.60139  58.84389 93616 32 1704
2 26.3182279331 4  58.42694  58.65972 93648 32 1705
2 -28217.812324 70  -4.47972  -0.24056 93680 560 1706
2 -12739.4703415 48  59.23056  71.40139 94240 384 1707
2 -11872.030996 16  -3.06250   2.43000 94624 128 1708
2 -7896.63632279 35  56.28222  66.80694 94752 280 1709
2 -7469.42381733 14 -33.18917 -27.22972 95032 112 1710
2 -6107.33512681 29  10.00167  18.42778 95144 232 1711
2 -5754.44159756 28  46.82694  53.10500 95376 224 1712
2 -5614.77574168 24  62.36250  69.81194 95600 192 1713
2 -4915.89876389 17  28.77361  32.21500 95792 136 1714
2 -4907.91625724 16   6.19306   9.74583 95928 128 1715
2 -3991.67774906 9  44.48778  46.75611 96056 72 1716
2 -2439.21324616 15  64.42472  68.69333 96128 120 1717
2 -2170.86987377 6  24.00417  26.23333 96248 48 1718
2 -1908.3180331 14  61.55861  64.85472 96296 112 1719
2 -1670.89894543 12  65.38722  68.15466 96408 96 1720
2 -1643.0954566 8  -2.50583  -1.79778 96504 64 1721
2 -1593.10527378 4  -3.02750  -1.68333 96568 32 1722
2 -1533.85533793 12  23.92778  28.26667 96600 96 1723
2 -1410.20296749 7   5.42944   8.65917 96696 56 1724
2 -1245.59193775 10  55.48417  56.65889 96752 80 1725
2 -1165.94284083 4  56.59417  57.72361 96832 32 1726
2 -1134.35480646 8  15.14750  16.64333 96864 64 1727
2 -1032.49659298 10  62.00139  64.56278 96928 80 1728
2 -972.889370429 5  23.91667  25.06083 97008 40 1729
2 -966.463955523 10  67.49333  68.80972 97048 80 1730
2 -849.117987995 9  22.56667  23.48194 97128 72 1731
2 -847.843063375 12  32.00306  34.07444 97200 96 1732
2 -840.249162666 4  -3.81889  -2.67500 97296 32 1733
2 -717.434896946 6 -17.98861 -16.65222 97328 48 1734
2 -695.524061473 7  71.44583  72.78361 97376 56 1735
2 -680.283020668 5  71.03528  72.87083 97432 40 1736
2 -601.152101001 4  13.08944  14.24583 97472 32 1737
2 -583.706202727 6  69.01806  71.22056 97504 48 1738
2 -574.616876293 5  61.86417  62.95306 97552 40 1739
2 -429.568832081 4  16.57444  17.04611 97592 32 1740
2 -367.584135625 4   8.75333   9.37222 97624 32 1741
2 -349.01897222 4  11.60417  12.71639 97656 32 1742
2 -276.229610877 4  20.29222  21.29444 97688 32 1743
2 -258.795583114 4  46.34417  47.00972 97720 32 1744
2 -201.854830034 4  57.42333  57.50694 97752 32 1745
2 -157.958425999 4  16.07750  16.42917 97784 32 1746
2 -153.791080229 4  16.95833  17.05917 97816 32 1747
2 -139.187634632 4  47.10278  47.24528 97848 32 1748
2 -138.963653869 4  16.42250  16.96222 97880 32 1749
2 -136.10849029 4  32.34778  32.65583 97912 32 1750
2 -135.979034666 4  10.67639  11.07389 97944 32 1751
2 -114.199376661 4  14.49417  14.75667 97976 32 1752
2 -103.043511908 7  15.80833  16.26389 98008 56 1753
2 -96.3503073498 4  11.06639  11.42333 98064 32 1754
2 -81.9692771292 4  11.56056  11.75694 98096 32 1755
2 -74.2637963093 4  14.64528  15.02167 98128 32 1756
2 -60.0114260012 4  15.04833  15.35028 98160 32 1757
3 2822.04935814 5  45.52056  45.89972 98192 40 1758
3 2012.19941476 5  51.14917  51.63194 98232 40 1759
3 1756.34569796 4  10.55500  11.54472 98272 32 1760
3 982.773276013 5  61.77944  62.11861 98304 40 1761
3 567.980888406 4  47.85333  48.16194 98344 32 1762
3 484.989722587 4  -2.38444  -2.08778 98376 32 1763
3 388.205093249 4   2.00917   2.06806 98408 32 1764
3 351.991737633 4  -1.99778  -1.82861 98440 32 1765
3 280.557205876 4  48.70944  48.83861 98472 32 1766
3 280.182364929 4  -0.54000  -0.23028 98504 32 1767
3 268.764735707 4  61.91639  62.05167 98536 32 1768
3 260.314018974 4  61.74167  61.97389 98568 32 1769
3 257.931006907 4   8.58528   8.61222 98600 32 1770
3 220.467907754 4  62.73611  62.96750 98632 32 1771
3 216.663925914 4   0.07583   0.29333 98664 32 1772
3 208.560373652 4  45.57861  45.67778 98696 32 1773
3 203.725016945 4  -2.46333  -2.22972 98728 32 1774
3 174.61080045 4  52.29472  52.53694 98760 32 1775
3 166.417996201 4  61.83639  62.07444 98792 32 1776
3 166.41628486 4  13.99528  14.25972 98824 32 1777
3 138.671797841 4 -30.64833 -30.36972 98856 32 1778
3 129.463271213 4  66.91611  67.15944 98888 32 1779
3 99.4353364801 4  61.25611  61.27472 98920 32 1780
3 90.1728944483 4  44.81111  45.07306 98952 32 1781
5 13919140.5654 108 -90.00000 -64.97440 98984 864 4-E
5 13919140.5654 103 -90.00000 -63.21290 99848 824 4-W
5 2189.6020966 5 -64.38477 -63.89628 100672 40 195
5 2103.73748269 4 -64.70591 -64.23896 100712 32 199
5 1450.1730643 4 -63.43557 -63.17130 100744 32 256
5 786.103422319 4 -62.75803 -62.51197 100776 32 352
