-1 -1 247  51.55972  60.37139 0 1976 6
-1 -1 247  51.55972  60.37139 1976 1976 7
-1 -1 148  30.18694  40.37667 3952 1184 12
-1 -1 148  30.18694  40.37667 5136 1184 13
-1 -1 180 -14.86639  -8.53083 6320 1440 17
-1 -1 197   6.11861  11.85306 7760 1576 22
-1 -1 162 -24.05306 -19.78111 9336 1296 25
-1 -1 195  60.01056  68.90000 10632 1560 36
-1 -1 195  60.01056  68.90000 12192 1560 37
-1 -1 152  33.00111  36.50000 13752 1216 58
-1 -1 94   3.56111   6.19167 14968 752 59
-1 -1 97   3.69306   9.17278 15720 776 61
-1 -1 92 -14.81972 -11.06000 16496 736 62
-1 -1 143  48.99806  59.99944 17232 1144 63
-1 -1 143  48.99722  59.99944 18376 1144 64
-1 -1 85  -8.28361  -4.80833 19520 680 65
-1 -1 190 -34.37972 -25.57139 20200 1520 73
-1 -1 272  31.33333  49.00694 21720 2176 74
-1 -1 272  31.33333  49.00722 23896 2176 75
-1 -1 97 -18.48833 -14.70972 26072 776 76
-1 -1 114  20.38861  27.77139 26848 912 77
-1 -1 140  -9.84417  -7.33028 27760 1120 79
-1 -1 84  16.31972  20.79306 28880 672 81
-1 -1 64  33.55333  34.57972 29552 512 82
-1 -1 128 -25.29417 -19.29694 30064 1024 83
-1 -1 98  21.40167  27.66750 31088 784 84
-1 -1 51 -33.42389 -32.43306 31872 408 87
-1 -1 93 -34.00972 -27.31611 32280 744 92
-1 -1 98 -20.47028 -17.40361 33024 784 98
-1 -1 77 -11.75028  -5.35722 33808 616 99
-1 -1 81  -1.42278   1.76472 34424 648 101
-1 -1 70 -25.31750 -22.52306 35072 560 102
-1 -1 108 -36.00194 -31.84722 35632 864 104
-1 -1 86  44.37111  48.99944 36496 688 106
-1 -1 86  44.37139  48.99944 37184 688 107
-1 -1 58 -29.32333 -27.17169 37872 464 111
-1 -1 66  38.44194  40.64278 38336 528 115
-1 -1 68   4.29139   6.11861 38864 544 116
-1 -1 66  38.44194  40.64278 39408 528 117
-1 -1 80 -24.43611 -22.09306 39936 640 123
-1 -1 72 -11.06139  -8.65611 40576 576 127
-1 -1 67  37.29111  39.44944 41152 536 128
-1 -1 37  14.80806  16.07500 41688 296 129
-1 -1 29  13.81472  15.91778 41984 232 130
-1 -1 69 -17.97750 -14.57472 42216 552 133
-1 -1 52 -14.69556 -10.39389 42768 416 135
-1 -1 444  59.99750  59.99972 43184 3552 137
-1 -1 444  59.99750  59.99972 46736 3552 138
-1 -1 137  36.49889  36.54944 50288 1096 139
-1 -1 137  36.49889  36.54944 51384 1096 140
-1 -1 67  -8.55583  -2.97167 52480 536 141
-1 -1 218  36.99972  39.13333 53016 1744 143
-1 -1 218  36.99972  39.13333 54760 1744 144
-1 -1 63 -10.31639  -6.25778 56504 504 145
-1 -1 63  39.12028  43.00389 57008 504 146
-1 -1 63  39.12028  43.00389 57512 504 147
-1 -1 82  40.39111  43.07639 58016 656 148
-1 -1 83 -16.41250 -13.54556 58672 664 149
-1 -1 82  40.39111  43.07639 59336 656 151
-1 -1 68  -9.83667  -7.99972 59992 544 152
-1 -1 64  17.89278  21.41389 60536 512 153
-1 -1 64  21.05444  22.76472 61048 512 154
-1 -1 50  -8.98333  -5.36194 61560 400 155
-1 -1 57  -1.07917   1.68361 61960 456 157
-1 -1 20  14.25583  16.07528 62416 160 158
-1 -1 67 -17.32250 -13.00667 62576 536 159
-1 -1 65 -13.68472  -8.83194 63112 520 160
-1 -1 61   7.28556   8.07278 63632 488 161
-1 -1 53  -6.98417  -6.02389 64120 424 162
-1 -1 53  -1.15444   2.45667 64544 424 165
-1 -1 46  36.98278  38.69194 64968 368 166
-1 -1 46  36.98278  38.69194 65336 368 167
-1 -1 23   9.06556  10.19417 65704 184 168
-1 -1 27   5.50222   8.13361 65888 216 172
-1 -1 52  37.20694  39.45583 66104 416 174
-1 -1 59  -2.13917   0.25833 66520 472 175
-1 -1 69 -38.80722 -36.13583 66992 552 176
-1 -1 61  -2.51500   1.31972 67544 488 178
-1 -1 46  18.97611  20.40306 68032 368 179
-1 -1 60 -11.43389  -9.94500 68400 480 182
-1 -1 57 -26.70861 -25.98028 68880 456 186
-1 -1 58  22.46694  26.95333 69336 464 187
-1 -1 107 -41.05528 -35.99889 69800 856 188
-1 -1 52 -16.00500 -11.75667 70656 416 193
-1 -1 54   7.23944   9.42028 71072 432 199
-1 -1 40   2.67667   4.04694 71504 320 200
-1 -1 80  -9.91611  -7.05028 71824 640 204
-1 -1 50 -10.33083  -7.45028 72464 400 206
-1 -1 71  24.69667  26.83861 72864 568 207
-1 -1 53  -5.35333  -1.21083 73432 424 208
-1 -1 42  -0.16833   1.43333 73856 336 210
-1 -1 48   2.52250   5.71194 74192 384 211
-1 -1 50 -26.88417 -24.12028 74576 400 213
-1 -1 78  22.31806  25.11806 74976 624 214
-1 -1 112  37.00278  40.99972 75600 896 215
-1 -1 112  37.00278  40.99972 76496 896 216
-1 -1 46 -20.47556 -17.95056 77392 368 220
-1 -1 47  -7.39056  -3.02444 77760 376 224
-1 -1 41 -15.08778 -12.14861 78136 328 227
-1 -1 19  13.59500  15.00944 78464 152 228
-1 -1 60  45.00361  46.81250 78616 480 229
-1 -1 60  45.00361  46.81250 79096 480 230
-1 -1 29  12.63861  14.59889 79576 232 231
-1 -1 78  45.56667  46.28028 79808 624 232
-1 -1 78  45.56667  46.28028 80432 624 233
-1 -1 17   8.09028   9.02944 81056 136 238
-1 -1 39  -6.25972  -2.76722 81192 312 241
-1 -1 47  17.25694  18.20750 81504 376 242
-1 -1 88  33.64750  36.50056 81880 704 243
-1 -1 42  -7.77194  -4.58611 82584 336 244
-1 -1 59  -7.33028  -2.22361 82920 472 245
-1 -1 77  41.99944  49.00000 83392 616 248
-1 -1 77  41.99944  49.00000 84008 616 249
-1 -1 110  49.37667  56.84444 84624 880 252
-1 -1 110  49.37667  56.84444 85504 880 253
-1 -1 47  20.70000  23.06861 86384 376 259
-1 -1 38   1.54667   3.25667 86760 304 260
-1 -1 57   1.73833   4.89889 87064 456 261
-1 -1 62  30.39028  35.02361 87520 496 262
-1 -1 62  30.39028  35.02361 88016 496 263
-1 -1 46 -34.45333 -33.19361 88512 368 264
-1 -1 47   1.22472   2.14389 88880 376 265
-1 -1 55 -31.87750 -28.40139 89256 440 266
-1 -1 99  34.99556  41.99944 89696 792 269
-1 -1 99  34.99611  41.99944 90488 792 270
-1 -1 42 -28.05250 -26.22333 91280 336 271
-1 -1 52 -30.05944 -27.74000 91616 416 272
-1 -1 36   3.21250   4.97833 92032 288 275
-1 -1 19   9.46833  10.77000 92320 152 279
-1 -1 32   5.69278   7.06056 92472 256 280
-1 -1 15   9.73861  10.33250 92728 120 281
-1 -1 38  -9.38444  -8.85278 92848 304 283
-1 -1 47 -31.86861 -30.79000 93152 376 284
-1 -1 39  -8.71194  -7.37556 93528 312 285
-1 -1 17  13.80083  14.51889 93840 136 286
-1 -1 133  41.99972  41.99972 93976 1064 289
-1 -1 133  41.99972  41.99972 95040 1064 290
-1 -1 39   3.27056   5.96472 96104 312 292
-1 -1 38   8.14889  11.12528 96416 304 294
-1 -1 31 -26.77556 -25.77417 96720 248 295
-1 -1 37  19.67167  21.40056 96968 296 296
-1 -1 11   8.34694   9.08694 97264 88 300
-1 -1 34 -23.78611 -23.01083 97352 272 301
-1 -1 26  11.86611  12.79500 97624 208 303
-1 -1 86  51.41694  52.77500 97832 688 305
-1 -1 86  51.41694  52.77500 98520 688 306
-1 -1 33 -10.74556  -8.56306 99208 264 308
-1 -1 31  -7.44611  -5.16750 99472 248 311
-1 -1 37  -8.98472  -8.01139 99720 296 312
-1 -1 38 -26.24083 -23.99778 100016 304 313
-1 -1 37 -18.66444 -15.86611 100320 296 315
-1 -1 49  42.75111  45.01000 100616 392 318
-1 -1 49  42.75111  45.00972 101008 392 319
-1 -1 36  -0.56111   0.32028 101400 288 326
-1 -1 31   1.06750   3.72861 101688 248 329
-1 -1 42  29.70694  33.54972 101936 336 330
-1 -1 33  34.98611  36.61056 102272 264 331
-1 -1 33  34.98611  36.61056 102536 264 332
-1 -1 42  29.70694  33.54972 102800 336 333
-1 -1 32 -20.07861 -18.30444 103136 256 335
-1 -1 52  33.85861  35.17111 103392 416 338
-1 -1 15   9.08722   9.54167 103808 120 339
-1 -1 52  33.85861  35.17111 103928 416 340
-1 -1 32  30.36306  30.92056 104344 256 342
-1 -1 35 -13.01639 -11.26194 104600 280 343
-1 -1 35   2.31639   5.57139 104880 280 344
-1 -1 47  46.81639  51.18472 105160 376 345
-1 -1 37 -34.42917 -33.11750 105536 296 346
-1 -1 47  46.81639  51.18472 105832 376 347
-1 -1 101 -40.70694 -33.26917 106208 808 351
-1 -1 10  14.21861  14.93472 107016 80 352
-1 -1 21   9.06500  10.13889 107096 168 356
-1 -1 46  43.49944  47.92000 107264 368 357
-1 -1 46  43.49944  47.92000 107632 368 358
-1 -1 35 -21.53361 -19.10944 108000 280 359
-1 -1 38 -44.87278 -43.68111 108280 304 361
-1 -1 32  30.36306  30.92056 108584 256 362
-1 -1 65  40.68278  42.26556 108840 520 363
-1 -1 65  40.68278  42.26556 109360 520 364
-1 -1 74  35.34028  41.99972 109880 592 365
-1 -1 74  35.34028  41.99972 110472 592 366
-1 -1 31 -18.61806 -16.00444 111064 248 367
-1 -1 43 -22.09306 -20.94472 111312 344 368
-1 -1 24   9.85722  10.69583 111656 192 371
-1 -1 11   8.94083   9.47667 111848 88 372
-1 -1 31 -11.52083  -9.52917 111936 248 374
-1 -1 26   9.23083  10.46333 112184 208 377
-1 -1 28   8.97611  11.27000 112392 224 381
-1 -1 33  -1.55333  -0.94917 112616 264 382
-1 -1 18   9.39500   9.84972 112880 144 384
-1 -1 29  -2.57278  -1.30056 113024 232 386
-1 -1 23   6.03528   6.34111 113256 184 387
-1 -1 26   7.87861   9.95278 113440 208 388
-1 -1 30 -17.79833 -15.97333 113648 240 389
-1 -1 24   8.11917   9.42972 113888 192 390
-1 -1 87  33.00111  36.50000 114080 696 391
-1 -1 32  36.60250  38.41722 114776 256 392
-1 -1 32 -10.41361  -9.59833 115032 256 394
-1 -1 41  41.00444  45.00028 115288 328 396
-1 -1 41  41.00444  45.00028 115616 328 397
-1 -1 8  13.98750  14.41083 115944 64 400
-1 -1 20   8.22139  10.14056 116008 160 401
-1 -1 14   8.55417   8.91056 116168 112 402
-1 -1 45  17.22250  18.68111 116280 360 404
-1 -1 35  45.10417  46.58222 116640 280 405
-1 -1 35  45.10417  46.58222 116920 280 406
-1 -1 25   7.40806   8.61139 117200 200 407
-1 -1 32 -32.39250 -31.95472 117400 256 411
-1 -1 63  26.26306  31.33361 117656 504 412
-1 -1 25 -24.96333 -23.75833 118160 200 415
-1 -1 44 -19.84639 -17.98944 118360 352 417
-1 -1 29  -1.14000   0.72861 118712 232 418
-1 -1 16  10.94278  11.86556 118944 128 419
-1 -1 29  19.09361  19.67278 119072 232 420
-1 -1 19  18.26389  18.85972 119304 152 422
-1 -1 27 -15.61472 -14.73083 119456 216 424
-1 -1 24  32.71806  34.74139 119672 192 426
-1 -1 24  32.71806  34.74139 119864 192 427
-1 -1 31  32.05361  34.99917 120056 248 428
-1 -1 22  32.02889  33.65639 120304 176 430
-1 -1 22  32.02889  33.65639 120480 176 432
-1 -1 31  32.05361  34.99917 120656 248 433
-1 -1 27 -15.21917 -14.24417 120904 216 434
-1 -1 9  14.12444  14.74056 121120 72 435
-1 -1 17  15.43639  15.71528 121192 136 436
-1 -1 25   8.93028  10.13111 121328 200 437
-1 -1 10   7.97833   8.78389 121528 80 440
-1 -1 49  39.09944  41.75972 121608 392 441
-1 -1 49  39.09944  41.75972 122000 392 442
-1 -1 65  35.98556  36.99972 122392 520 444
-1 -1 26  42.72611  45.02056 122912 208 445
-1 -1 26  42.72611  45.02056 123120 208 446
-1 -1 18  37.80500  39.35694 123328 144 447
-1 -1 18  37.80500  39.35694 123472 144 448
-1 -1 16  19.58694  20.26833 123616 128 449
-1 -1 11  10.31278  11.06444 123744 88 450
-1 -1 8  13.97000  14.78917 123832 64 451
-1 -1 21 -14.14000 -12.98056 123896 168 452
-1 -1 25  10.00472  10.53500 124064 200 455
-1 -1 23  -4.76139  -3.06750 124264 184 457
-1 -1 32  21.15917  21.85722 124448 256 458
-1 -1 13  14.76417  15.38000 124704 104 459
-1 -1 14  15.88944  16.08556 124808 112 461
-1 -1 24  -2.80944  -2.32028 124920 192 462
-1 -1 25  -6.37583  -5.44250 125112 200 464
-1 -1 9   7.23111   8.13500 125312 72 465
-1 -1 26   3.99944   6.26583 125384 208 466
-1 -1 18  15.07639  15.77083 125592 144 467
-1 -1 17 -15.33472 -14.66972 125736 136 468
-1 -1 24 -38.29806 -37.57889 125872 192 471
-1 -1 9  14.04389  14.49028 126064 72 472
-1 -1 19  37.91944  38.90778 126136 152 475
-1 -1 25 -38.90750 -38.32139 126288 200 476
-1 -1 22   1.31306   2.61000 126488 176 477
-1 -1 8  13.95694  14.40417 126664 64 479
-1 -1 25   8.38083  10.07972 126728 200 481
-1 -1 19  37.91944  38.90778 126928 152 482
-1 -1 25 -34.62194 -33.14250 127080 200 486
-1 -1 9  14.53139  15.15611 127280 72 488
-1 -1 26   3.63917   5.29917 127352 208 489
-1 -1 76  45.94167  45.94194 127560 608 490
-1 -1 15   4.81444   5.72750 128168 120 491
-1 -1 76  45.94167  45.94194 128288 608 492
-1 -1 36 -26.38333 -25.16389 128896 288 495
-1 -1 20  38.90500  39.61167 129184 160 498
-1 -1 61  43.00000  43.50083 129344 488 499
-1 -1 61  42.99944  43.50083 129832 488 500
-1 -1 22   3.73750   4.82444 130320 176 501
-1 -1 24  34.35611  35.00000 130496 192 502
-1 -1 22   7.95556   9.36917 130688 176 503
-1 -1 24 -26.08722 -25.27167 130864 192 504
-1 -1 20  38.90500  39.60917 131056 160 505
-1 -1 22 -22.09917 -20.77889 131216 176 507
-1 -1 24  34.35611  35.00000 131392 192 508
-1 -1 21   6.98306   7.68056 131584 168 509
-1 -1 20   0.08611   0.89667 131752 160 510
-1 -1 72  39.72139  41.97750 131912 576 513
-1 -1 72  39.72139  41.97750 132488 576 514
-1 -1 20 -34.70417 -34.12111 133064 160 516
-1 -1 17  -7.18028  -5.98944 133224 136 517
-1 -1 30  33.64750  36.50056 133360 240 518
-1 -1 17   7.05139   7.70389 133600 136 519
-1 -1 26  44.75389  46.75333 133736 208 520
-1 -1 26  44.75389  46.75333 133944 208 521
-1 -1 15   7.01028   8.19444 134152 120 523
-1 -1 20   2.99694   3.83750 134272 160 524
-1 -1 20  39.45639  40.68472 134432 160 525
-1 -1 20  39.45639  40.68472 134592 160 526
-1 -1 11  16.41444  17.10556 134752 88 529
-1 -1 10  12.96750  13.82806 134840 80 530
-1 -1 18   8.53278   9.95556 134920 144 531
-1 -1 69  39.99972  40.00028 135064 552 534
-1 -1 69  39.99972  40.00028 135616 552 535
-1 -1 23 -19.45278 -18.61556 136168 184 536
-1 -1 34 -21.19444 -19.30222 136352 272 537
-1 -1 18 -23.35528 -22.40611 136624 144 540
-1 -1 21   1.67944   2.69222 136768 168 542
-1 -1 28   7.81667   8.44917 136936 224 544
-1 -1 21 -41.14500 -40.73139 137160 168 545
-1 -1 16 -19.71389 -18.56861 137328 128 548
-1 -1 35  30.27528  30.99972 137456 280 552
-1 -1 35  30.27528  30.99972 137736 280 553
-1 -1 23 -30.74944 -30.18250 138016 184 554
-1 -1 20 -33.45611 -32.92556 138200 160 555
-1 -1 9  17.10722  17.50194 138360 72 556
-1 -1 18 -17.55000 -15.91972 138432 144 557
-1 -1 10  12.45833  13.20667 138576 80 558
-1 -1 21 -36.13694 -35.12472 138656 168 561
-1 -1 17   6.26750   7.04556 138824 136 562
-1 -1 112  49.00000  59.99944 138960 896 564
-1 -1 19  18.66944  19.53944 139856 152 565
-1 -1 112  49.00000  59.99944 140008 896 566
-1 -1 17   7.68389   8.95417 140904 136 567
-1 -1 15  10.08111  10.23028 141040 120 568
-1 -1 22 -35.53833 -34.99472 141160 176 569
-1 -1 21 -33.11889 -32.71167 141336 168 570
-1 -1 8  14.48639  14.71250 141504 64 574
-1 -1 10  14.41917  15.16028 141568 80 575
-1 -1 19   4.08111   5.28639 141648 152 576
-1 -1 17  21.72556  22.45889 141800 136 579
-1 -1 20 -29.71556 -29.06389 141936 160 581
-1 -1 17   5.00222   6.52611 142096 136 582
-1 -1 25  39.35500  41.71306 142232 200 584
-1 -1 25  39.35500  41.71306 142432 200 585
-1 -1 24  43.07972  45.30250 142632 192 586
-1 -1 24  43.07972  45.30250 142824 192 587
-1 -1 17 -25.65306 -25.00944 143016 136 588
-1 -1 20 -37.39444 -37.21639 143152 160 589
-1 -1 27  47.29500  47.99722 143312 216 592
-1 -1 27  47.29528  47.99722 143528 216 593
-1 -1 57  43.00028  43.00083 143744 456 595
-1 -1 22  38.45278  39.81444 144200 176 596
-1 -1 57  43.00028  43.00083 144376 456 599
-1 -1 22  38.45278  39.81444 144832 176 600
-1 -1 19 -32.12083 -31.30333 145008 152 601
-1 -1 22 -42.61722 -41.69056 145160 176 603
-1 -1 19 -34.28778 -33.86472 145336 152 604
-1 -1 111  48.99944  59.99944 145488 888 607
-1 -1 111  48.99944  59.99944 146376 888 608
-1 -1 20  -1.73028  -0.86944 147264 160 609
-1 -1 8  13.16667  13.68389 147424 64 610
-1 -1 48  31.78306  32.99944 147488 384 613
-1 -1 9  14.92222  15.50472 147872 72 615
-1 -1 48  31.78306  32.99944 147944 384 617
-1 -1 18  -2.06389  -0.91639 148328 144 618
-1 -1 21  36.60250  37.53944 148472 168 620
-1 -1 13  14.04417  14.39056 148640 104 621
-1 -1 19 -34.99694 -34.68778 148744 152 622
-1 -1 14 -38.43056 -37.16028 148896 112 624
-1 -1 13   0.40639   1.20222 149008 104 626
-1 -1 13  18.37083  19.47694 149112 104 628
-1 -1 17  39.20389  39.72139 149216 136 629
-1 -1 16 -21.27417 -20.47222 149352 128 631
-1 -1 9  12.04972  12.37694 149480 72 632
-1 -1 21 -40.60306 -40.21000 149552 168 633
-1 -1 11  18.05667  18.24139 149720 88 634
-1 -1 8  13.41222  14.04778 149808 64 635
-1 -1 8  13.25222  13.86417 149872 64 636
-1 -1 16 -21.42556 -20.89611 149936 128 639
-1 -1 20 -23.47250 -22.68000 150064 160 642
-1 -1 30  42.49167  42.51083 150224 240 643
-1 -1 30  42.49167  42.51083 150464 240 644
-1 -1 17  39.20389  39.72139 150704 136 645
-1 -1 18 -32.49667 -32.49306 150840 144 646
-1 -1 18 -36.27722 -35.49306 150984 144 647
-1 -1 14 -26.19083 -25.56472 151128 112 648
-1 -1 26  41.32139  42.05500 151240 208 651
-1 -1 16 -32.44139 -31.67278 151448 128 652
-1 -1 26  41.32139  42.05500 151576 208 653
-1 -1 14 -23.82417 -23.33139 151784 112 655
-1 -1 10  11.76389  12.31333 151896 80 657
-1 -1 9  15.18000  15.86083 151976 72 659
-1 -1 9  13.16667  13.89583 152048 72 661
-1 -1 17 -39.56722 -39.38583 152120 136 663
-1 -1 3  13.51444  13.90833 152256 24 664
-1 -1 7  15.15667  15.26333 152280 56 665
-1 -1 24 -12.49917 -11.90389 152336 192 667
-1 -1 11 -12.27667 -11.32333 152528 88 670
-1 -1 18  18.96611  19.48028 152616 144 672
-1 -1 10  -1.19694  -0.66750 152760 80 677
-1 -1 7  14.73972  15.26250 152840 56 680
-1 -1 3  13.37389  13.73889 152896 24 681
-1 -1 14 -26.11611 -25.51306 152920 112 682
-1 -1 19  41.01056  42.75222 153032 152 683
-1 -1 19  41.01056  42.75222 153184 152 685
-1 -1 12   4.88750   5.88500 153336 96 686
-1 -1 12 -37.18722 -36.37167 153432 96 687
-1 -1 14 -13.77028 -13.20639 153528 112 689
-1 -1 8  13.46444  13.50389 153640 64 692
-1 -1 18  40.49500  41.35500 153704 144 695
-1 -1 18  40.49472  41.35500 153848 144 696
-1 -1 14   8.39139   8.96556 153992 112 697
-1 -1 29 -49.25333 -48.72056 154104 232 701
-1 -1 18 -39.32583 -38.80833 154336 144 703
-1 -1 10  -7.66000  -7.01139 154480 80 707
-1 -1 15 -15.91750 -14.65694 154560 120 708
-1 -1 8  12.77861  13.34056 154680 64 709
-1 -1 2  13.55056  13.90500 154744 16 710
-1 -1 11  -0.91556   0.07806 154760 88 712
-1 -1 8   9.61722  10.30917 154848 64 713
-1 -1 2  14.46833  14.77722 154912 16 714
-1 -1 7  13.26056  13.35083 154928 56 715
-1 -1 13  47.91722  48.99750 154984 104 716
-1 -1 15  -3.88000  -3.32750 155088 120 717
-1 -1 13  47.91722  48.99750 155208 104 718
-1 -1 14 -32.26444 -32.18889 155312 112 723
-1 -1 9   5.46389   5.77639 155424 72 727
-1 -1 2  13.66417  14.04139 155496 16 728
-1 -1 11  33.65889  34.35833 155512 88 730
-1 -1 10  -3.78861  -3.32028 155600 80 731
-1 -1 11  33.65889  34.35833 155680 88 732
-1 -1 3  17.46528  17.95111 155768 24 733
-1 -1 21  17.81972  18.65528 155792 168 734
-1 -1 7   7.51944   8.00000 155960 56 735
-1 -1 13 -36.47583 -36.11833 156016 104 736
-1 -1 10  10.42722  10.91806 156120 80 737
-1 -1 11   9.00778   9.35444 156200 88 738
-1 -1 2  17.92972  17.99583 156288 16 739
-1 -1 12  -5.38167  -4.32639 156304 96 740
-1 -1 2  14.51472  14.89028 156400 16 742
-1 -1 11  10.41528  10.62472 156416 88 743
-1 -1 8   6.76139   7.13028 156504 64 746
-1 -1 15   9.99000  10.66194 156568 120 747
-1 -1 2  14.54000  14.71500 156688 16 748
-1 -1 8  11.51889  12.15278 156704 64 749
-1 -1 36  17.81944  20.86389 156768 288 754
-1 -1 68 -41.99972 -41.99944 157056 544 757
-1 -1 38 -25.65722 -22.47028 157600 304 759
-1 -1 10 -34.79583 -33.90278 157904 80 760
-1 -1 3   4.98222   5.46611 157984 24 761
-1 -1 17  45.10222  45.44806 158008 136 762
-1 -1 17  45.10222  45.44806 158144 136 763
-1 -1 2  13.25806  13.66250 158280 16 764
-1 -1 9   1.91444   2.68417 158296 72 765
-1 -1 3   5.86556   6.22694 158368 24 766
-1 -1 7  15.20972  15.43806 158392 56 767
-1 -1 11 -33.46389 -33.38111 158448 88 768
-1 -1 11 -32.64972 -31.75139 158536 88 769
-1 -1 14  14.74167  15.99111 158624 112 770
-1 -1 2  14.92167  15.29528 158736 16 771
-1 -1 10  22.26778  22.41694 158752 80 772
-1 -1 2  13.66194  13.94306 158832 16 773
-1 -1 14  10.45556  10.98917 158848 112 775
-1 -1 10  -3.31889  -2.62556 158960 80 779
-1 -1 8  17.85083  18.46972 159040 64 780
-1 -1 10   9.95694  10.78389 159104 80 781
-1 -1 8 -25.98389 -25.43583 159184 64 782
-1 -1 30  33.01167  33.01222 159248 240 784
-1 -1 30  33.01167  33.01222 159488 240 785
-1 -1 13  16.04278  17.15000 159728 104 787
-1 -1 2  12.90361  13.06139 159832 16 789
-1 -1 2  13.70611  14.06694 159848 16 790
-1 -1 9 -32.92528 -32.62389 159864 72 792
-1 -1 9  30.91778  31.62722 159936 72 794
-1 -1 9   6.34056   7.01056 160008 72 796
-1 -1 10 -34.80583 -33.92611 160080 80 797
-1 -1 9  30.91778  31.62722 160160 72 799
-1 -1 7  14.77861  14.90694 160232 56 800
-1 -1 9  -2.31972  -1.57472 160288 72 803
-1 -1 9  -5.53056  -4.82778 160360 72 805
-1 -1 2  11.60972  11.72278 160432 16 808
-1 -1 11  43.91806  44.42028 160448 88 810
-1 -1 11  43.91806  44.42028 160536 88 811
-1 -1 10  41.51222  42.01083 160624 80 814
-1 -1 10  41.51222  42.01083 160704 80 815
-1 -1 28 -31.88389 -29.55722 160784 224 816
-1 -1 2  13.74389  13.75167 161008 16 821
-1 -1 2  13.67944  13.81833 161024 16 823
-1 -1 12  20.27194  21.14639 161040 96 825
-1 -1 30 -28.00056 -27.99972 161136 240 826
-1 -1 2  12.11806  12.54972 161376 16 827
-1 -1 15  41.69917  41.73833 161392 120 829
-1 -1 15  41.69917  41.73833 161512 120 830
-1 -1 2  14.41167  14.62917 161632 16 831
-1 -1 8 -33.02472 -32.49417 161648 64 832
-1 -1 16 -54.91861 -54.88722 161712 128 833
-1 -1 30  19.65194  21.49528 161840 240 834
-1 -1 8   5.93472   6.54472 162080 64 835
-1 -1 2  18.14861  18.40639 162144 16 836
-1 -1 28  26.66694  28.99389 162160 224 837
-1 -1 8  -4.17694  -3.57833 162384 64 838
-1 -1 2   8.62056   8.87611 162448 16 841
-1 -1 2  16.54167  16.70000 162464 16 842
-1 -1 24  34.99944  35.00000 162480 192 843
-1 -1 24  34.99944  35.00000 162672 192 844
-1 -1 8  10.08250  10.25167 162864 64 845
-1 -1 8  10.25944  10.80889 162928 64 846
-1 -1 8  43.07889  43.72389 162992 64 849
-1 -1 8  43.07889  43.72389 163056 64 850
-1 -1 2  14.81972  15.01611 163120 16 851
-1 -1 2  42.51306  43.00056 163136 16 852
-1 -1 2  42.51306  43.00056 163152 16 854
-1 -1 2  17.98250  18.13750 163168 16 857
-1 -1 23  35.00167  35.00250 163184 184 859
-1 -1 23  35.00167  35.00250 163368 184 860
-1 -1 2  14.43444  14.57750 163552 16 861
-1 -1 2  10.46111  10.52611 163568 16 864
-1 -1 8 -34.80806 -34.20722 163584 64 865
-1 -1 42 -46.00028 -45.99944 163648 336 866
-1 -1 2  12.00083  12.30639 163984 16 869
-1 -1 7 -17.28722 -16.97583 164000 56 870
-1 -1 12 -27.39583 -26.50000 164056 96 876
-1 -1 2  31.62889  32.05583 164152 16 878
-1 -1 8 -41.04806 -40.70861 164168 64 879
-1 -1 2  31.62889  32.05583 164232 16 880
-1 -1 7  -4.08472  -4.05361 164248 56 881
-1 -1 2   9.83417   9.89333 164304 16 882
-1 -1 2  14.53083  14.82583 164320 16 883
-1 -1 2  14.67417  14.87583 164336 16 884
-1 -1 2  18.19500  18.43583 164352 16 885
-1 -1 10 -55.18917 -54.91750 164368 80 886
-1 -1 2 -18.56528 -18.42278 164448 16 887
-1 -1 7  34.81056  35.34111 164464 56 888
-1 -1 7  34.81056  35.34111 164520 56 889
-1 -1 7   0.10250   0.55861 164576 56 891
-1 -1 2  13.77583  14.03250 164632 16 892
-1 -1 8  -3.08361  -2.52528 164648 64 894
-1 -1 3   5.35778   5.69139 164712 24 896
-1 -1 2  18.68694  18.97444 164736 16 897
-1 -1 2  17.87889  18.18556 164752 16 899
-1 -1 8 -22.88028 -22.24806 164768 64 900
-1 -1 10  37.95528  38.03917 164832 80 901
-1 -1 7 -26.51944 -26.11806 164912 56 902
-1 -1 10  37.95528  38.03917 164968 80 904
-1 -1 2 -15.44222 -15.09194 165048 16 905
-1 -1 9   5.78361   5.94028 165064 72 907
-1 -1 2  44.76917  45.18333 165136 16 908
-1 -1 2   9.12167   9.17333 165152 16 910
-1 -1 2  17.92167  18.26139 165168 16 914
-1 -1 2 -22.87861 -22.68139 165184 16 915
-1 -1 18   5.00028   5.00222 165200 144 916
-1 -1 8 -27.37222 -26.73750 165344 64 918
-1 -1 8   5.32722   5.92806 165408 64 921
-1 -1 2  18.07444  18.26583 165472 16 923
-1 -1 2 -34.89167 -34.73278 165488 16 924
-1 -1 2  14.81806  14.91056 165504 16 927
-1 -1 10 -28.14028 -27.34444 165520 80 931
-1 -1 2  18.29667  18.29861 165600 16 934
-1 -1 2  13.48917  13.63778 165616 16 939
-1 -1 19 -35.00222 -35.00139 165632 152 940
-1 -1 16  27.99944  28.00028 165784 128 941
-1 -1 2  42.38194  42.83528 165912 16 947
-1 -1 2  42.38222  42.83528 165928 16 948
-1 -1 7  44.42083  44.61250 165944 56 950
-1 -1 7  48.02194  48.02861 166000 56 951
-1 -1 7  44.42083  44.61250 166056 56 952
-1 -1 7  48.02194  48.02861 166112 56 953
-1 -1 2  32.25389  32.50806 166168 16 956
-1 -1 2  17.96083  18.23583 166184 16 957
-1 -1 2  -3.52028  -3.29611 166200 16 958
-1 -1 2  17.85833  18.22111 166216 16 963
-1 -1 2   9.56806   9.69944 166232 16 966
-1 -1 2 -12.98139 -12.68194 166248 16 967
-1 -1 2  10.01028  10.32250 166264 16 969
-1 -1 2   4.67583   4.71500 166280 16 973
-1 -1 2  19.08833  19.14167 166296 16 976
-1 -1 2   6.52833   6.81222 166312 16 981
-1 -1 2  44.75556  45.02306 166328 16 984
-1 -1 2  21.14583  21.15778 166344 16 985
-1 -1 2  44.75556  45.02306 166360 16 986
-1 -1 2  43.20806  43.51250 166376 16 988
-1 -1 2  43.20806  43.51250 166392 16 989
-1 -1 2  31.96500  32.25167 166408 16 994
-1 -1 2   9.18944   9.20889 166424 16 998
-1 -1 2  -7.12222  -7.03111 166440 16 999
-1 -1 2  38.79000  38.94306 166456 16 1001
-1 -1 2  38.79000  38.94333 166472 16 1003
-1 -1 2 -25.01722 -24.95306 166488 16 1004
-1 -1 2 -14.57333 -14.34611 166504 16 1005
-1 -1 2  10.58972  10.73250 166520 16 1006
-1 -1 2  45.82889  45.98917 166536 16 1009
-1 -1 2  45.82889  45.98917 166552 16 1010
-1 -1 2  -1.42000  -1.16389 166568 16 1011
-1 -1 2  44.61139  44.75222 166584 16 1012
-1 -1 2  44.61139  44.75222 166600 16 1013
-1 -1 2  11.85639  11.94917 166616 16 1014
-1 -1 2   9.13222   9.29194 166632 16 1023
-1 -1 2  51.19167  51.45889 166648 16 1024
-1 -1 2  51.19167  51.45889 166664 16 1025
-1 -1 2  60.30528  60.39750 166680 16 1026
-1 -1 2  60.30528  60.39750 166696 16 1027
-1 -1 2  47.15889  47.39000 166712 16 1028
-1 -1 2  47.15889  47.39000 166728 16 1029
-1 -1 2  44.08944  44.29833 166744 16 1033
-1 -1 2  13.99333  14.01417 166760 16 1034
-1 -1 2  44.08944  44.29833 166776 16 1035
-1 -1 2  36.50000  36.99944 166792 16 1037
-1 -1 7  36.49972  36.99972 166808 56 1039
-1 -1 2  -4.33611  -4.22111 166864 16 1040
-1 -1 2  36.50000  36.99944 166880 16 1041
-1 -1 2  43.78417  43.92028 166896 16 1042
-1 -1 2  43.78444  43.92028 166912 16 1044
-1 -1 2  41.76417  41.77028 166928 16 1045
-1 -1 2  46.16806  46.25361 166944 16 1046
-1 -1 2  46.16806  46.25361 166960 16 1048
-1 -1 2  41.76417  41.77028 166976 16 1049
-1 -1 2  -0.91472  -0.91083 166992 16 1050
-1 -1 2  45.77917  45.79889 167008 16 1053
-1 -1 2  47.25639  47.30444 167024 16 1054
-1 -1 2  47.25639  47.30444 167040 16 1055
-1 -1 2  45.77917  45.79889 167056 16 1056
-1 -1 2  46.92250  47.02972 167072 16 1060
-1 -1 2  46.92250  47.02972 167088 16 1061
-1 -1 2  47.86139  48.00417 167104 16 1062
-1 -1 2  11.04000  11.10139 167120 16 1063
-1 -1 2  47.86139  48.00417 167136 16 1064
-1 -1 2  42.49000  42.49056 167152 16 1066
-1 -1 2  42.49000  42.49056 167168 16 1067
-1 -1 2  34.73639  34.80806 167184 16 1069
-1 -1 2   0.10333   0.19361 167200 16 1070
-1 -1 2  19.89250  19.96278 167216 16 1071
-1 -1 2 -25.69472 -25.65028 167232 16 1072
-1 -1 2  34.73639  34.80806 167248 16 1073
-1 -1 2  19.90111  19.96222 167264 16 1076
-1 -1 2  47.29139  47.29222 167280 16 1080
-1 -1 2  47.29139  47.29222 167296 16 1081
-1 -1 2  41.76778  41.84222 167312 16 1083
-1 -1 2  41.74000  41.76806 167328 16 1084
-1 -1 2  41.74000  41.76778 167344 16 1085
-1 -1 2  41.76778  41.84222 167360 16 1086
-1 -1 2  43.72583  43.78167 167376 16 1088
-1 -1 2  43.72583  43.78139 167392 16 1089
-1 -1 2  36.50083  36.50139 167408 16 1094
-1 -1 2  -2.19556  -2.14333 167424 16 1096
-1 -1 2  36.50083  36.50139 167440 16 1097
-1 -1 2  24.69639  25.07389 167456 16 1098
-1 -1 2  48.99722  48.99806 167472 16 1099
-1 -1 2  34.57972  34.58111 167488 16 1100
-1 -1 170 -31.69000 -14.88051 167504 1360 1107
-1 -1 122 -26.00574 -26.00000 168864 976 1108
-1 -1 96 -26.00236 -16.54464 169840 768 1109
-1 -1 122 -38.06014 -26.00574 170608 976 1110
-1 -1 134 -29.18101 -28.16930 171584 1072 1111
-1 -1 5 -35.90000 -35.12671 172656 40 1112
-1 -1 108 -37.50533 -34.00000 172696 864 1113
-1 -1 326  60.00000  69.55694 173560 2608 1117
-1 -1 105  69.55694  72.44490 176168 840 1118
